,Source,Location ID,City,State,Country,Latitude,Longitude,Time Zone,Elevation,Local Time Zone,Clearsky DHI Units,Clearsky DNI Units,Clearsky GHI Units,Dew Point Units,DHI Units,DNI Units,GHI Units,Solar Zenith Angle Units,Temperature Units,Pressure Units,Relative Humidity Units,Precipitable Water Units,Wind Direction Units,Wind Speed Units,Cloud Type -15,Cloud Type 0,Cloud Type 1,Cloud Type 2,Cloud Type 3,Cloud Type 4,Cloud Type 5,Cloud Type 6,Cloud Type 7,Cloud Type 8,Cloud Type 9,Cloud Type 10,Cloud Type 11,Cloud Type 12,Fill Flag 0,Fill Flag 1,Fill Flag 2,Fill Flag 3,Fill Flag 4,Fill Flag 5,Surface Albedo Units,Version
0,NSRDB,458835,-,-,-,35.01,-106.02,-7.0,1893.0,-7.0,w/m2,w/m2,w/m2,c,w/m2,w/m2,w/m2,Degree,c,mbar,%,cm,Degrees,m/s,,Clear,Probably Clear,Fog,Water,Super-Cooled Water,Mixed,Opaque Ice,Cirrus,Overlapping,Overshooting,Unknown,Dust,Smoke,,Missing Image,Low Irradiance,Exceeds Clearsky,Missing CLoud Properties,Rayleigh Violation,,4.0.0
1,Year,Month,Day,Hour,Minute,GHI,DNI,,,,,,,,,,,,,,,,,,,,,,,,,,,,,,,,,,,,,,,
2,1999,1,1,0,30,0,0,,,,,,,,,,,,,,,,,,,,,,,,,,,,,,,,,,,,,,,
3,1999,1,1,1,30,0,0,,,,,,,,,,,,,,,,,,,,,,,,,,,,,,,,,,,,,,,
4,1999,1,1,2,30,0,0,,,,,,,,,,,,,,,,,,,,,,,,,,,,,,,,,,,,,,,
5,1999,1,1,3,30,0,0,,,,,,,,,,,,,,,,,,,,,,,,,,,,,,,,,,,,,,,
6,1999,1,1,4,30,0,0,,,,,,,,,,,,,,,,,,,,,,,,,,,,,,,,,,,,,,,
7,1999,1,1,5,30,0,0,,,,,,,,,,,,,,,,,,,,,,,,,,,,,,,,,,,,,,,
8,1999,1,1,6,30,0,0,,,,,,,,,,,,,,,,,,,,,,,,,,,,,,,,,,,,,,,
9,1999,1,1,7,30,11,0,,,,,,,,,,,,,,,,,,,,,,,,,,,,,,,,,,,,,,,
10,1999,1,1,8,30,178,466,,,,,,,,,,,,,,,,,,,,,,,,,,,,,,,,,,,,,,,
11,1999,1,1,9,30,159,13,,,,,,,,,,,,,,,,,,,,,,,,,,,,,,,,,,,,,,,
12,1999,1,1,10,30,321,138,,,,,,,,,,,,,,,,,,,,,,,,,,,,,,,,,,,,,,,
13,1999,1,1,11,30,234,23,,,,,,,,,,,,,,,,,,,,,,,,,,,,,,,,,,,,,,,
14,1999,1,1,12,30,467,500,,,,,,,,,,,,,,,,,,,,,,,,,,,,,,,,,,,,,,,
15,1999,1,1,13,30,515,912,,,,,,,,,,,,,,,,,,,,,,,,,,,,,,,,,,,,,,,
16,1999,1,1,14,30,397,834,,,,,,,,,,,,,,,,,,,,,,,,,,,,,,,,,,,,,,,
17,1999,1,1,15,30,21,0,,,,,,,,,,,,,,,,,,,,,,,,,,,,,,,,,,,,,,,
18,1999,1,1,16,30,65,379,,,,,,,,,,,,,,,,,,,,,,,,,,,,,,,,,,,,,,,
19,1999,1,1,17,30,0,0,,,,,,,,,,,,,,,,,,,,,,,,,,,,,,,,,,,,,,,
20,1999,1,1,18,30,0,0,,,,,,,,,,,,,,,,,,,,,,,,,,,,,,,,,,,,,,,
21,1999,1,1,19,30,0,0,,,,,,,,,,,,,,,,,,,,,,,,,,,,,,,,,,,,,,,
22,1999,1,1,20,30,0,0,,,,,,,,,,,,,,,,,,,,,,,,,,,,,,,,,,,,,,,
23,1999,1,1,21,30,0,0,,,,,,,,,,,,,,,,,,,,,,,,,,,,,,,,,,,,,,,
24,1999,1,1,22,30,0,0,,,,,,,,,,,,,,,,,,,,,,,,,,,,,,,,,,,,,,,
25,1999,1,1,23,30,0,0,,,,,,,,,,,,,,,,,,,,,,,,,,,,,,,,,,,,,,,
26,1999,1,2,0,30,0,0,,,,,,,,,,,,,,,,,,,,,,,,,,,,,,,,,,,,,,,
27,1999,1,2,1,30,0,0,,,,,,,,,,,,,,,,,,,,,,,,,,,,,,,,,,,,,,,
28,1999,1,2,2,30,0,0,,,,,,,,,,,,,,,,,,,,,,,,,,,,,,,,,,,,,,,
29,1999,1,2,3,30,0,0,,,,,,,,,,,,,,,,,,,,,,,,,,,,,,,,,,,,,,,
30,1999,1,2,4,30,0,0,,,,,,,,,,,,,,,,,,,,,,,,,,,,,,,,,,,,,,,
31,1999,1,2,5,30,0,0,,,,,,,,,,,,,,,,,,,,,,,,,,,,,,,,,,,,,,,
32,1999,1,2,6,30,0,0,,,,,,,,,,,,,,,,,,,,,,,,,,,,,,,,,,,,,,,
33,1999,1,2,7,30,14,0,,,,,,,,,,,,,,,,,,,,,,,,,,,,,,,,,,,,,,,
34,1999,1,2,8,30,154,151,,,,,,,,,,,,,,,,,,,,,,,,,,,,,,,,,,,,,,,
35,1999,1,2,9,30,375,915,,,,,,,,,,,,,,,,,,,,,,,,,,,,,,,,,,,,,,,
36,1999,1,2,10,30,504,977,,,,,,,,,,,,,,,,,,,,,,,,,,,,,,,,,,,,,,,
37,1999,1,2,11,30,575,1007,,,,,,,,,,,,,,,,,,,,,,,,,,,,,,,,,,,,,,,
38,1999,1,2,12,30,584,1010,,,,,,,,,,,,,,,,,,,,,,,,,,,,,,,,,,,,,,,
39,1999,1,2,13,30,529,992,,,,,,,,,,,,,,,,,,,,,,,,,,,,,,,,,,,,,,,
40,1999,1,2,14,30,418,955,,,,,,,,,,,,,,,,,,,,,,,,,,,,,,,,,,,,,,,
41,1999,1,2,15,30,256,852,,,,,,,,,,,,,,,,,,,,,,,,,,,,,,,,,,,,,,,
42,1999,1,2,16,30,76,585,,,,,,,,,,,,,,,,,,,,,,,,,,,,,,,,,,,,,,,
43,1999,1,2,17,30,0,0,,,,,,,,,,,,,,,,,,,,,,,,,,,,,,,,,,,,,,,
44,1999,1,2,18,30,0,0,,,,,,,,,,,,,,,,,,,,,,,,,,,,,,,,,,,,,,,
45,1999,1,2,19,30,0,0,,,,,,,,,,,,,,,,,,,,,,,,,,,,,,,,,,,,,,,
46,1999,1,2,20,30,0,0,,,,,,,,,,,,,,,,,,,,,,,,,,,,,,,,,,,,,,,
47,1999,1,2,21,30,0,0,,,,,,,,,,,,,,,,,,,,,,,,,,,,,,,,,,,,,,,
48,1999,1,2,22,30,0,0,,,,,,,,,,,,,,,,,,,,,,,,,,,,,,,,,,,,,,,
49,1999,1,2,23,30,0,0,,,,,,,,,,,,,,,,,,,,,,,,,,,,,,,,,,,,,,,
50,1999,1,3,0,30,0,0,,,,,,,,,,,,,,,,,,,,,,,,,,,,,,,,,,,,,,,
51,1999,1,3,1,30,0,0,,,,,,,,,,,,,,,,,,,,,,,,,,,,,,,,,,,,,,,
52,1999,1,3,2,30,0,0,,,,,,,,,,,,,,,,,,,,,,,,,,,,,,,,,,,,,,,
53,1999,1,3,3,30,0,0,,,,,,,,,,,,,,,,,,,,,,,,,,,,,,,,,,,,,,,
54,1999,1,3,4,30,0,0,,,,,,,,,,,,,,,,,,,,,,,,,,,,,,,,,,,,,,,
55,1999,1,3,5,30,0,0,,,,,,,,,,,,,,,,,,,,,,,,,,,,,,,,,,,,,,,
56,1999,1,3,6,30,0,0,,,,,,,,,,,,,,,,,,,,,,,,,,,,,,,,,,,,,,,
57,1999,1,3,7,30,33,343,,,,,,,,,,,,,,,,,,,,,,,,,,,,,,,,,,,,,,,
58,1999,1,3,8,30,209,772,,,,,,,,,,,,,,,,,,,,,,,,,,,,,,,,,,,,,,,
59,1999,1,3,9,30,382,915,,,,,,,,,,,,,,,,,,,,,,,,,,,,,,,,,,,,,,,
60,1999,1,3,10,30,513,980,,,,,,,,,,,,,,,,,,,,,,,,,,,,,,,,,,,,,,,
61,1999,1,3,11,30,587,1013,,,,,,,,,,,,,,,,,,,,,,,,,,,,,,,,,,,,,,,
62,1999,1,3,12,30,597,1016,,,,,,,,,,,,,,,,,,,,,,,,,,,,,,,,,,,,,,,
63,1999,1,3,13,30,541,998,,,,,,,,,,,,,,,,,,,,,,,,,,,,,,,,,,,,,,,
64,1999,1,3,14,30,425,954,,,,,,,,,,,,,,,,,,,,,,,,,,,,,,,,,,,,,,,
65,1999,1,3,15,30,266,865,,,,,,,,,,,,,,,,,,,,,,,,,,,,,,,,,,,,,,,
66,1999,1,3,16,30,81,602,,,,,,,,,,,,,,,,,,,,,,,,,,,,,,,,,,,,,,,
67,1999,1,3,17,30,0,0,,,,,,,,,,,,,,,,,,,,,,,,,,,,,,,,,,,,,,,
68,1999,1,3,18,30,0,0,,,,,,,,,,,,,,,,,,,,,,,,,,,,,,,,,,,,,,,
69,1999,1,3,19,30,0,0,,,,,,,,,,,,,,,,,,,,,,,,,,,,,,,,,,,,,,,
70,1999,1,3,20,30,0,0,,,,,,,,,,,,,,,,,,,,,,,,,,,,,,,,,,,,,,,
71,1999,1,3,21,30,0,0,,,,,,,,,,,,,,,,,,,,,,,,,,,,,,,,,,,,,,,
72,1999,1,3,22,30,0,0,,,,,,,,,,,,,,,,,,,,,,,,,,,,,,,,,,,,,,,
73,1999,1,3,23,30,0,0,,,,,,,,,,,,,,,,,,,,,,,,,,,,,,,,,,,,,,,
74,1999,1,4,0,30,0,0,,,,,,,,,,,,,,,,,,,,,,,,,,,,,,,,,,,,,,,
75,1999,1,4,1,30,0,0,,,,,,,,,,,,,,,,,,,,,,,,,,,,,,,,,,,,,,,
76,1999,1,4,2,30,0,0,,,,,,,,,,,,,,,,,,,,,,,,,,,,,,,,,,,,,,,
77,1999,1,4,3,30,0,0,,,,,,,,,,,,,,,,,,,,,,,,,,,,,,,,,,,,,,,
78,1999,1,4,4,30,0,0,,,,,,,,,,,,,,,,,,,,,,,,,,,,,,,,,,,,,,,
79,1999,1,4,5,30,0,0,,,,,,,,,,,,,,,,,,,,,,,,,,,,,,,,,,,,,,,
80,1999,1,4,6,30,0,0,,,,,,,,,,,,,,,,,,,,,,,,,,,,,,,,,,,,,,,
81,1999,1,4,7,30,35,452,,,,,,,,,,,,,,,,,,,,,,,,,,,,,,,,,,,,,,,
82,1999,1,4,8,30,211,828,,,,,,,,,,,,,,,,,,,,,,,,,,,,,,,,,,,,,,,
83,1999,1,4,9,30,385,955,,,,,,,,,,,,,,,,,,,,,,,,,,,,,,,,,,,,,,,
84,1999,1,4,10,30,516,1015,,,,,,,,,,,,,,,,,,,,,,,,,,,,,,,,,,,,,,,
85,1999,1,4,11,30,591,1039,,,,,,,,,,,,,,,,,,,,,,,,,,,,,,,,,,,,,,,
86,1999,1,4,12,30,594,1031,,,,,,,,,,,,,,,,,,,,,,,,,,,,,,,,,,,,,,,
87,1999,1,4,13,30,539,1013,,,,,,,,,,,,,,,,,,,,,,,,,,,,,,,,,,,,,,,
88,1999,1,4,14,30,425,967,,,,,,,,,,,,,,,,,,,,,,,,,,,,,,,,,,,,,,,
89,1999,1,4,15,30,263,868,,,,,,,,,,,,,,,,,,,,,,,,,,,,,,,,,,,,,,,
90,1999,1,4,16,30,80,600,,,,,,,,,,,,,,,,,,,,,,,,,,,,,,,,,,,,,,,
91,1999,1,4,17,30,0,0,,,,,,,,,,,,,,,,,,,,,,,,,,,,,,,,,,,,,,,
92,1999,1,4,18,30,0,0,,,,,,,,,,,,,,,,,,,,,,,,,,,,,,,,,,,,,,,
93,1999,1,4,19,30,0,0,,,,,,,,,,,,,,,,,,,,,,,,,,,,,,,,,,,,,,,
94,1999,1,4,20,30,0,0,,,,,,,,,,,,,,,,,,,,,,,,,,,,,,,,,,,,,,,
95,1999,1,4,21,30,0,0,,,,,,,,,,,,,,,,,,,,,,,,,,,,,,,,,,,,,,,
96,1999,1,4,22,30,0,0,,,,,,,,,,,,,,,,,,,,,,,,,,,,,,,,,,,,,,,
97,1999,1,4,23,30,0,0,,,,,,,,,,,,,,,,,,,,,,,,,,,,,,,,,,,,,,,
98,1999,1,5,0,30,0,0,,,,,,,,,,,,,,,,,,,,,,,,,,,,,,,,,,,,,,,
99,1999,1,5,1,30,0,0,,,,,,,,,,,,,,,,,,,,,,,,,,,,,,,,,,,,,,,
100,1999,1,5,2,30,0,0,,,,,,,,,,,,,,,,,,,,,,,,,,,,,,,,,,,,,,,
101,1999,1,5,3,30,0,0,,,,,,,,,,,,,,,,,,,,,,,,,,,,,,,,,,,,,,,
102,1999,1,5,4,30,0,0,,,,,,,,,,,,,,,,,,,,,,,,,,,,,,,,,,,,,,,
103,1999,1,5,5,30,0,0,,,,,,,,,,,,,,,,,,,,,,,,,,,,,,,,,,,,,,,
104,1999,1,5,6,30,0,0,,,,,,,,,,,,,,,,,,,,,,,,,,,,,,,,,,,,,,,
105,1999,1,5,7,30,33,395,,,,,,,,,,,,,,,,,,,,,,,,,,,,,,,,,,,,,,,
106,1999,1,5,8,30,206,785,,,,,,,,,,,,,,,,,,,,,,,,,,,,,,,,,,,,,,,
107,1999,1,5,9,30,377,920,,,,,,,,,,,,,,,,,,,,,,,,,,,,,,,,,,,,,,,
108,1999,1,5,10,30,510,990,,,,,,,,,,,,,,,,,,,,,,,,,,,,,,,,,,,,,,,
109,1999,1,5,11,30,584,1017,,,,,,,,,,,,,,,,,,,,,,,,,,,,,,,,,,,,,,,
110,1999,1,5,12,30,594,1021,,,,,,,,,,,,,,,,,,,,,,,,,,,,,,,,,,,,,,,
111,1999,1,5,13,30,540,1003,,,,,,,,,,,,,,,,,,,,,,,,,,,,,,,,,,,,,,,
112,1999,1,5,14,30,426,957,,,,,,,,,,,,,,,,,,,,,,,,,,,,,,,,,,,,,,,
113,1999,1,5,15,30,265,860,,,,,,,,,,,,,,,,,,,,,,,,,,,,,,,,,,,,,,,
114,1999,1,5,16,30,83,605,,,,,,,,,,,,,,,,,,,,,,,,,,,,,,,,,,,,,,,
115,1999,1,5,17,30,0,0,,,,,,,,,,,,,,,,,,,,,,,,,,,,,,,,,,,,,,,
116,1999,1,5,18,30,0,0,,,,,,,,,,,,,,,,,,,,,,,,,,,,,,,,,,,,,,,
117,1999,1,5,19,30,0,0,,,,,,,,,,,,,,,,,,,,,,,,,,,,,,,,,,,,,,,
118,1999,1,5,20,30,0,0,,,,,,,,,,,,,,,,,,,,,,,,,,,,,,,,,,,,,,,
119,1999,1,5,21,30,0,0,,,,,,,,,,,,,,,,,,,,,,,,,,,,,,,,,,,,,,,
120,1999,1,5,22,30,0,0,,,,,,,,,,,,,,,,,,,,,,,,,,,,,,,,,,,,,,,
121,1999,1,5,23,30,0,0,,,,,,,,,,,,,,,,,,,,,,,,,,,,,,,,,,,,,,,
122,1999,1,6,0,30,0,0,,,,,,,,,,,,,,,,,,,,,,,,,,,,,,,,,,,,,,,
123,1999,1,6,1,30,0,0,,,,,,,,,,,,,,,,,,,,,,,,,,,,,,,,,,,,,,,
124,1999,1,6,2,30,0,0,,,,,,,,,,,,,,,,,,,,,,,,,,,,,,,,,,,,,,,
125,1999,1,6,3,30,0,0,,,,,,,,,,,,,,,,,,,,,,,,,,,,,,,,,,,,,,,
126,1999,1,6,4,30,0,0,,,,,,,,,,,,,,,,,,,,,,,,,,,,,,,,,,,,,,,
127,1999,1,6,5,30,0,0,,,,,,,,,,,,,,,,,,,,,,,,,,,,,,,,,,,,,,,
128,1999,1,6,6,30,0,0,,,,,,,,,,,,,,,,,,,,,,,,,,,,,,,,,,,,,,,
129,1999,1,6,7,30,33,428,,,,,,,,,,,,,,,,,,,,,,,,,,,,,,,,,,,,,,,
130,1999,1,6,8,30,207,804,,,,,,,,,,,,,,,,,,,,,,,,,,,,,,,,,,,,,,,
131,1999,1,6,9,30,380,934,,,,,,,,,,,,,,,,,,,,,,,,,,,,,,,,,,,,,,,
132,1999,1,6,10,30,510,994,,,,,,,,,,,,,,,,,,,,,,,,,,,,,,,,,,,,,,,
133,1999,1,6,11,30,584,1021,,,,,,,,,,,,,,,,,,,,,,,,,,,,,,,,,,,,,,,
134,1999,1,6,12,30,595,1024,,,,,,,,,,,,,,,,,,,,,,,,,,,,,,,,,,,,,,,
135,1999,1,6,13,30,541,1007,,,,,,,,,,,,,,,,,,,,,,,,,,,,,,,,,,,,,,,
136,1999,1,6,14,30,428,962,,,,,,,,,,,,,,,,,,,,,,,,,,,,,,,,,,,,,,,
137,1999,1,6,15,30,268,863,,,,,,,,,,,,,,,,,,,,,,,,,,,,,,,,,,,,,,,
138,1999,1,6,16,30,85,612,,,,,,,,,,,,,,,,,,,,,,,,,,,,,,,,,,,,,,,
139,1999,1,6,17,30,0,0,,,,,,,,,,,,,,,,,,,,,,,,,,,,,,,,,,,,,,,
140,1999,1,6,18,30,0,0,,,,,,,,,,,,,,,,,,,,,,,,,,,,,,,,,,,,,,,
141,1999,1,6,19,30,0,0,,,,,,,,,,,,,,,,,,,,,,,,,,,,,,,,,,,,,,,
142,1999,1,6,20,30,0,0,,,,,,,,,,,,,,,,,,,,,,,,,,,,,,,,,,,,,,,
143,1999,1,6,21,30,0,0,,,,,,,,,,,,,,,,,,,,,,,,,,,,,,,,,,,,,,,
144,1999,1,6,22,30,0,0,,,,,,,,,,,,,,,,,,,,,,,,,,,,,,,,,,,,,,,
145,1999,1,6,23,30,0,0,,,,,,,,,,,,,,,,,,,,,,,,,,,,,,,,,,,,,,,
146,1999,1,7,0,30,0,0,,,,,,,,,,,,,,,,,,,,,,,,,,,,,,,,,,,,,,,
147,1999,1,7,1,30,0,0,,,,,,,,,,,,,,,,,,,,,,,,,,,,,,,,,,,,,,,
148,1999,1,7,2,30,0,0,,,,,,,,,,,,,,,,,,,,,,,,,,,,,,,,,,,,,,,
149,1999,1,7,3,30,0,0,,,,,,,,,,,,,,,,,,,,,,,,,,,,,,,,,,,,,,,
150,1999,1,7,4,30,0,0,,,,,,,,,,,,,,,,,,,,,,,,,,,,,,,,,,,,,,,
151,1999,1,7,5,30,0,0,,,,,,,,,,,,,,,,,,,,,,,,,,,,,,,,,,,,,,,
152,1999,1,7,6,30,0,0,,,,,,,,,,,,,,,,,,,,,,,,,,,,,,,,,,,,,,,
153,1999,1,7,7,30,14,0,,,,,,,,,,,,,,,,,,,,,,,,,,,,,,,,,,,,,,,
154,1999,1,7,8,30,209,804,,,,,,,,,,,,,,,,,,,,,,,,,,,,,,,,,,,,,,,
155,1999,1,7,9,30,382,933,,,,,,,,,,,,,,,,,,,,,,,,,,,,,,,,,,,,,,,
156,1999,1,7,10,30,396,273,,,,,,,,,,,,,,,,,,,,,,,,,,,,,,,,,,,,,,,
157,1999,1,7,11,30,474,478,,,,,,,,,,,,,,,,,,,,,,,,,,,,,,,,,,,,,,,
158,1999,1,7,12,30,597,1009,,,,,,,,,,,,,,,,,,,,,,,,,,,,,,,,,,,,,,,
159,1999,1,7,13,30,545,987,,,,,,,,,,,,,,,,,,,,,,,,,,,,,,,,,,,,,,,
160,1999,1,7,14,30,419,714,,,,,,,,,,,,,,,,,,,,,,,,,,,,,,,,,,,,,,,
161,1999,1,7,15,30,265,619,,,,,,,,,,,,,,,,,,,,,,,,,,,,,,,,,,,,,,,
162,1999,1,7,16,30,89,604,,,,,,,,,,,,,,,,,,,,,,,,,,,,,,,,,,,,,,,
163,1999,1,7,17,30,0,0,,,,,,,,,,,,,,,,,,,,,,,,,,,,,,,,,,,,,,,
164,1999,1,7,18,30,0,0,,,,,,,,,,,,,,,,,,,,,,,,,,,,,,,,,,,,,,,
165,1999,1,7,19,30,0,0,,,,,,,,,,,,,,,,,,,,,,,,,,,,,,,,,,,,,,,
166,1999,1,7,20,30,0,0,,,,,,,,,,,,,,,,,,,,,,,,,,,,,,,,,,,,,,,
167,1999,1,7,21,30,0,0,,,,,,,,,,,,,,,,,,,,,,,,,,,,,,,,,,,,,,,
168,1999,1,7,22,30,0,0,,,,,,,,,,,,,,,,,,,,,,,,,,,,,,,,,,,,,,,
169,1999,1,7,23,30,0,0,,,,,,,,,,,,,,,,,,,,,,,,,,,,,,,,,,,,,,,
170,1999,1,8,0,30,0,0,,,,,,,,,,,,,,,,,,,,,,,,,,,,,,,,,,,,,,,
171,1999,1,8,1,30,0,0,,,,,,,,,,,,,,,,,,,,,,,,,,,,,,,,,,,,,,,
172,1999,1,8,2,30,0,0,,,,,,,,,,,,,,,,,,,,,,,,,,,,,,,,,,,,,,,
173,1999,1,8,3,30,0,0,,,,,,,,,,,,,,,,,,,,,,,,,,,,,,,,,,,,,,,
174,1999,1,8,4,30,0,0,,,,,,,,,,,,,,,,,,,,,,,,,,,,,,,,,,,,,,,
175,1999,1,8,5,30,0,0,,,,,,,,,,,,,,,,,,,,,,,,,,,,,,,,,,,,,,,
176,1999,1,8,6,30,0,0,,,,,,,,,,,,,,,,,,,,,,,,,,,,,,,,,,,,,,,
177,1999,1,8,7,30,15,0,,,,,,,,,,,,,,,,,,,,,,,,,,,,,,,,,,,,,,,
178,1999,1,8,8,30,209,794,,,,,,,,,,,,,,,,,,,,,,,,,,,,,,,,,,,,,,,
179,1999,1,8,9,30,383,925,,,,,,,,,,,,,,,,,,,,,,,,,,,,,,,,,,,,,,,
180,1999,1,8,10,30,516,983,,,,,,,,,,,,,,,,,,,,,,,,,,,,,,,,,,,,,,,
181,1999,1,8,11,30,588,998,,,,,,,,,,,,,,,,,,,,,,,,,,,,,,,,,,,,,,,
182,1999,1,8,12,30,600,995,,,,,,,,,,,,,,,,,,,,,,,,,,,,,,,,,,,,,,,
183,1999,1,8,13,30,419,406,,,,,,,,,,,,,,,,,,,,,,,,,,,,,,,,,,,,,,,
184,1999,1,8,14,30,88,1,,,,,,,,,,,,,,,,,,,,,,,,,,,,,,,,,,,,,,,
185,1999,1,8,15,30,76,3,,,,,,,,,,,,,,,,,,,,,,,,,,,,,,,,,,,,,,,
186,1999,1,8,16,30,48,1,,,,,,,,,,,,,,,,,,,,,,,,,,,,,,,,,,,,,,,
187,1999,1,8,17,30,0,0,,,,,,,,,,,,,,,,,,,,,,,,,,,,,,,,,,,,,,,
188,1999,1,8,18,30,0,0,,,,,,,,,,,,,,,,,,,,,,,,,,,,,,,,,,,,,,,
189,1999,1,8,19,30,0,0,,,,,,,,,,,,,,,,,,,,,,,,,,,,,,,,,,,,,,,
190,1999,1,8,20,30,0,0,,,,,,,,,,,,,,,,,,,,,,,,,,,,,,,,,,,,,,,
191,1999,1,8,21,30,0,0,,,,,,,,,,,,,,,,,,,,,,,,,,,,,,,,,,,,,,,
192,1999,1,8,22,30,0,0,,,,,,,,,,,,,,,,,,,,,,,,,,,,,,,,,,,,,,,
193,1999,1,8,23,30,0,0,,,,,,,,,,,,,,,,,,,,,,,,,,,,,,,,,,,,,,,
194,1999,1,9,0,30,0,0,,,,,,,,,,,,,,,,,,,,,,,,,,,,,,,,,,,,,,,
195,1999,1,9,1,30,0,0,,,,,,,,,,,,,,,,,,,,,,,,,,,,,,,,,,,,,,,
196,1999,1,9,2,30,0,0,,,,,,,,,,,,,,,,,,,,,,,,,,,,,,,,,,,,,,,
197,1999,1,9,3,30,0,0,,,,,,,,,,,,,,,,,,,,,,,,,,,,,,,,,,,,,,,
198,1999,1,9,4,30,0,0,,,,,,,,,,,,,,,,,,,,,,,,,,,,,,,,,,,,,,,
199,1999,1,9,5,30,0,0,,,,,,,,,,,,,,,,,,,,,,,,,,,,,,,,,,,,,,,
200,1999,1,9,6,30,0,0,,,,,,,,,,,,,,,,,,,,,,,,,,,,,,,,,,,,,,,
201,1999,1,9,7,30,13,0,,,,,,,,,,,,,,,,,,,,,,,,,,,,,,,,,,,,,,,
202,1999,1,9,8,30,213,805,,,,,,,,,,,,,,,,,,,,,,,,,,,,,,,,,,,,,,,
203,1999,1,9,9,30,388,943,,,,,,,,,,,,,,,,,,,,,,,,,,,,,,,,,,,,,,,
204,1999,1,9,10,30,521,1003,,,,,,,,,,,,,,,,,,,,,,,,,,,,,,,,,,,,,,,
205,1999,1,9,11,30,592,1021,,,,,,,,,,,,,,,,,,,,,,,,,,,,,,,,,,,,,,,
206,1999,1,9,12,30,604,1026,,,,,,,,,,,,,,,,,,,,,,,,,,,,,,,,,,,,,,,
207,1999,1,9,13,30,551,1011,,,,,,,,,,,,,,,,,,,,,,,,,,,,,,,,,,,,,,,
208,1999,1,9,14,30,438,968,,,,,,,,,,,,,,,,,,,,,,,,,,,,,,,,,,,,,,,
209,1999,1,9,15,30,277,874,,,,,,,,,,,,,,,,,,,,,,,,,,,,,,,,,,,,,,,
210,1999,1,9,16,30,94,632,,,,,,,,,,,,,,,,,,,,,,,,,,,,,,,,,,,,,,,
211,1999,1,9,17,30,0,0,,,,,,,,,,,,,,,,,,,,,,,,,,,,,,,,,,,,,,,
212,1999,1,9,18,30,0,0,,,,,,,,,,,,,,,,,,,,,,,,,,,,,,,,,,,,,,,
213,1999,1,9,19,30,0,0,,,,,,,,,,,,,,,,,,,,,,,,,,,,,,,,,,,,,,,
214,1999,1,9,20,30,0,0,,,,,,,,,,,,,,,,,,,,,,,,,,,,,,,,,,,,,,,
215,1999,1,9,21,30,0,0,,,,,,,,,,,,,,,,,,,,,,,,,,,,,,,,,,,,,,,
216,1999,1,9,22,30,0,0,,,,,,,,,,,,,,,,,,,,,,,,,,,,,,,,,,,,,,,
217,1999,1,9,23,30,0,0,,,,,,,,,,,,,,,,,,,,,,,,,,,,,,,,,,,,,,,
218,1999,1,10,0,30,0,0,,,,,,,,,,,,,,,,,,,,,,,,,,,,,,,,,,,,,,,
219,1999,1,10,1,30,0,0,,,,,,,,,,,,,,,,,,,,,,,,,,,,,,,,,,,,,,,
220,1999,1,10,2,30,0,0,,,,,,,,,,,,,,,,,,,,,,,,,,,,,,,,,,,,,,,
221,1999,1,10,3,30,0,0,,,,,,,,,,,,,,,,,,,,,,,,,,,,,,,,,,,,,,,
222,1999,1,10,4,30,0,0,,,,,,,,,,,,,,,,,,,,,,,,,,,,,,,,,,,,,,,
223,1999,1,10,5,30,0,0,,,,,,,,,,,,,,,,,,,,,,,,,,,,,,,,,,,,,,,
224,1999,1,10,6,30,0,0,,,,,,,,,,,,,,,,,,,,,,,,,,,,,,,,,,,,,,,
225,1999,1,10,7,30,34,416,,,,,,,,,,,,,,,,,,,,,,,,,,,,,,,,,,,,,,,
226,1999,1,10,8,30,208,795,,,,,,,,,,,,,,,,,,,,,,,,,,,,,,,,,,,,,,,
227,1999,1,10,9,30,381,928,,,,,,,,,,,,,,,,,,,,,,,,,,,,,,,,,,,,,,,
228,1999,1,10,10,30,514,987,,,,,,,,,,,,,,,,,,,,,,,,,,,,,,,,,,,,,,,
229,1999,1,10,11,30,596,1018,,,,,,,,,,,,,,,,,,,,,,,,,,,,,,,,,,,,,,,
230,1999,1,10,12,30,607,1025,,,,,,,,,,,,,,,,,,,,,,,,,,,,,,,,,,,,,,,
231,1999,1,10,13,30,555,1008,,,,,,,,,,,,,,,,,,,,,,,,,,,,,,,,,,,,,,,
232,1999,1,10,14,30,443,961,,,,,,,,,,,,,,,,,,,,,,,,,,,,,,,,,,,,,,,
233,1999,1,10,15,30,285,879,,,,,,,,,,,,,,,,,,,,,,,,,,,,,,,,,,,,,,,
234,1999,1,10,16,30,98,643,,,,,,,,,,,,,,,,,,,,,,,,,,,,,,,,,,,,,,,
235,1999,1,10,17,30,0,0,,,,,,,,,,,,,,,,,,,,,,,,,,,,,,,,,,,,,,,
236,1999,1,10,18,30,0,0,,,,,,,,,,,,,,,,,,,,,,,,,,,,,,,,,,,,,,,
237,1999,1,10,19,30,0,0,,,,,,,,,,,,,,,,,,,,,,,,,,,,,,,,,,,,,,,
238,1999,1,10,20,30,0,0,,,,,,,,,,,,,,,,,,,,,,,,,,,,,,,,,,,,,,,
239,1999,1,10,21,30,0,0,,,,,,,,,,,,,,,,,,,,,,,,,,,,,,,,,,,,,,,
240,1999,1,10,22,30,0,0,,,,,,,,,,,,,,,,,,,,,,,,,,,,,,,,,,,,,,,
241,1999,1,10,23,30,0,0,,,,,,,,,,,,,,,,,,,,,,,,,,,,,,,,,,,,,,,
242,1999,1,11,0,30,0,0,,,,,,,,,,,,,,,,,,,,,,,,,,,,,,,,,,,,,,,
243,1999,1,11,1,30,0,0,,,,,,,,,,,,,,,,,,,,,,,,,,,,,,,,,,,,,,,
244,1999,1,11,2,30,0,0,,,,,,,,,,,,,,,,,,,,,,,,,,,,,,,,,,,,,,,
245,1999,1,11,3,30,0,0,,,,,,,,,,,,,,,,,,,,,,,,,,,,,,,,,,,,,,,
246,1999,1,11,4,30,0,0,,,,,,,,,,,,,,,,,,,,,,,,,,,,,,,,,,,,,,,
247,1999,1,11,5,30,0,0,,,,,,,,,,,,,,,,,,,,,,,,,,,,,,,,,,,,,,,
248,1999,1,11,6,30,0,0,,,,,,,,,,,,,,,,,,,,,,,,,,,,,,,,,,,,,,,
249,1999,1,11,7,30,15,0,,,,,,,,,,,,,,,,,,,,,,,,,,,,,,,,,,,,,,,
250,1999,1,11,8,30,214,815,,,,,,,,,,,,,,,,,,,,,,,,,,,,,,,,,,,,,,,
251,1999,1,11,9,30,305,398,,,,,,,,,,,,,,,,,,,,,,,,,,,,,,,,,,,,,,,
252,1999,1,11,10,30,427,558,,,,,,,,,,,,,,,,,,,,,,,,,,,,,,,,,,,,,,,
253,1999,1,11,11,30,470,456,,,,,,,,,,,,,,,,,,,,,,,,,,,,,,,,,,,,,,,
254,1999,1,11,12,30,399,206,,,,,,,,,,,,,,,,,,,,,,,,,,,,,,,,,,,,,,,
255,1999,1,11,13,30,408,355,,,,,,,,,,,,,,,,,,,,,,,,,,,,,,,,,,,,,,,
256,1999,1,11,14,30,426,712,,,,,,,,,,,,,,,,,,,,,,,,,,,,,,,,,,,,,,,
257,1999,1,11,15,30,285,875,,,,,,,,,,,,,,,,,,,,,,,,,,,,,,,,,,,,,,,
258,1999,1,11,16,30,98,640,,,,,,,,,,,,,,,,,,,,,,,,,,,,,,,,,,,,,,,
259,1999,1,11,17,30,0,0,,,,,,,,,,,,,,,,,,,,,,,,,,,,,,,,,,,,,,,
260,1999,1,11,18,30,0,0,,,,,,,,,,,,,,,,,,,,,,,,,,,,,,,,,,,,,,,
261,1999,1,11,19,30,0,0,,,,,,,,,,,,,,,,,,,,,,,,,,,,,,,,,,,,,,,
262,1999,1,11,20,30,0,0,,,,,,,,,,,,,,,,,,,,,,,,,,,,,,,,,,,,,,,
263,1999,1,11,21,30,0,0,,,,,,,,,,,,,,,,,,,,,,,,,,,,,,,,,,,,,,,
264,1999,1,11,22,30,0,0,,,,,,,,,,,,,,,,,,,,,,,,,,,,,,,,,,,,,,,
265,1999,1,11,23,30,0,0,,,,,,,,,,,,,,,,,,,,,,,,,,,,,,,,,,,,,,,
266,1999,1,12,0,30,0,0,,,,,,,,,,,,,,,,,,,,,,,,,,,,,,,,,,,,,,,
267,1999,1,12,1,30,0,0,,,,,,,,,,,,,,,,,,,,,,,,,,,,,,,,,,,,,,,
268,1999,1,12,2,30,0,0,,,,,,,,,,,,,,,,,,,,,,,,,,,,,,,,,,,,,,,
269,1999,1,12,3,30,0,0,,,,,,,,,,,,,,,,,,,,,,,,,,,,,,,,,,,,,,,
270,1999,1,12,4,30,0,0,,,,,,,,,,,,,,,,,,,,,,,,,,,,,,,,,,,,,,,
271,1999,1,12,5,30,0,0,,,,,,,,,,,,,,,,,,,,,,,,,,,,,,,,,,,,,,,
272,1999,1,12,6,30,0,0,,,,,,,,,,,,,,,,,,,,,,,,,,,,,,,,,,,,,,,
273,1999,1,12,7,30,16,0,,,,,,,,,,,,,,,,,,,,,,,,,,,,,,,,,,,,,,,
274,1999,1,12,8,30,210,772,,,,,,,,,,,,,,,,,,,,,,,,,,,,,,,,,,,,,,,
275,1999,1,12,9,30,386,911,,,,,,,,,,,,,,,,,,,,,,,,,,,,,,,,,,,,,,,
276,1999,1,12,10,30,524,986,,,,,,,,,,,,,,,,,,,,,,,,,,,,,,,,,,,,,,,
277,1999,1,12,11,30,598,1006,,,,,,,,,,,,,,,,,,,,,,,,,,,,,,,,,,,,,,,
278,1999,1,12,12,30,513,564,,,,,,,,,,,,,,,,,,,,,,,,,,,,,,,,,,,,,,,
279,1999,1,12,13,30,448,455,,,,,,,,,,,,,,,,,,,,,,,,,,,,,,,,,,,,,,,
280,1999,1,12,14,30,447,944,,,,,,,,,,,,,,,,,,,,,,,,,,,,,,,,,,,,,,,
281,1999,1,12,15,30,286,847,,,,,,,,,,,,,,,,,,,,,,,,,,,,,,,,,,,,,,,
282,1999,1,12,16,30,101,604,,,,,,,,,,,,,,,,,,,,,,,,,,,,,,,,,,,,,,,
283,1999,1,12,17,30,0,0,,,,,,,,,,,,,,,,,,,,,,,,,,,,,,,,,,,,,,,
284,1999,1,12,18,30,0,0,,,,,,,,,,,,,,,,,,,,,,,,,,,,,,,,,,,,,,,
285,1999,1,12,19,30,0,0,,,,,,,,,,,,,,,,,,,,,,,,,,,,,,,,,,,,,,,
286,1999,1,12,20,30,0,0,,,,,,,,,,,,,,,,,,,,,,,,,,,,,,,,,,,,,,,
287,1999,1,12,21,30,0,0,,,,,,,,,,,,,,,,,,,,,,,,,,,,,,,,,,,,,,,
288,1999,1,12,22,30,0,0,,,,,,,,,,,,,,,,,,,,,,,,,,,,,,,,,,,,,,,
289,1999,1,12,23,30,0,0,,,,,,,,,,,,,,,,,,,,,,,,,,,,,,,,,,,,,,,
290,1999,1,13,0,30,0,0,,,,,,,,,,,,,,,,,,,,,,,,,,,,,,,,,,,,,,,
291,1999,1,13,1,30,0,0,,,,,,,,,,,,,,,,,,,,,,,,,,,,,,,,,,,,,,,
292,1999,1,13,2,30,0,0,,,,,,,,,,,,,,,,,,,,,,,,,,,,,,,,,,,,,,,
293,1999,1,13,3,30,0,0,,,,,,,,,,,,,,,,,,,,,,,,,,,,,,,,,,,,,,,
294,1999,1,13,4,30,0,0,,,,,,,,,,,,,,,,,,,,,,,,,,,,,,,,,,,,,,,
295,1999,1,13,5,30,0,0,,,,,,,,,,,,,,,,,,,,,,,,,,,,,,,,,,,,,,,
296,1999,1,13,6,30,0,0,,,,,,,,,,,,,,,,,,,,,,,,,,,,,,,,,,,,,,,
297,1999,1,13,7,30,35,407,,,,,,,,,,,,,,,,,,,,,,,,,,,,,,,,,,,,,,,
298,1999,1,13,8,30,211,782,,,,,,,,,,,,,,,,,,,,,,,,,,,,,,,,,,,,,,,
299,1999,1,13,9,30,387,913,,,,,,,,,,,,,,,,,,,,,,,,,,,,,,,,,,,,,,,
300,1999,1,13,10,30,522,975,,,,,,,,,,,,,,,,,,,,,,,,,,,,,,,,,,,,,,,
301,1999,1,13,11,30,600,1003,,,,,,,,,,,,,,,,,,,,,,,,,,,,,,,,,,,,,,,
302,1999,1,13,12,30,614,1008,,,,,,,,,,,,,,,,,,,,,,,,,,,,,,,,,,,,,,,
303,1999,1,13,13,30,563,994,,,,,,,,,,,,,,,,,,,,,,,,,,,,,,,,,,,,,,,
304,1999,1,13,14,30,451,953,,,,,,,,,,,,,,,,,,,,,,,,,,,,,,,,,,,,,,,
305,1999,1,13,15,30,290,853,,,,,,,,,,,,,,,,,,,,,,,,,,,,,,,,,,,,,,,
306,1999,1,13,16,30,104,604,,,,,,,,,,,,,,,,,,,,,,,,,,,,,,,,,,,,,,,
307,1999,1,13,17,30,0,0,,,,,,,,,,,,,,,,,,,,,,,,,,,,,,,,,,,,,,,
308,1999,1,13,18,30,0,0,,,,,,,,,,,,,,,,,,,,,,,,,,,,,,,,,,,,,,,
309,1999,1,13,19,30,0,0,,,,,,,,,,,,,,,,,,,,,,,,,,,,,,,,,,,,,,,
310,1999,1,13,20,30,0,0,,,,,,,,,,,,,,,,,,,,,,,,,,,,,,,,,,,,,,,
311,1999,1,13,21,30,0,0,,,,,,,,,,,,,,,,,,,,,,,,,,,,,,,,,,,,,,,
312,1999,1,13,22,30,0,0,,,,,,,,,,,,,,,,,,,,,,,,,,,,,,,,,,,,,,,
313,1999,1,13,23,30,0,0,,,,,,,,,,,,,,,,,,,,,,,,,,,,,,,,,,,,,,,
314,1999,1,14,0,30,0,0,,,,,,,,,,,,,,,,,,,,,,,,,,,,,,,,,,,,,,,
315,1999,1,14,1,30,0,0,,,,,,,,,,,,,,,,,,,,,,,,,,,,,,,,,,,,,,,
316,1999,1,14,2,30,0,0,,,,,,,,,,,,,,,,,,,,,,,,,,,,,,,,,,,,,,,
317,1999,1,14,3,30,0,0,,,,,,,,,,,,,,,,,,,,,,,,,,,,,,,,,,,,,,,
318,1999,1,14,4,30,0,0,,,,,,,,,,,,,,,,,,,,,,,,,,,,,,,,,,,,,,,
319,1999,1,14,5,30,0,0,,,,,,,,,,,,,,,,,,,,,,,,,,,,,,,,,,,,,,,
320,1999,1,14,6,30,0,0,,,,,,,,,,,,,,,,,,,,,,,,,,,,,,,,,,,,,,,
321,1999,1,14,7,30,36,421,,,,,,,,,,,,,,,,,,,,,,,,,,,,,,,,,,,,,,,
322,1999,1,14,8,30,219,814,,,,,,,,,,,,,,,,,,,,,,,,,,,,,,,,,,,,,,,
323,1999,1,14,9,30,399,948,,,,,,,,,,,,,,,,,,,,,,,,,,,,,,,,,,,,,,,
324,1999,1,14,10,30,537,1008,,,,,,,,,,,,,,,,,,,,,,,,,,,,,,,,,,,,,,,
325,1999,1,14,11,30,617,1035,,,,,,,,,,,,,,,,,,,,,,,,,,,,,,,,,,,,,,,
326,1999,1,14,12,30,625,1028,,,,,,,,,,,,,,,,,,,,,,,,,,,,,,,,,,,,,,,
327,1999,1,14,13,30,574,1011,,,,,,,,,,,,,,,,,,,,,,,,,,,,,,,,,,,,,,,
328,1999,1,14,14,30,453,760,,,,,,,,,,,,,,,,,,,,,,,,,,,,,,,,,,,,,,,
329,1999,1,14,15,30,294,567,,,,,,,,,,,,,,,,,,,,,,,,,,,,,,,,,,,,,,,
330,1999,1,14,16,30,76,61,,,,,,,,,,,,,,,,,,,,,,,,,,,,,,,,,,,,,,,
331,1999,1,14,17,30,0,0,,,,,,,,,,,,,,,,,,,,,,,,,,,,,,,,,,,,,,,
332,1999,1,14,18,30,0,0,,,,,,,,,,,,,,,,,,,,,,,,,,,,,,,,,,,,,,,
333,1999,1,14,19,30,0,0,,,,,,,,,,,,,,,,,,,,,,,,,,,,,,,,,,,,,,,
334,1999,1,14,20,30,0,0,,,,,,,,,,,,,,,,,,,,,,,,,,,,,,,,,,,,,,,
335,1999,1,14,21,30,0,0,,,,,,,,,,,,,,,,,,,,,,,,,,,,,,,,,,,,,,,
336,1999,1,14,22,30,0,0,,,,,,,,,,,,,,,,,,,,,,,,,,,,,,,,,,,,,,,
337,1999,1,14,23,30,0,0,,,,,,,,,,,,,,,,,,,,,,,,,,,,,,,,,,,,,,,
338,1999,1,15,0,30,0,0,,,,,,,,,,,,,,,,,,,,,,,,,,,,,,,,,,,,,,,
339,1999,1,15,1,30,0,0,,,,,,,,,,,,,,,,,,,,,,,,,,,,,,,,,,,,,,,
340,1999,1,15,2,30,0,0,,,,,,,,,,,,,,,,,,,,,,,,,,,,,,,,,,,,,,,
341,1999,1,15,3,30,0,0,,,,,,,,,,,,,,,,,,,,,,,,,,,,,,,,,,,,,,,
342,1999,1,15,4,30,0,0,,,,,,,,,,,,,,,,,,,,,,,,,,,,,,,,,,,,,,,
343,1999,1,15,5,30,0,0,,,,,,,,,,,,,,,,,,,,,,,,,,,,,,,,,,,,,,,
344,1999,1,15,6,30,0,0,,,,,,,,,,,,,,,,,,,,,,,,,,,,,,,,,,,,,,,
345,1999,1,15,7,30,38,469,,,,,,,,,,,,,,,,,,,,,,,,,,,,,,,,,,,,,,,
346,1999,1,15,8,30,225,846,,,,,,,,,,,,,,,,,,,,,,,,,,,,,,,,,,,,,,,
347,1999,1,15,9,30,408,976,,,,,,,,,,,,,,,,,,,,,,,,,,,,,,,,,,,,,,,
348,1999,1,15,10,30,547,1033,,,,,,,,,,,,,,,,,,,,,,,,,,,,,,,,,,,,,,,
349,1999,1,15,11,30,629,1059,,,,,,,,,,,,,,,,,,,,,,,,,,,,,,,,,,,,,,,
350,1999,1,15,12,30,636,1048,,,,,,,,,,,,,,,,,,,,,,,,,,,,,,,,,,,,,,,
351,1999,1,15,13,30,584,1033,,,,,,,,,,,,,,,,,,,,,,,,,,,,,,,,,,,,,,,
352,1999,1,15,14,30,471,992,,,,,,,,,,,,,,,,,,,,,,,,,,,,,,,,,,,,,,,
353,1999,1,15,15,30,303,891,,,,,,,,,,,,,,,,,,,,,,,,,,,,,,,,,,,,,,,
354,1999,1,15,16,30,114,669,,,,,,,,,,,,,,,,,,,,,,,,,,,,,,,,,,,,,,,
355,1999,1,15,17,30,0,0,,,,,,,,,,,,,,,,,,,,,,,,,,,,,,,,,,,,,,,
356,1999,1,15,18,30,0,0,,,,,,,,,,,,,,,,,,,,,,,,,,,,,,,,,,,,,,,
357,1999,1,15,19,30,0,0,,,,,,,,,,,,,,,,,,,,,,,,,,,,,,,,,,,,,,,
358,1999,1,15,20,30,0,0,,,,,,,,,,,,,,,,,,,,,,,,,,,,,,,,,,,,,,,
359,1999,1,15,21,30,0,0,,,,,,,,,,,,,,,,,,,,,,,,,,,,,,,,,,,,,,,
360,1999,1,15,22,30,0,0,,,,,,,,,,,,,,,,,,,,,,,,,,,,,,,,,,,,,,,
361,1999,1,15,23,30,0,0,,,,,,,,,,,,,,,,,,,,,,,,,,,,,,,,,,,,,,,
362,1999,1,16,0,30,0,0,,,,,,,,,,,,,,,,,,,,,,,,,,,,,,,,,,,,,,,
363,1999,1,16,1,30,0,0,,,,,,,,,,,,,,,,,,,,,,,,,,,,,,,,,,,,,,,
364,1999,1,16,2,30,0,0,,,,,,,,,,,,,,,,,,,,,,,,,,,,,,,,,,,,,,,
365,1999,1,16,3,30,0,0,,,,,,,,,,,,,,,,,,,,,,,,,,,,,,,,,,,,,,,
366,1999,1,16,4,30,0,0,,,,,,,,,,,,,,,,,,,,,,,,,,,,,,,,,,,,,,,
367,1999,1,16,5,30,0,0,,,,,,,,,,,,,,,,,,,,,,,,,,,,,,,,,,,,,,,
368,1999,1,16,6,30,0,0,,,,,,,,,,,,,,,,,,,,,,,,,,,,,,,,,,,,,,,
369,1999,1,16,7,30,15,0,,,,,,,,,,,,,,,,,,,,,,,,,,,,,,,,,,,,,,,
370,1999,1,16,8,30,145,61,,,,,,,,,,,,,,,,,,,,,,,,,,,,,,,,,,,,,,,
371,1999,1,16,9,30,305,331,,,,,,,,,,,,,,,,,,,,,,,,,,,,,,,,,,,,,,,
372,1999,1,16,10,30,494,711,,,,,,,,,,,,,,,,,,,,,,,,,,,,,,,,,,,,,,,
373,1999,1,16,11,30,348,117,,,,,,,,,,,,,,,,,,,,,,,,,,,,,,,,,,,,,,,
374,1999,1,16,12,30,282,41,,,,,,,,,,,,,,,,,,,,,,,,,,,,,,,,,,,,,,,
375,1999,1,16,13,30,148,3,,,,,,,,,,,,,,,,,,,,,,,,,,,,,,,,,,,,,,,
376,1999,1,16,14,30,108,2,,,,,,,,,,,,,,,,,,,,,,,,,,,,,,,,,,,,,,,
377,1999,1,16,15,30,52,1,,,,,,,,,,,,,,,,,,,,,,,,,,,,,,,,,,,,,,,
378,1999,1,16,16,30,41,2,,,,,,,,,,,,,,,,,,,,,,,,,,,,,,,,,,,,,,,
379,1999,1,16,17,30,0,0,,,,,,,,,,,,,,,,,,,,,,,,,,,,,,,,,,,,,,,
380,1999,1,16,18,30,0,0,,,,,,,,,,,,,,,,,,,,,,,,,,,,,,,,,,,,,,,
381,1999,1,16,19,30,0,0,,,,,,,,,,,,,,,,,,,,,,,,,,,,,,,,,,,,,,,
382,1999,1,16,20,30,0,0,,,,,,,,,,,,,,,,,,,,,,,,,,,,,,,,,,,,,,,
383,1999,1,16,21,30,0,0,,,,,,,,,,,,,,,,,,,,,,,,,,,,,,,,,,,,,,,
384,1999,1,16,22,30,0,0,,,,,,,,,,,,,,,,,,,,,,,,,,,,,,,,,,,,,,,
385,1999,1,16,23,30,0,0,,,,,,,,,,,,,,,,,,,,,,,,,,,,,,,,,,,,,,,
386,1999,1,17,0,30,0,0,,,,,,,,,,,,,,,,,,,,,,,,,,,,,,,,,,,,,,,
387,1999,1,17,1,30,0,0,,,,,,,,,,,,,,,,,,,,,,,,,,,,,,,,,,,,,,,
388,1999,1,17,2,30,0,0,,,,,,,,,,,,,,,,,,,,,,,,,,,,,,,,,,,,,,,
389,1999,1,17,3,30,0,0,,,,,,,,,,,,,,,,,,,,,,,,,,,,,,,,,,,,,,,
390,1999,1,17,4,30,0,0,,,,,,,,,,,,,,,,,,,,,,,,,,,,,,,,,,,,,,,
391,1999,1,17,5,30,0,0,,,,,,,,,,,,,,,,,,,,,,,,,,,,,,,,,,,,,,,
392,1999,1,17,6,30,0,0,,,,,,,,,,,,,,,,,,,,,,,,,,,,,,,,,,,,,,,
393,1999,1,17,7,30,15,0,,,,,,,,,,,,,,,,,,,,,,,,,,,,,,,,,,,,,,,
394,1999,1,17,8,30,217,795,,,,,,,,,,,,,,,,,,,,,,,,,,,,,,,,,,,,,,,
395,1999,1,17,9,30,394,928,,,,,,,,,,,,,,,,,,,,,,,,,,,,,,,,,,,,,,,
396,1999,1,17,10,30,530,989,,,,,,,,,,,,,,,,,,,,,,,,,,,,,,,,,,,,,,,
397,1999,1,17,11,30,610,1015,,,,,,,,,,,,,,,,,,,,,,,,,,,,,,,,,,,,,,,
398,1999,1,17,12,30,622,1013,,,,,,,,,,,,,,,,,,,,,,,,,,,,,,,,,,,,,,,
399,1999,1,17,13,30,573,996,,,,,,,,,,,,,,,,,,,,,,,,,,,,,,,,,,,,,,,
400,1999,1,17,14,30,462,957,,,,,,,,,,,,,,,,,,,,,,,,,,,,,,,,,,,,,,,
401,1999,1,17,15,30,300,862,,,,,,,,,,,,,,,,,,,,,,,,,,,,,,,,,,,,,,,
402,1999,1,17,16,30,115,645,,,,,,,,,,,,,,,,,,,,,,,,,,,,,,,,,,,,,,,
403,1999,1,17,17,30,0,0,,,,,,,,,,,,,,,,,,,,,,,,,,,,,,,,,,,,,,,
404,1999,1,17,18,30,0,0,,,,,,,,,,,,,,,,,,,,,,,,,,,,,,,,,,,,,,,
405,1999,1,17,19,30,0,0,,,,,,,,,,,,,,,,,,,,,,,,,,,,,,,,,,,,,,,
406,1999,1,17,20,30,0,0,,,,,,,,,,,,,,,,,,,,,,,,,,,,,,,,,,,,,,,
407,1999,1,17,21,30,0,0,,,,,,,,,,,,,,,,,,,,,,,,,,,,,,,,,,,,,,,
408,1999,1,17,22,30,0,0,,,,,,,,,,,,,,,,,,,,,,,,,,,,,,,,,,,,,,,
409,1999,1,17,23,30,0,0,,,,,,,,,,,,,,,,,,,,,,,,,,,,,,,,,,,,,,,
410,1999,1,18,0,30,0,0,,,,,,,,,,,,,,,,,,,,,,,,,,,,,,,,,,,,,,,
411,1999,1,18,1,30,0,0,,,,,,,,,,,,,,,,,,,,,,,,,,,,,,,,,,,,,,,
412,1999,1,18,2,30,0,0,,,,,,,,,,,,,,,,,,,,,,,,,,,,,,,,,,,,,,,
413,1999,1,18,3,30,0,0,,,,,,,,,,,,,,,,,,,,,,,,,,,,,,,,,,,,,,,
414,1999,1,18,4,30,0,0,,,,,,,,,,,,,,,,,,,,,,,,,,,,,,,,,,,,,,,
415,1999,1,18,5,30,0,0,,,,,,,,,,,,,,,,,,,,,,,,,,,,,,,,,,,,,,,
416,1999,1,18,6,30,0,0,,,,,,,,,,,,,,,,,,,,,,,,,,,,,,,,,,,,,,,
417,1999,1,18,7,30,22,3,,,,,,,,,,,,,,,,,,,,,,,,,,,,,,,,,,,,,,,
418,1999,1,18,8,30,217,786,,,,,,,,,,,,,,,,,,,,,,,,,,,,,,,,,,,,,,,
419,1999,1,18,9,30,395,918,,,,,,,,,,,,,,,,,,,,,,,,,,,,,,,,,,,,,,,
420,1999,1,18,10,30,532,980,,,,,,,,,,,,,,,,,,,,,,,,,,,,,,,,,,,,,,,
421,1999,1,18,11,30,612,1008,,,,,,,,,,,,,,,,,,,,,,,,,,,,,,,,,,,,,,,
422,1999,1,18,12,30,627,1014,,,,,,,,,,,,,,,,,,,,,,,,,,,,,,,,,,,,,,,
423,1999,1,18,13,30,577,1001,,,,,,,,,,,,,,,,,,,,,,,,,,,,,,,,,,,,,,,
424,1999,1,18,14,30,365,388,,,,,,,,,,,,,,,,,,,,,,,,,,,,,,,,,,,,,,,
425,1999,1,18,15,30,307,871,,,,,,,,,,,,,,,,,,,,,,,,,,,,,,,,,,,,,,,
426,1999,1,18,16,30,96,189,,,,,,,,,,,,,,,,,,,,,,,,,,,,,,,,,,,,,,,
427,1999,1,18,17,30,0,0,,,,,,,,,,,,,,,,,,,,,,,,,,,,,,,,,,,,,,,
428,1999,1,18,18,30,0,0,,,,,,,,,,,,,,,,,,,,,,,,,,,,,,,,,,,,,,,
429,1999,1,18,19,30,0,0,,,,,,,,,,,,,,,,,,,,,,,,,,,,,,,,,,,,,,,
430,1999,1,18,20,30,0,0,,,,,,,,,,,,,,,,,,,,,,,,,,,,,,,,,,,,,,,
431,1999,1,18,21,30,0,0,,,,,,,,,,,,,,,,,,,,,,,,,,,,,,,,,,,,,,,
432,1999,1,18,22,30,0,0,,,,,,,,,,,,,,,,,,,,,,,,,,,,,,,,,,,,,,,
433,1999,1,18,23,30,0,0,,,,,,,,,,,,,,,,,,,,,,,,,,,,,,,,,,,,,,,
434,1999,1,19,0,30,0,0,,,,,,,,,,,,,,,,,,,,,,,,,,,,,,,,,,,,,,,
435,1999,1,19,1,30,0,0,,,,,,,,,,,,,,,,,,,,,,,,,,,,,,,,,,,,,,,
436,1999,1,19,2,30,0,0,,,,,,,,,,,,,,,,,,,,,,,,,,,,,,,,,,,,,,,
437,1999,1,19,3,30,0,0,,,,,,,,,,,,,,,,,,,,,,,,,,,,,,,,,,,,,,,
438,1999,1,19,4,30,0,0,,,,,,,,,,,,,,,,,,,,,,,,,,,,,,,,,,,,,,,
439,1999,1,19,5,30,0,0,,,,,,,,,,,,,,,,,,,,,,,,,,,,,,,,,,,,,,,
440,1999,1,19,6,30,0,0,,,,,,,,,,,,,,,,,,,,,,,,,,,,,,,,,,,,,,,
441,1999,1,19,7,30,40,424,,,,,,,,,,,,,,,,,,,,,,,,,,,,,,,,,,,,,,,
442,1999,1,19,8,30,223,799,,,,,,,,,,,,,,,,,,,,,,,,,,,,,,,,,,,,,,,
443,1999,1,19,9,30,404,929,,,,,,,,,,,,,,,,,,,,,,,,,,,,,,,,,,,,,,,
444,1999,1,19,10,30,543,989,,,,,,,,,,,,,,,,,,,,,,,,,,,,,,,,,,,,,,,
445,1999,1,19,11,30,624,1020,,,,,,,,,,,,,,,,,,,,,,,,,,,,,,,,,,,,,,,
446,1999,1,19,12,30,641,1027,,,,,,,,,,,,,,,,,,,,,,,,,,,,,,,,,,,,,,,
447,1999,1,19,13,30,586,1005,,,,,,,,,,,,,,,,,,,,,,,,,,,,,,,,,,,,,,,
448,1999,1,19,14,30,475,965,,,,,,,,,,,,,,,,,,,,,,,,,,,,,,,,,,,,,,,
449,1999,1,19,15,30,298,643,,,,,,,,,,,,,,,,,,,,,,,,,,,,,,,,,,,,,,,
450,1999,1,19,16,30,102,221,,,,,,,,,,,,,,,,,,,,,,,,,,,,,,,,,,,,,,,
451,1999,1,19,17,30,0,0,,,,,,,,,,,,,,,,,,,,,,,,,,,,,,,,,,,,,,,
452,1999,1,19,18,30,0,0,,,,,,,,,,,,,,,,,,,,,,,,,,,,,,,,,,,,,,,
453,1999,1,19,19,30,0,0,,,,,,,,,,,,,,,,,,,,,,,,,,,,,,,,,,,,,,,
454,1999,1,19,20,30,0,0,,,,,,,,,,,,,,,,,,,,,,,,,,,,,,,,,,,,,,,
455,1999,1,19,21,30,0,0,,,,,,,,,,,,,,,,,,,,,,,,,,,,,,,,,,,,,,,
456,1999,1,19,22,30,0,0,,,,,,,,,,,,,,,,,,,,,,,,,,,,,,,,,,,,,,,
457,1999,1,19,23,30,0,0,,,,,,,,,,,,,,,,,,,,,,,,,,,,,,,,,,,,,,,
458,1999,1,20,0,30,0,0,,,,,,,,,,,,,,,,,,,,,,,,,,,,,,,,,,,,,,,
459,1999,1,20,1,30,0,0,,,,,,,,,,,,,,,,,,,,,,,,,,,,,,,,,,,,,,,
460,1999,1,20,2,30,0,0,,,,,,,,,,,,,,,,,,,,,,,,,,,,,,,,,,,,,,,
461,1999,1,20,3,30,0,0,,,,,,,,,,,,,,,,,,,,,,,,,,,,,,,,,,,,,,,
462,1999,1,20,4,30,0,0,,,,,,,,,,,,,,,,,,,,,,,,,,,,,,,,,,,,,,,
463,1999,1,20,5,30,0,0,,,,,,,,,,,,,,,,,,,,,,,,,,,,,,,,,,,,,,,
464,1999,1,20,6,30,0,0,,,,,,,,,,,,,,,,,,,,,,,,,,,,,,,,,,,,,,,
465,1999,1,20,7,30,19,0,,,,,,,,,,,,,,,,,,,,,,,,,,,,,,,,,,,,,,,
466,1999,1,20,8,30,121,30,,,,,,,,,,,,,,,,,,,,,,,,,,,,,,,,,,,,,,,
467,1999,1,20,9,30,272,169,,,,,,,,,,,,,,,,,,,,,,,,,,,,,,,,,,,,,,,
468,1999,1,20,10,30,429,418,,,,,,,,,,,,,,,,,,,,,,,,,,,,,,,,,,,,,,,
469,1999,1,20,11,30,252,28,,,,,,,,,,,,,,,,,,,,,,,,,,,,,,,,,,,,,,,
470,1999,1,20,12,30,633,994,,,,,,,,,,,,,,,,,,,,,,,,,,,,,,,,,,,,,,,
471,1999,1,20,13,30,42,0,,,,,,,,,,,,,,,,,,,,,,,,,,,,,,,,,,,,,,,
472,1999,1,20,14,30,353,357,,,,,,,,,,,,,,,,,,,,,,,,,,,,,,,,,,,,,,,
473,1999,1,20,15,30,105,8,,,,,,,,,,,,,,,,,,,,,,,,,,,,,,,,,,,,,,,
474,1999,1,20,16,30,4,0,,,,,,,,,,,,,,,,,,,,,,,,,,,,,,,,,,,,,,,
475,1999,1,20,17,30,0,0,,,,,,,,,,,,,,,,,,,,,,,,,,,,,,,,,,,,,,,
476,1999,1,20,18,30,0,0,,,,,,,,,,,,,,,,,,,,,,,,,,,,,,,,,,,,,,,
477,1999,1,20,19,30,0,0,,,,,,,,,,,,,,,,,,,,,,,,,,,,,,,,,,,,,,,
478,1999,1,20,20,30,0,0,,,,,,,,,,,,,,,,,,,,,,,,,,,,,,,,,,,,,,,
479,1999,1,20,21,30,0,0,,,,,,,,,,,,,,,,,,,,,,,,,,,,,,,,,,,,,,,
480,1999,1,20,22,30,0,0,,,,,,,,,,,,,,,,,,,,,,,,,,,,,,,,,,,,,,,
481,1999,1,20,23,30,0,0,,,,,,,,,,,,,,,,,,,,,,,,,,,,,,,,,,,,,,,
482,1999,1,21,0,30,0,0,,,,,,,,,,,,,,,,,,,,,,,,,,,,,,,,,,,,,,,
483,1999,1,21,1,30,0,0,,,,,,,,,,,,,,,,,,,,,,,,,,,,,,,,,,,,,,,
484,1999,1,21,2,30,0,0,,,,,,,,,,,,,,,,,,,,,,,,,,,,,,,,,,,,,,,
485,1999,1,21,3,30,0,0,,,,,,,,,,,,,,,,,,,,,,,,,,,,,,,,,,,,,,,
486,1999,1,21,4,30,0,0,,,,,,,,,,,,,,,,,,,,,,,,,,,,,,,,,,,,,,,
487,1999,1,21,5,30,0,0,,,,,,,,,,,,,,,,,,,,,,,,,,,,,,,,,,,,,,,
488,1999,1,21,6,30,0,0,,,,,,,,,,,,,,,,,,,,,,,,,,,,,,,,,,,,,,,
489,1999,1,21,7,30,23,2,,,,,,,,,,,,,,,,,,,,,,,,,,,,,,,,,,,,,,,
490,1999,1,21,8,30,60,2,,,,,,,,,,,,,,,,,,,,,,,,,,,,,,,,,,,,,,,
491,1999,1,21,9,30,198,15,,,,,,,,,,,,,,,,,,,,,,,,,,,,,,,,,,,,,,,
492,1999,1,21,10,30,12,0,,,,,,,,,,,,,,,,,,,,,,,,,,,,,,,,,,,,,,,
493,1999,1,21,11,30,472,417,,,,,,,,,,,,,,,,,,,,,,,,,,,,,,,,,,,,,,,
494,1999,1,21,12,30,334,71,,,,,,,,,,,,,,,,,,,,,,,,,,,,,,,,,,,,,,,
495,1999,1,21,13,30,598,998,,,,,,,,,,,,,,,,,,,,,,,,,,,,,,,,,,,,,,,
496,1999,1,21,14,30,360,342,,,,,,,,,,,,,,,,,,,,,,,,,,,,,,,,,,,,,,,
497,1999,1,21,15,30,103,1,,,,,,,,,,,,,,,,,,,,,,,,,,,,,,,,,,,,,,,
498,1999,1,21,16,30,70,2,,,,,,,,,,,,,,,,,,,,,,,,,,,,,,,,,,,,,,,
499,1999,1,21,17,30,0,0,,,,,,,,,,,,,,,,,,,,,,,,,,,,,,,,,,,,,,,
500,1999,1,21,18,30,0,0,,,,,,,,,,,,,,,,,,,,,,,,,,,,,,,,,,,,,,,
501,1999,1,21,19,30,0,0,,,,,,,,,,,,,,,,,,,,,,,,,,,,,,,,,,,,,,,
502,1999,1,21,20,30,0,0,,,,,,,,,,,,,,,,,,,,,,,,,,,,,,,,,,,,,,,
503,1999,1,21,21,30,0,0,,,,,,,,,,,,,,,,,,,,,,,,,,,,,,,,,,,,,,,
504,1999,1,21,22,30,0,0,,,,,,,,,,,,,,,,,,,,,,,,,,,,,,,,,,,,,,,
505,1999,1,21,23,30,0,0,,,,,,,,,,,,,,,,,,,,,,,,,,,,,,,,,,,,,,,
506,1999,1,22,0,30,0,0,,,,,,,,,,,,,,,,,,,,,,,,,,,,,,,,,,,,,,,
507,1999,1,22,1,30,0,0,,,,,,,,,,,,,,,,,,,,,,,,,,,,,,,,,,,,,,,
508,1999,1,22,2,30,0,0,,,,,,,,,,,,,,,,,,,,,,,,,,,,,,,,,,,,,,,
509,1999,1,22,3,30,0,0,,,,,,,,,,,,,,,,,,,,,,,,,,,,,,,,,,,,,,,
510,1999,1,22,4,30,0,0,,,,,,,,,,,,,,,,,,,,,,,,,,,,,,,,,,,,,,,
511,1999,1,22,5,30,0,0,,,,,,,,,,,,,,,,,,,,,,,,,,,,,,,,,,,,,,,
512,1999,1,22,6,30,0,0,,,,,,,,,,,,,,,,,,,,,,,,,,,,,,,,,,,,,,,
513,1999,1,22,7,30,25,2,,,,,,,,,,,,,,,,,,,,,,,,,,,,,,,,,,,,,,,
514,1999,1,22,8,30,172,190,,,,,,,,,,,,,,,,,,,,,,,,,,,,,,,,,,,,,,,
515,1999,1,22,9,30,406,907,,,,,,,,,,,,,,,,,,,,,,,,,,,,,,,,,,,,,,,
516,1999,1,22,10,30,551,979,,,,,,,,,,,,,,,,,,,,,,,,,,,,,,,,,,,,,,,
517,1999,1,22,11,30,634,1015,,,,,,,,,,,,,,,,,,,,,,,,,,,,,,,,,,,,,,,
518,1999,1,22,12,30,652,1023,,,,,,,,,,,,,,,,,,,,,,,,,,,,,,,,,,,,,,,
519,1999,1,22,13,30,603,1009,,,,,,,,,,,,,,,,,,,,,,,,,,,,,,,,,,,,,,,
520,1999,1,22,14,30,491,974,,,,,,,,,,,,,,,,,,,,,,,,,,,,,,,,,,,,,,,
521,1999,1,22,15,30,332,901,,,,,,,,,,,,,,,,,,,,,,,,,,,,,,,,,,,,,,,
522,1999,1,22,16,30,138,701,,,,,,,,,,,,,,,,,,,,,,,,,,,,,,,,,,,,,,,
523,1999,1,22,17,30,0,0,,,,,,,,,,,,,,,,,,,,,,,,,,,,,,,,,,,,,,,
524,1999,1,22,18,30,0,0,,,,,,,,,,,,,,,,,,,,,,,,,,,,,,,,,,,,,,,
525,1999,1,22,19,30,0,0,,,,,,,,,,,,,,,,,,,,,,,,,,,,,,,,,,,,,,,
526,1999,1,22,20,30,0,0,,,,,,,,,,,,,,,,,,,,,,,,,,,,,,,,,,,,,,,
527,1999,1,22,21,30,0,0,,,,,,,,,,,,,,,,,,,,,,,,,,,,,,,,,,,,,,,
528,1999,1,22,22,30,0,0,,,,,,,,,,,,,,,,,,,,,,,,,,,,,,,,,,,,,,,
529,1999,1,22,23,30,0,0,,,,,,,,,,,,,,,,,,,,,,,,,,,,,,,,,,,,,,,
530,1999,1,23,0,30,0,0,,,,,,,,,,,,,,,,,,,,,,,,,,,,,,,,,,,,,,,
531,1999,1,23,1,30,0,0,,,,,,,,,,,,,,,,,,,,,,,,,,,,,,,,,,,,,,,
532,1999,1,23,2,30,0,0,,,,,,,,,,,,,,,,,,,,,,,,,,,,,,,,,,,,,,,
533,1999,1,23,3,30,0,0,,,,,,,,,,,,,,,,,,,,,,,,,,,,,,,,,,,,,,,
534,1999,1,23,4,30,0,0,,,,,,,,,,,,,,,,,,,,,,,,,,,,,,,,,,,,,,,
535,1999,1,23,5,30,0,0,,,,,,,,,,,,,,,,,,,,,,,,,,,,,,,,,,,,,,,
536,1999,1,23,6,30,0,0,,,,,,,,,,,,,,,,,,,,,,,,,,,,,,,,,,,,,,,
537,1999,1,23,7,30,45,481,,,,,,,,,,,,,,,,,,,,,,,,,,,,,,,,,,,,,,,
538,1999,1,23,8,30,231,825,,,,,,,,,,,,,,,,,,,,,,,,,,,,,,,,,,,,,,,
539,1999,1,23,9,30,413,949,,,,,,,,,,,,,,,,,,,,,,,,,,,,,,,,,,,,,,,
540,1999,1,23,10,30,553,1006,,,,,,,,,,,,,,,,,,,,,,,,,,,,,,,,,,,,,,,
541,1999,1,23,11,30,636,1033,,,,,,,,,,,,,,,,,,,,,,,,,,,,,,,,,,,,,,,
542,1999,1,23,12,30,654,1038,,,,,,,,,,,,,,,,,,,,,,,,,,,,,,,,,,,,,,,
543,1999,1,23,13,30,605,1024,,,,,,,,,,,,,,,,,,,,,,,,,,,,,,,,,,,,,,,
544,1999,1,23,14,30,495,987,,,,,,,,,,,,,,,,,,,,,,,,,,,,,,,,,,,,,,,
545,1999,1,23,15,30,333,905,,,,,,,,,,,,,,,,,,,,,,,,,,,,,,,,,,,,,,,
546,1999,1,23,16,30,141,715,,,,,,,,,,,,,,,,,,,,,,,,,,,,,,,,,,,,,,,
547,1999,1,23,17,30,0,0,,,,,,,,,,,,,,,,,,,,,,,,,,,,,,,,,,,,,,,
548,1999,1,23,18,30,0,0,,,,,,,,,,,,,,,,,,,,,,,,,,,,,,,,,,,,,,,
549,1999,1,23,19,30,0,0,,,,,,,,,,,,,,,,,,,,,,,,,,,,,,,,,,,,,,,
550,1999,1,23,20,30,0,0,,,,,,,,,,,,,,,,,,,,,,,,,,,,,,,,,,,,,,,
551,1999,1,23,21,30,0,0,,,,,,,,,,,,,,,,,,,,,,,,,,,,,,,,,,,,,,,
552,1999,1,23,22,30,0,0,,,,,,,,,,,,,,,,,,,,,,,,,,,,,,,,,,,,,,,
553,1999,1,23,23,30,0,0,,,,,,,,,,,,,,,,,,,,,,,,,,,,,,,,,,,,,,,
554,1999,1,24,0,30,0,0,,,,,,,,,,,,,,,,,,,,,,,,,,,,,,,,,,,,,,,
555,1999,1,24,1,30,0,0,,,,,,,,,,,,,,,,,,,,,,,,,,,,,,,,,,,,,,,
556,1999,1,24,2,30,0,0,,,,,,,,,,,,,,,,,,,,,,,,,,,,,,,,,,,,,,,
557,1999,1,24,3,30,0,0,,,,,,,,,,,,,,,,,,,,,,,,,,,,,,,,,,,,,,,
558,1999,1,24,4,30,0,0,,,,,,,,,,,,,,,,,,,,,,,,,,,,,,,,,,,,,,,
559,1999,1,24,5,30,0,0,,,,,,,,,,,,,,,,,,,,,,,,,,,,,,,,,,,,,,,
560,1999,1,24,6,30,0,0,,,,,,,,,,,,,,,,,,,,,,,,,,,,,,,,,,,,,,,
561,1999,1,24,7,30,26,3,,,,,,,,,,,,,,,,,,,,,,,,,,,,,,,,,,,,,,,
562,1999,1,24,8,30,140,45,,,,,,,,,,,,,,,,,,,,,,,,,,,,,,,,,,,,,,,
563,1999,1,24,9,30,288,194,,,,,,,,,,,,,,,,,,,,,,,,,,,,,,,,,,,,,,,
564,1999,1,24,10,30,430,421,,,,,,,,,,,,,,,,,,,,,,,,,,,,,,,,,,,,,,,
565,1999,1,24,11,30,400,200,,,,,,,,,,,,,,,,,,,,,,,,,,,,,,,,,,,,,,,
566,1999,1,24,12,30,480,393,,,,,,,,,,,,,,,,,,,,,,,,,,,,,,,,,,,,,,,
567,1999,1,24,13,30,447,345,,,,,,,,,,,,,,,,,,,,,,,,,,,,,,,,,,,,,,,
568,1999,1,24,14,30,324,182,,,,,,,,,,,,,,,,,,,,,,,,,,,,,,,,,,,,,,,
569,1999,1,24,15,30,235,247,,,,,,,,,,,,,,,,,,,,,,,,,,,,,,,,,,,,,,,
570,1999,1,24,16,30,102,91,,,,,,,,,,,,,,,,,,,,,,,,,,,,,,,,,,,,,,,
571,1999,1,24,17,30,0,0,,,,,,,,,,,,,,,,,,,,,,,,,,,,,,,,,,,,,,,
572,1999,1,24,18,30,0,0,,,,,,,,,,,,,,,,,,,,,,,,,,,,,,,,,,,,,,,
573,1999,1,24,19,30,0,0,,,,,,,,,,,,,,,,,,,,,,,,,,,,,,,,,,,,,,,
574,1999,1,24,20,30,0,0,,,,,,,,,,,,,,,,,,,,,,,,,,,,,,,,,,,,,,,
575,1999,1,24,21,30,0,0,,,,,,,,,,,,,,,,,,,,,,,,,,,,,,,,,,,,,,,
576,1999,1,24,22,30,0,0,,,,,,,,,,,,,,,,,,,,,,,,,,,,,,,,,,,,,,,
577,1999,1,24,23,30,0,0,,,,,,,,,,,,,,,,,,,,,,,,,,,,,,,,,,,,,,,
578,1999,1,25,0,30,0,0,,,,,,,,,,,,,,,,,,,,,,,,,,,,,,,,,,,,,,,
579,1999,1,25,1,30,0,0,,,,,,,,,,,,,,,,,,,,,,,,,,,,,,,,,,,,,,,
580,1999,1,25,2,30,0,0,,,,,,,,,,,,,,,,,,,,,,,,,,,,,,,,,,,,,,,
581,1999,1,25,3,30,0,0,,,,,,,,,,,,,,,,,,,,,,,,,,,,,,,,,,,,,,,
582,1999,1,25,4,30,0,0,,,,,,,,,,,,,,,,,,,,,,,,,,,,,,,,,,,,,,,
583,1999,1,25,5,30,0,0,,,,,,,,,,,,,,,,,,,,,,,,,,,,,,,,,,,,,,,
584,1999,1,25,6,30,0,0,,,,,,,,,,,,,,,,,,,,,,,,,,,,,,,,,,,,,,,
585,1999,1,25,7,30,19,1,,,,,,,,,,,,,,,,,,,,,,,,,,,,,,,,,,,,,,,
586,1999,1,25,8,30,69,3,,,,,,,,,,,,,,,,,,,,,,,,,,,,,,,,,,,,,,,
587,1999,1,25,9,30,65,0,,,,,,,,,,,,,,,,,,,,,,,,,,,,,,,,,,,,,,,
588,1999,1,25,10,30,131,2,,,,,,,,,,,,,,,,,,,,,,,,,,,,,,,,,,,,,,,
589,1999,1,25,11,30,376,142,,,,,,,,,,,,,,,,,,,,,,,,,,,,,,,,,,,,,,,
590,1999,1,25,12,30,338,83,,,,,,,,,,,,,,,,,,,,,,,,,,,,,,,,,,,,,,,
591,1999,1,25,13,30,336,86,,,,,,,,,,,,,,,,,,,,,,,,,,,,,,,,,,,,,,,
592,1999,1,25,14,30,102,1,,,,,,,,,,,,,,,,,,,,,,,,,,,,,,,,,,,,,,,
593,1999,1,25,15,30,224,151,,,,,,,,,,,,,,,,,,,,,,,,,,,,,,,,,,,,,,,
594,1999,1,25,16,30,101,79,,,,,,,,,,,,,,,,,,,,,,,,,,,,,,,,,,,,,,,
595,1999,1,25,17,30,0,0,,,,,,,,,,,,,,,,,,,,,,,,,,,,,,,,,,,,,,,
596,1999,1,25,18,30,0,0,,,,,,,,,,,,,,,,,,,,,,,,,,,,,,,,,,,,,,,
597,1999,1,25,19,30,0,0,,,,,,,,,,,,,,,,,,,,,,,,,,,,,,,,,,,,,,,
598,1999,1,25,20,30,0,0,,,,,,,,,,,,,,,,,,,,,,,,,,,,,,,,,,,,,,,
599,1999,1,25,21,30,0,0,,,,,,,,,,,,,,,,,,,,,,,,,,,,,,,,,,,,,,,
600,1999,1,25,22,30,0,0,,,,,,,,,,,,,,,,,,,,,,,,,,,,,,,,,,,,,,,
601,1999,1,25,23,30,0,0,,,,,,,,,,,,,,,,,,,,,,,,,,,,,,,,,,,,,,,
602,1999,1,26,0,30,0,0,,,,,,,,,,,,,,,,,,,,,,,,,,,,,,,,,,,,,,,
603,1999,1,26,1,30,0,0,,,,,,,,,,,,,,,,,,,,,,,,,,,,,,,,,,,,,,,
604,1999,1,26,2,30,0,0,,,,,,,,,,,,,,,,,,,,,,,,,,,,,,,,,,,,,,,
605,1999,1,26,3,30,0,0,,,,,,,,,,,,,,,,,,,,,,,,,,,,,,,,,,,,,,,
606,1999,1,26,4,30,0,0,,,,,,,,,,,,,,,,,,,,,,,,,,,,,,,,,,,,,,,
607,1999,1,26,5,30,0,0,,,,,,,,,,,,,,,,,,,,,,,,,,,,,,,,,,,,,,,
608,1999,1,26,6,30,0,0,,,,,,,,,,,,,,,,,,,,,,,,,,,,,,,,,,,,,,,
609,1999,1,26,7,30,26,0,,,,,,,,,,,,,,,,,,,,,,,,,,,,,,,,,,,,,,,
610,1999,1,26,8,30,237,800,,,,,,,,,,,,,,,,,,,,,,,,,,,,,,,,,,,,,,,
611,1999,1,26,9,30,428,957,,,,,,,,,,,,,,,,,,,,,,,,,,,,,,,,,,,,,,,
612,1999,1,26,10,30,575,1032,,,,,,,,,,,,,,,,,,,,,,,,,,,,,,,,,,,,,,,
613,1999,1,26,11,30,659,1059,,,,,,,,,,,,,,,,,,,,,,,,,,,,,,,,,,,,,,,
614,1999,1,26,12,30,678,1064,,,,,,,,,,,,,,,,,,,,,,,,,,,,,,,,,,,,,,,
615,1999,1,26,13,30,630,1052,,,,,,,,,,,,,,,,,,,,,,,,,,,,,,,,,,,,,,,
616,1999,1,26,14,30,517,1016,,,,,,,,,,,,,,,,,,,,,,,,,,,,,,,,,,,,,,,
617,1999,1,26,15,30,349,927,,,,,,,,,,,,,,,,,,,,,,,,,,,,,,,,,,,,,,,
618,1999,1,26,16,30,128,294,,,,,,,,,,,,,,,,,,,,,,,,,,,,,,,,,,,,,,,
619,1999,1,26,17,30,0,0,,,,,,,,,,,,,,,,,,,,,,,,,,,,,,,,,,,,,,,
620,1999,1,26,18,30,0,0,,,,,,,,,,,,,,,,,,,,,,,,,,,,,,,,,,,,,,,
621,1999,1,26,19,30,0,0,,,,,,,,,,,,,,,,,,,,,,,,,,,,,,,,,,,,,,,
622,1999,1,26,20,30,0,0,,,,,,,,,,,,,,,,,,,,,,,,,,,,,,,,,,,,,,,
623,1999,1,26,21,30,0,0,,,,,,,,,,,,,,,,,,,,,,,,,,,,,,,,,,,,,,,
624,1999,1,26,22,30,0,0,,,,,,,,,,,,,,,,,,,,,,,,,,,,,,,,,,,,,,,
625,1999,1,26,23,30,0,0,,,,,,,,,,,,,,,,,,,,,,,,,,,,,,,,,,,,,,,
626,1999,1,27,0,30,0,0,,,,,,,,,,,,,,,,,,,,,,,,,,,,,,,,,,,,,,,
627,1999,1,27,1,30,0,0,,,,,,,,,,,,,,,,,,,,,,,,,,,,,,,,,,,,,,,
628,1999,1,27,2,30,0,0,,,,,,,,,,,,,,,,,,,,,,,,,,,,,,,,,,,,,,,
629,1999,1,27,3,30,0,0,,,,,,,,,,,,,,,,,,,,,,,,,,,,,,,,,,,,,,,
630,1999,1,27,4,30,0,0,,,,,,,,,,,,,,,,,,,,,,,,,,,,,,,,,,,,,,,
631,1999,1,27,5,30,0,0,,,,,,,,,,,,,,,,,,,,,,,,,,,,,,,,,,,,,,,
632,1999,1,27,6,30,0,0,,,,,,,,,,,,,,,,,,,,,,,,,,,,,,,,,,,,,,,
633,1999,1,27,7,30,23,0,,,,,,,,,,,,,,,,,,,,,,,,,,,,,,,,,,,,,,,
634,1999,1,27,8,30,131,8,,,,,,,,,,,,,,,,,,,,,,,,,,,,,,,,,,,,,,,
635,1999,1,27,9,30,438,969,,,,,,,,,,,,,,,,,,,,,,,,,,,,,,,,,,,,,,,
636,1999,1,27,10,30,576,1012,,,,,,,,,,,,,,,,,,,,,,,,,,,,,,,,,,,,,,,
637,1999,1,27,11,30,660,1043,,,,,,,,,,,,,,,,,,,,,,,,,,,,,,,,,,,,,,,
638,1999,1,27,12,30,680,1048,,,,,,,,,,,,,,,,,,,,,,,,,,,,,,,,,,,,,,,
639,1999,1,27,13,30,504,473,,,,,,,,,,,,,,,,,,,,,,,,,,,,,,,,,,,,,,,
640,1999,1,27,14,30,519,1002,,,,,,,,,,,,,,,,,,,,,,,,,,,,,,,,,,,,,,,
641,1999,1,27,15,30,227,132,,,,,,,,,,,,,,,,,,,,,,,,,,,,,,,,,,,,,,,
642,1999,1,27,16,30,103,53,,,,,,,,,,,,,,,,,,,,,,,,,,,,,,,,,,,,,,,
643,1999,1,27,17,30,0,0,,,,,,,,,,,,,,,,,,,,,,,,,,,,,,,,,,,,,,,
644,1999,1,27,18,30,0,0,,,,,,,,,,,,,,,,,,,,,,,,,,,,,,,,,,,,,,,
645,1999,1,27,19,30,0,0,,,,,,,,,,,,,,,,,,,,,,,,,,,,,,,,,,,,,,,
646,1999,1,27,20,30,0,0,,,,,,,,,,,,,,,,,,,,,,,,,,,,,,,,,,,,,,,
647,1999,1,27,21,30,0,0,,,,,,,,,,,,,,,,,,,,,,,,,,,,,,,,,,,,,,,
648,1999,1,27,22,30,0,0,,,,,,,,,,,,,,,,,,,,,,,,,,,,,,,,,,,,,,,
649,1999,1,27,23,30,0,0,,,,,,,,,,,,,,,,,,,,,,,,,,,,,,,,,,,,,,,
650,1999,1,28,0,30,0,0,,,,,,,,,,,,,,,,,,,,,,,,,,,,,,,,,,,,,,,
651,1999,1,28,1,30,0,0,,,,,,,,,,,,,,,,,,,,,,,,,,,,,,,,,,,,,,,
652,1999,1,28,2,30,0,0,,,,,,,,,,,,,,,,,,,,,,,,,,,,,,,,,,,,,,,
653,1999,1,28,3,30,0,0,,,,,,,,,,,,,,,,,,,,,,,,,,,,,,,,,,,,,,,
654,1999,1,28,4,30,0,0,,,,,,,,,,,,,,,,,,,,,,,,,,,,,,,,,,,,,,,
655,1999,1,28,5,30,0,0,,,,,,,,,,,,,,,,,,,,,,,,,,,,,,,,,,,,,,,
656,1999,1,28,6,30,0,0,,,,,,,,,,,,,,,,,,,,,,,,,,,,,,,,,,,,,,,
657,1999,1,28,7,30,27,0,,,,,,,,,,,,,,,,,,,,,,,,,,,,,,,,,,,,,,,
658,1999,1,28,8,30,248,828,,,,,,,,,,,,,,,,,,,,,,,,,,,,,,,,,,,,,,,
659,1999,1,28,9,30,435,946,,,,,,,,,,,,,,,,,,,,,,,,,,,,,,,,,,,,,,,
660,1999,1,28,10,30,574,992,,,,,,,,,,,,,,,,,,,,,,,,,,,,,,,,,,,,,,,
661,1999,1,28,11,30,659,1013,,,,,,,,,,,,,,,,,,,,,,,,,,,,,,,,,,,,,,,
662,1999,1,28,12,30,678,1012,,,,,,,,,,,,,,,,,,,,,,,,,,,,,,,,,,,,,,,
663,1999,1,28,13,30,624,981,,,,,,,,,,,,,,,,,,,,,,,,,,,,,,,,,,,,,,,
664,1999,1,28,14,30,98,0,,,,,,,,,,,,,,,,,,,,,,,,,,,,,,,,,,,,,,,
665,1999,1,28,15,30,111,1,,,,,,,,,,,,,,,,,,,,,,,,,,,,,,,,,,,,,,,
666,1999,1,28,16,30,31,0,,,,,,,,,,,,,,,,,,,,,,,,,,,,,,,,,,,,,,,
667,1999,1,28,17,30,0,0,,,,,,,,,,,,,,,,,,,,,,,,,,,,,,,,,,,,,,,
668,1999,1,28,18,30,0,0,,,,,,,,,,,,,,,,,,,,,,,,,,,,,,,,,,,,,,,
669,1999,1,28,19,30,0,0,,,,,,,,,,,,,,,,,,,,,,,,,,,,,,,,,,,,,,,
670,1999,1,28,20,30,0,0,,,,,,,,,,,,,,,,,,,,,,,,,,,,,,,,,,,,,,,
671,1999,1,28,21,30,0,0,,,,,,,,,,,,,,,,,,,,,,,,,,,,,,,,,,,,,,,
672,1999,1,28,22,30,0,0,,,,,,,,,,,,,,,,,,,,,,,,,,,,,,,,,,,,,,,
673,1999,1,28,23,30,0,0,,,,,,,,,,,,,,,,,,,,,,,,,,,,,,,,,,,,,,,
674,1999,1,29,0,30,0,0,,,,,,,,,,,,,,,,,,,,,,,,,,,,,,,,,,,,,,,
675,1999,1,29,1,30,0,0,,,,,,,,,,,,,,,,,,,,,,,,,,,,,,,,,,,,,,,
676,1999,1,29,2,30,0,0,,,,,,,,,,,,,,,,,,,,,,,,,,,,,,,,,,,,,,,
677,1999,1,29,3,30,0,0,,,,,,,,,,,,,,,,,,,,,,,,,,,,,,,,,,,,,,,
678,1999,1,29,4,30,0,0,,,,,,,,,,,,,,,,,,,,,,,,,,,,,,,,,,,,,,,
679,1999,1,29,5,30,0,0,,,,,,,,,,,,,,,,,,,,,,,,,,,,,,,,,,,,,,,
680,1999,1,29,6,30,0,0,,,,,,,,,,,,,,,,,,,,,,,,,,,,,,,,,,,,,,,
681,1999,1,29,7,30,22,1,,,,,,,,,,,,,,,,,,,,,,,,,,,,,,,,,,,,,,,
682,1999,1,29,8,30,26,0,,,,,,,,,,,,,,,,,,,,,,,,,,,,,,,,,,,,,,,
683,1999,1,29,9,30,21,0,,,,,,,,,,,,,,,,,,,,,,,,,,,,,,,,,,,,,,,
684,1999,1,29,10,30,41,0,,,,,,,,,,,,,,,,,,,,,,,,,,,,,,,,,,,,,,,
685,1999,1,29,11,30,147,2,,,,,,,,,,,,,,,,,,,,,,,,,,,,,,,,,,,,,,,
686,1999,1,29,12,30,116,1,,,,,,,,,,,,,,,,,,,,,,,,,,,,,,,,,,,,,,,
687,1999,1,29,13,30,149,2,,,,,,,,,,,,,,,,,,,,,,,,,,,,,,,,,,,,,,,
688,1999,1,29,14,30,39,0,,,,,,,,,,,,,,,,,,,,,,,,,,,,,,,,,,,,,,,
689,1999,1,29,15,30,40,0,,,,,,,,,,,,,,,,,,,,,,,,,,,,,,,,,,,,,,,
690,1999,1,29,16,30,38,1,,,,,,,,,,,,,,,,,,,,,,,,,,,,,,,,,,,,,,,
691,1999,1,29,17,30,0,0,,,,,,,,,,,,,,,,,,,,,,,,,,,,,,,,,,,,,,,
692,1999,1,29,18,30,0,0,,,,,,,,,,,,,,,,,,,,,,,,,,,,,,,,,,,,,,,
693,1999,1,29,19,30,0,0,,,,,,,,,,,,,,,,,,,,,,,,,,,,,,,,,,,,,,,
694,1999,1,29,20,30,0,0,,,,,,,,,,,,,,,,,,,,,,,,,,,,,,,,,,,,,,,
695,1999,1,29,21,30,0,0,,,,,,,,,,,,,,,,,,,,,,,,,,,,,,,,,,,,,,,
696,1999,1,29,22,30,0,0,,,,,,,,,,,,,,,,,,,,,,,,,,,,,,,,,,,,,,,
697,1999,1,29,23,30,0,0,,,,,,,,,,,,,,,,,,,,,,,,,,,,,,,,,,,,,,,
698,1999,1,30,0,30,0,0,,,,,,,,,,,,,,,,,,,,,,,,,,,,,,,,,,,,,,,
699,1999,1,30,1,30,0,0,,,,,,,,,,,,,,,,,,,,,,,,,,,,,,,,,,,,,,,
700,1999,1,30,2,30,0,0,,,,,,,,,,,,,,,,,,,,,,,,,,,,,,,,,,,,,,,
701,1999,1,30,3,30,0,0,,,,,,,,,,,,,,,,,,,,,,,,,,,,,,,,,,,,,,,
702,1999,1,30,4,30,0,0,,,,,,,,,,,,,,,,,,,,,,,,,,,,,,,,,,,,,,,
703,1999,1,30,5,30,0,0,,,,,,,,,,,,,,,,,,,,,,,,,,,,,,,,,,,,,,,
704,1999,1,30,6,30,0,0,,,,,,,,,,,,,,,,,,,,,,,,,,,,,,,,,,,,,,,
705,1999,1,30,7,30,23,0,,,,,,,,,,,,,,,,,,,,,,,,,,,,,,,,,,,,,,,
706,1999,1,30,8,30,253,823,,,,,,,,,,,,,,,,,,,,,,,,,,,,,,,,,,,,,,,
707,1999,1,30,9,30,442,945,,,,,,,,,,,,,,,,,,,,,,,,,,,,,,,,,,,,,,,
708,1999,1,30,10,30,587,1002,,,,,,,,,,,,,,,,,,,,,,,,,,,,,,,,,,,,,,,
709,1999,1,30,11,30,678,1037,,,,,,,,,,,,,,,,,,,,,,,,,,,,,,,,,,,,,,,
710,1999,1,30,12,30,698,1041,,,,,,,,,,,,,,,,,,,,,,,,,,,,,,,,,,,,,,,
711,1999,1,30,13,30,650,1029,,,,,,,,,,,,,,,,,,,,,,,,,,,,,,,,,,,,,,,
712,1999,1,30,14,30,537,990,,,,,,,,,,,,,,,,,,,,,,,,,,,,,,,,,,,,,,,
713,1999,1,30,15,30,290,259,,,,,,,,,,,,,,,,,,,,,,,,,,,,,,,,,,,,,,,
714,1999,1,30,16,30,132,180,,,,,,,,,,,,,,,,,,,,,,,,,,,,,,,,,,,,,,,
715,1999,1,30,17,30,0,0,,,,,,,,,,,,,,,,,,,,,,,,,,,,,,,,,,,,,,,
716,1999,1,30,18,30,0,0,,,,,,,,,,,,,,,,,,,,,,,,,,,,,,,,,,,,,,,
717,1999,1,30,19,30,0,0,,,,,,,,,,,,,,,,,,,,,,,,,,,,,,,,,,,,,,,
718,1999,1,30,20,30,0,0,,,,,,,,,,,,,,,,,,,,,,,,,,,,,,,,,,,,,,,
719,1999,1,30,21,30,0,0,,,,,,,,,,,,,,,,,,,,,,,,,,,,,,,,,,,,,,,
720,1999,1,30,22,30,0,0,,,,,,,,,,,,,,,,,,,,,,,,,,,,,,,,,,,,,,,
721,1999,1,30,23,30,0,0,,,,,,,,,,,,,,,,,,,,,,,,,,,,,,,,,,,,,,,
722,1999,1,31,0,30,0,0,,,,,,,,,,,,,,,,,,,,,,,,,,,,,,,,,,,,,,,
723,1999,1,31,1,30,0,0,,,,,,,,,,,,,,,,,,,,,,,,,,,,,,,,,,,,,,,
724,1999,1,31,2,30,0,0,,,,,,,,,,,,,,,,,,,,,,,,,,,,,,,,,,,,,,,
725,1999,1,31,3,30,0,0,,,,,,,,,,,,,,,,,,,,,,,,,,,,,,,,,,,,,,,
726,1999,1,31,4,30,0,0,,,,,,,,,,,,,,,,,,,,,,,,,,,,,,,,,,,,,,,
727,1999,1,31,5,30,0,0,,,,,,,,,,,,,,,,,,,,,,,,,,,,,,,,,,,,,,,
728,1999,1,31,6,30,0,0,,,,,,,,,,,,,,,,,,,,,,,,,,,,,,,,,,,,,,,
729,1999,1,31,7,30,38,7,,,,,,,,,,,,,,,,,,,,,,,,,,,,,,,,,,,,,,,
730,1999,1,31,8,30,259,837,,,,,,,,,,,,,,,,,,,,,,,,,,,,,,,,,,,,,,,
731,1999,1,31,9,30,449,958,,,,,,,,,,,,,,,,,,,,,,,,,,,,,,,,,,,,,,,
732,1999,1,31,10,30,596,1012,,,,,,,,,,,,,,,,,,,,,,,,,,,,,,,,,,,,,,,
733,1999,1,31,11,30,683,1037,,,,,,,,,,,,,,,,,,,,,,,,,,,,,,,,,,,,,,,
734,1999,1,31,12,30,703,1042,,,,,,,,,,,,,,,,,,,,,,,,,,,,,,,,,,,,,,,
735,1999,1,31,13,30,653,1032,,,,,,,,,,,,,,,,,,,,,,,,,,,,,,,,,,,,,,,
736,1999,1,31,14,30,545,1007,,,,,,,,,,,,,,,,,,,,,,,,,,,,,,,,,,,,,,,
737,1999,1,31,15,30,378,936,,,,,,,,,,,,,,,,,,,,,,,,,,,,,,,,,,,,,,,
738,1999,1,31,16,30,176,768,,,,,,,,,,,,,,,,,,,,,,,,,,,,,,,,,,,,,,,
739,1999,1,31,17,30,0,0,,,,,,,,,,,,,,,,,,,,,,,,,,,,,,,,,,,,,,,
740,1999,1,31,18,30,0,0,,,,,,,,,,,,,,,,,,,,,,,,,,,,,,,,,,,,,,,
741,1999,1,31,19,30,0,0,,,,,,,,,,,,,,,,,,,,,,,,,,,,,,,,,,,,,,,
742,1999,1,31,20,30,0,0,,,,,,,,,,,,,,,,,,,,,,,,,,,,,,,,,,,,,,,
743,1999,1,31,21,30,0,0,,,,,,,,,,,,,,,,,,,,,,,,,,,,,,,,,,,,,,,
744,1999,1,31,22,30,0,0,,,,,,,,,,,,,,,,,,,,,,,,,,,,,,,,,,,,,,,
745,1999,1,31,23,30,0,0,,,,,,,,,,,,,,,,,,,,,,,,,,,,,,,,,,,,,,,
746,1999,2,1,0,30,0,0,,,,,,,,,,,,,,,,,,,,,,,,,,,,,,,,,,,,,,,
747,1999,2,1,1,30,0,0,,,,,,,,,,,,,,,,,,,,,,,,,,,,,,,,,,,,,,,
748,1999,2,1,2,30,0,0,,,,,,,,,,,,,,,,,,,,,,,,,,,,,,,,,,,,,,,
749,1999,2,1,3,30,0,0,,,,,,,,,,,,,,,,,,,,,,,,,,,,,,,,,,,,,,,
750,1999,2,1,4,30,0,0,,,,,,,,,,,,,,,,,,,,,,,,,,,,,,,,,,,,,,,
751,1999,2,1,5,30,0,0,,,,,,,,,,,,,,,,,,,,,,,,,,,,,,,,,,,,,,,
752,1999,2,1,6,30,0,0,,,,,,,,,,,,,,,,,,,,,,,,,,,,,,,,,,,,,,,
753,1999,2,1,7,30,62,521,,,,,,,,,,,,,,,,,,,,,,,,,,,,,,,,,,,,,,,
754,1999,2,1,8,30,261,844,,,,,,,,,,,,,,,,,,,,,,,,,,,,,,,,,,,,,,,
755,1999,2,1,9,30,451,958,,,,,,,,,,,,,,,,,,,,,,,,,,,,,,,,,,,,,,,
756,1999,2,1,10,30,596,1010,,,,,,,,,,,,,,,,,,,,,,,,,,,,,,,,,,,,,,,
757,1999,2,1,11,30,689,1055,,,,,,,,,,,,,,,,,,,,,,,,,,,,,,,,,,,,,,,
758,1999,2,1,12,30,709,1064,,,,,,,,,,,,,,,,,,,,,,,,,,,,,,,,,,,,,,,
759,1999,2,1,13,30,669,1070,,,,,,,,,,,,,,,,,,,,,,,,,,,,,,,,,,,,,,,
760,1999,2,1,14,30,547,1021,,,,,,,,,,,,,,,,,,,,,,,,,,,,,,,,,,,,,,,
761,1999,2,1,15,30,381,949,,,,,,,,,,,,,,,,,,,,,,,,,,,,,,,,,,,,,,,
762,1999,2,1,16,30,181,785,,,,,,,,,,,,,,,,,,,,,,,,,,,,,,,,,,,,,,,
763,1999,2,1,17,30,0,0,,,,,,,,,,,,,,,,,,,,,,,,,,,,,,,,,,,,,,,
764,1999,2,1,18,30,0,0,,,,,,,,,,,,,,,,,,,,,,,,,,,,,,,,,,,,,,,
765,1999,2,1,19,30,0,0,,,,,,,,,,,,,,,,,,,,,,,,,,,,,,,,,,,,,,,
766,1999,2,1,20,30,0,0,,,,,,,,,,,,,,,,,,,,,,,,,,,,,,,,,,,,,,,
767,1999,2,1,21,30,0,0,,,,,,,,,,,,,,,,,,,,,,,,,,,,,,,,,,,,,,,
768,1999,2,1,22,30,0,0,,,,,,,,,,,,,,,,,,,,,,,,,,,,,,,,,,,,,,,
769,1999,2,1,23,30,0,0,,,,,,,,,,,,,,,,,,,,,,,,,,,,,,,,,,,,,,,
770,1999,2,2,0,30,0,0,,,,,,,,,,,,,,,,,,,,,,,,,,,,,,,,,,,,,,,
771,1999,2,2,1,30,0,0,,,,,,,,,,,,,,,,,,,,,,,,,,,,,,,,,,,,,,,
772,1999,2,2,2,30,0,0,,,,,,,,,,,,,,,,,,,,,,,,,,,,,,,,,,,,,,,
773,1999,2,2,3,30,0,0,,,,,,,,,,,,,,,,,,,,,,,,,,,,,,,,,,,,,,,
774,1999,2,2,4,30,0,0,,,,,,,,,,,,,,,,,,,,,,,,,,,,,,,,,,,,,,,
775,1999,2,2,5,30,0,0,,,,,,,,,,,,,,,,,,,,,,,,,,,,,,,,,,,,,,,
776,1999,2,2,6,30,0,0,,,,,,,,,,,,,,,,,,,,,,,,,,,,,,,,,,,,,,,
777,1999,2,2,7,30,66,581,,,,,,,,,,,,,,,,,,,,,,,,,,,,,,,,,,,,,,,
778,1999,2,2,8,30,276,908,,,,,,,,,,,,,,,,,,,,,,,,,,,,,,,,,,,,,,,
779,1999,2,2,9,30,472,1021,,,,,,,,,,,,,,,,,,,,,,,,,,,,,,,,,,,,,,,
780,1999,2,2,10,30,610,1048,,,,,,,,,,,,,,,,,,,,,,,,,,,,,,,,,,,,,,,
781,1999,2,2,11,30,699,1071,,,,,,,,,,,,,,,,,,,,,,,,,,,,,,,,,,,,,,,
782,1999,2,2,12,30,720,1076,,,,,,,,,,,,,,,,,,,,,,,,,,,,,,,,,,,,,,,
783,1999,2,2,13,30,672,1063,,,,,,,,,,,,,,,,,,,,,,,,,,,,,,,,,,,,,,,
784,1999,2,2,14,30,559,1030,,,,,,,,,,,,,,,,,,,,,,,,,,,,,,,,,,,,,,,
785,1999,2,2,15,30,391,960,,,,,,,,,,,,,,,,,,,,,,,,,,,,,,,,,,,,,,,
786,1999,2,2,16,30,187,801,,,,,,,,,,,,,,,,,,,,,,,,,,,,,,,,,,,,,,,
787,1999,2,2,17,30,0,0,,,,,,,,,,,,,,,,,,,,,,,,,,,,,,,,,,,,,,,
788,1999,2,2,18,30,0,0,,,,,,,,,,,,,,,,,,,,,,,,,,,,,,,,,,,,,,,
789,1999,2,2,19,30,0,0,,,,,,,,,,,,,,,,,,,,,,,,,,,,,,,,,,,,,,,
790,1999,2,2,20,30,0,0,,,,,,,,,,,,,,,,,,,,,,,,,,,,,,,,,,,,,,,
791,1999,2,2,21,30,0,0,,,,,,,,,,,,,,,,,,,,,,,,,,,,,,,,,,,,,,,
792,1999,2,2,22,30,0,0,,,,,,,,,,,,,,,,,,,,,,,,,,,,,,,,,,,,,,,
793,1999,2,2,23,30,0,0,,,,,,,,,,,,,,,,,,,,,,,,,,,,,,,,,,,,,,,
794,1999,2,3,0,30,0,0,,,,,,,,,,,,,,,,,,,,,,,,,,,,,,,,,,,,,,,
795,1999,2,3,1,30,0,0,,,,,,,,,,,,,,,,,,,,,,,,,,,,,,,,,,,,,,,
796,1999,2,3,2,30,0,0,,,,,,,,,,,,,,,,,,,,,,,,,,,,,,,,,,,,,,,
797,1999,2,3,3,30,0,0,,,,,,,,,,,,,,,,,,,,,,,,,,,,,,,,,,,,,,,
798,1999,2,3,4,30,0,0,,,,,,,,,,,,,,,,,,,,,,,,,,,,,,,,,,,,,,,
799,1999,2,3,5,30,0,0,,,,,,,,,,,,,,,,,,,,,,,,,,,,,,,,,,,,,,,
800,1999,2,3,6,30,0,0,,,,,,,,,,,,,,,,,,,,,,,,,,,,,,,,,,,,,,,
801,1999,2,3,7,30,65,529,,,,,,,,,,,,,,,,,,,,,,,,,,,,,,,,,,,,,,,
802,1999,2,3,8,30,262,839,,,,,,,,,,,,,,,,,,,,,,,,,,,,,,,,,,,,,,,
803,1999,2,3,9,30,453,961,,,,,,,,,,,,,,,,,,,,,,,,,,,,,,,,,,,,,,,
804,1999,2,3,10,30,599,1015,,,,,,,,,,,,,,,,,,,,,,,,,,,,,,,,,,,,,,,
805,1999,2,3,11,30,686,1038,,,,,,,,,,,,,,,,,,,,,,,,,,,,,,,,,,,,,,,
806,1999,2,3,12,30,707,1043,,,,,,,,,,,,,,,,,,,,,,,,,,,,,,,,,,,,,,,
807,1999,2,3,13,30,655,1022,,,,,,,,,,,,,,,,,,,,,,,,,,,,,,,,,,,,,,,
808,1999,2,3,14,30,532,655,,,,,,,,,,,,,,,,,,,,,,,,,,,,,,,,,,,,,,,
809,1999,2,3,15,30,362,560,,,,,,,,,,,,,,,,,,,,,,,,,,,,,,,,,,,,,,,
810,1999,2,3,16,30,179,538,,,,,,,,,,,,,,,,,,,,,,,,,,,,,,,,,,,,,,,
811,1999,2,3,17,30,0,0,,,,,,,,,,,,,,,,,,,,,,,,,,,,,,,,,,,,,,,
812,1999,2,3,18,30,0,0,,,,,,,,,,,,,,,,,,,,,,,,,,,,,,,,,,,,,,,
813,1999,2,3,19,30,0,0,,,,,,,,,,,,,,,,,,,,,,,,,,,,,,,,,,,,,,,
814,1999,2,3,20,30,0,0,,,,,,,,,,,,,,,,,,,,,,,,,,,,,,,,,,,,,,,
815,1999,2,3,21,30,0,0,,,,,,,,,,,,,,,,,,,,,,,,,,,,,,,,,,,,,,,
816,1999,2,3,22,30,0,0,,,,,,,,,,,,,,,,,,,,,,,,,,,,,,,,,,,,,,,
817,1999,2,3,23,30,0,0,,,,,,,,,,,,,,,,,,,,,,,,,,,,,,,,,,,,,,,
818,1999,2,4,0,30,0,0,,,,,,,,,,,,,,,,,,,,,,,,,,,,,,,,,,,,,,,
819,1999,2,4,1,30,0,0,,,,,,,,,,,,,,,,,,,,,,,,,,,,,,,,,,,,,,,
820,1999,2,4,2,30,0,0,,,,,,,,,,,,,,,,,,,,,,,,,,,,,,,,,,,,,,,
821,1999,2,4,3,30,0,0,,,,,,,,,,,,,,,,,,,,,,,,,,,,,,,,,,,,,,,
822,1999,2,4,4,30,0,0,,,,,,,,,,,,,,,,,,,,,,,,,,,,,,,,,,,,,,,
823,1999,2,4,5,30,0,0,,,,,,,,,,,,,,,,,,,,,,,,,,,,,,,,,,,,,,,
824,1999,2,4,6,30,0,0,,,,,,,,,,,,,,,,,,,,,,,,,,,,,,,,,,,,,,,
825,1999,2,4,7,30,43,10,,,,,,,,,,,,,,,,,,,,,,,,,,,,,,,,,,,,,,,
826,1999,2,4,8,30,205,284,,,,,,,,,,,,,,,,,,,,,,,,,,,,,,,,,,,,,,,
827,1999,2,4,9,30,307,99,,,,,,,,,,,,,,,,,,,,,,,,,,,,,,,,,,,,,,,
828,1999,2,4,10,30,535,656,,,,,,,,,,,,,,,,,,,,,,,,,,,,,,,,,,,,,,,
829,1999,2,4,11,30,362,81,,,,,,,,,,,,,,,,,,,,,,,,,,,,,,,,,,,,,,,
830,1999,2,4,12,30,561,531,,,,,,,,,,,,,,,,,,,,,,,,,,,,,,,,,,,,,,,
831,1999,2,4,13,30,368,94,,,,,,,,,,,,,,,,,,,,,,,,,,,,,,,,,,,,,,,
832,1999,2,4,14,30,184,9,,,,,,,,,,,,,,,,,,,,,,,,,,,,,,,,,,,,,,,
833,1999,2,4,15,30,104,3,,,,,,,,,,,,,,,,,,,,,,,,,,,,,,,,,,,,,,,
834,1999,2,4,16,30,30,0,,,,,,,,,,,,,,,,,,,,,,,,,,,,,,,,,,,,,,,
835,1999,2,4,17,30,0,0,,,,,,,,,,,,,,,,,,,,,,,,,,,,,,,,,,,,,,,
836,1999,2,4,18,30,0,0,,,,,,,,,,,,,,,,,,,,,,,,,,,,,,,,,,,,,,,
837,1999,2,4,19,30,0,0,,,,,,,,,,,,,,,,,,,,,,,,,,,,,,,,,,,,,,,
838,1999,2,4,20,30,0,0,,,,,,,,,,,,,,,,,,,,,,,,,,,,,,,,,,,,,,,
839,1999,2,4,21,30,0,0,,,,,,,,,,,,,,,,,,,,,,,,,,,,,,,,,,,,,,,
840,1999,2,4,22,30,0,0,,,,,,,,,,,,,,,,,,,,,,,,,,,,,,,,,,,,,,,
841,1999,2,4,23,30,0,0,,,,,,,,,,,,,,,,,,,,,,,,,,,,,,,,,,,,,,,
842,1999,2,5,0,30,0,0,,,,,,,,,,,,,,,,,,,,,,,,,,,,,,,,,,,,,,,
843,1999,2,5,1,30,0,0,,,,,,,,,,,,,,,,,,,,,,,,,,,,,,,,,,,,,,,
844,1999,2,5,2,30,0,0,,,,,,,,,,,,,,,,,,,,,,,,,,,,,,,,,,,,,,,
845,1999,2,5,3,30,0,0,,,,,,,,,,,,,,,,,,,,,,,,,,,,,,,,,,,,,,,
846,1999,2,5,4,30,0,0,,,,,,,,,,,,,,,,,,,,,,,,,,,,,,,,,,,,,,,
847,1999,2,5,5,30,0,0,,,,,,,,,,,,,,,,,,,,,,,,,,,,,,,,,,,,,,,
848,1999,2,5,6,30,0,0,,,,,,,,,,,,,,,,,,,,,,,,,,,,,,,,,,,,,,,
849,1999,2,5,7,30,25,1,,,,,,,,,,,,,,,,,,,,,,,,,,,,,,,,,,,,,,,
850,1999,2,5,8,30,176,99,,,,,,,,,,,,,,,,,,,,,,,,,,,,,,,,,,,,,,,
851,1999,2,5,9,30,315,253,,,,,,,,,,,,,,,,,,,,,,,,,,,,,,,,,,,,,,,
852,1999,2,5,10,30,49,0,,,,,,,,,,,,,,,,,,,,,,,,,,,,,,,,,,,,,,,
853,1999,2,5,11,30,412,205,,,,,,,,,,,,,,,,,,,,,,,,,,,,,,,,,,,,,,,
854,1999,2,5,12,30,16,0,,,,,,,,,,,,,,,,,,,,,,,,,,,,,,,,,,,,,,,
855,1999,2,5,13,30,328,79,,,,,,,,,,,,,,,,,,,,,,,,,,,,,,,,,,,,,,,
856,1999,2,5,14,30,255,66,,,,,,,,,,,,,,,,,,,,,,,,,,,,,,,,,,,,,,,
857,1999,2,5,15,30,21,0,,,,,,,,,,,,,,,,,,,,,,,,,,,,,,,,,,,,,,,
858,1999,2,5,16,30,122,63,,,,,,,,,,,,,,,,,,,,,,,,,,,,,,,,,,,,,,,
859,1999,2,5,17,30,0,0,,,,,,,,,,,,,,,,,,,,,,,,,,,,,,,,,,,,,,,
860,1999,2,5,18,30,0,0,,,,,,,,,,,,,,,,,,,,,,,,,,,,,,,,,,,,,,,
861,1999,2,5,19,30,0,0,,,,,,,,,,,,,,,,,,,,,,,,,,,,,,,,,,,,,,,
862,1999,2,5,20,30,0,0,,,,,,,,,,,,,,,,,,,,,,,,,,,,,,,,,,,,,,,
863,1999,2,5,21,30,0,0,,,,,,,,,,,,,,,,,,,,,,,,,,,,,,,,,,,,,,,
864,1999,2,5,22,30,0,0,,,,,,,,,,,,,,,,,,,,,,,,,,,,,,,,,,,,,,,
865,1999,2,5,23,30,0,0,,,,,,,,,,,,,,,,,,,,,,,,,,,,,,,,,,,,,,,
866,1999,2,6,0,30,0,0,,,,,,,,,,,,,,,,,,,,,,,,,,,,,,,,,,,,,,,
867,1999,2,6,1,30,0,0,,,,,,,,,,,,,,,,,,,,,,,,,,,,,,,,,,,,,,,
868,1999,2,6,2,30,0,0,,,,,,,,,,,,,,,,,,,,,,,,,,,,,,,,,,,,,,,
869,1999,2,6,3,30,0,0,,,,,,,,,,,,,,,,,,,,,,,,,,,,,,,,,,,,,,,
870,1999,2,6,4,30,0,0,,,,,,,,,,,,,,,,,,,,,,,,,,,,,,,,,,,,,,,
871,1999,2,6,5,30,0,0,,,,,,,,,,,,,,,,,,,,,,,,,,,,,,,,,,,,,,,
872,1999,2,6,6,30,0,0,,,,,,,,,,,,,,,,,,,,,,,,,,,,,,,,,,,,,,,
873,1999,2,6,7,30,72,534,,,,,,,,,,,,,,,,,,,,,,,,,,,,,,,,,,,,,,,
874,1999,2,6,8,30,273,829,,,,,,,,,,,,,,,,,,,,,,,,,,,,,,,,,,,,,,,
875,1999,2,6,9,30,462,940,,,,,,,,,,,,,,,,,,,,,,,,,,,,,,,,,,,,,,,
876,1999,2,6,10,30,608,992,,,,,,,,,,,,,,,,,,,,,,,,,,,,,,,,,,,,,,,
877,1999,2,6,11,30,444,102,,,,,,,,,,,,,,,,,,,,,,,,,,,,,,,,,,,,,,,
878,1999,2,6,12,30,669,619,,,,,,,,,,,,,,,,,,,,,,,,,,,,,,,,,,,,,,,
879,1999,2,6,13,30,670,1019,,,,,,,,,,,,,,,,,,,,,,,,,,,,,,,,,,,,,,,
880,1999,2,6,14,30,193,1,,,,,,,,,,,,,,,,,,,,,,,,,,,,,,,,,,,,,,,
881,1999,2,6,15,30,397,933,,,,,,,,,,,,,,,,,,,,,,,,,,,,,,,,,,,,,,,
882,1999,2,6,16,30,196,777,,,,,,,,,,,,,,,,,,,,,,,,,,,,,,,,,,,,,,,
883,1999,2,6,17,30,0,0,,,,,,,,,,,,,,,,,,,,,,,,,,,,,,,,,,,,,,,
884,1999,2,6,18,30,0,0,,,,,,,,,,,,,,,,,,,,,,,,,,,,,,,,,,,,,,,
885,1999,2,6,19,30,0,0,,,,,,,,,,,,,,,,,,,,,,,,,,,,,,,,,,,,,,,
886,1999,2,6,20,30,0,0,,,,,,,,,,,,,,,,,,,,,,,,,,,,,,,,,,,,,,,
887,1999,2,6,21,30,0,0,,,,,,,,,,,,,,,,,,,,,,,,,,,,,,,,,,,,,,,
888,1999,2,6,22,30,0,0,,,,,,,,,,,,,,,,,,,,,,,,,,,,,,,,,,,,,,,
889,1999,2,6,23,30,0,0,,,,,,,,,,,,,,,,,,,,,,,,,,,,,,,,,,,,,,,
890,1999,2,7,0,30,0,0,,,,,,,,,,,,,,,,,,,,,,,,,,,,,,,,,,,,,,,
891,1999,2,7,1,30,0,0,,,,,,,,,,,,,,,,,,,,,,,,,,,,,,,,,,,,,,,
892,1999,2,7,2,30,0,0,,,,,,,,,,,,,,,,,,,,,,,,,,,,,,,,,,,,,,,
893,1999,2,7,3,30,0,0,,,,,,,,,,,,,,,,,,,,,,,,,,,,,,,,,,,,,,,
894,1999,2,7,4,30,0,0,,,,,,,,,,,,,,,,,,,,,,,,,,,,,,,,,,,,,,,
895,1999,2,7,5,30,0,0,,,,,,,,,,,,,,,,,,,,,,,,,,,,,,,,,,,,,,,
896,1999,2,7,6,30,0,0,,,,,,,,,,,,,,,,,,,,,,,,,,,,,,,,,,,,,,,
897,1999,2,7,7,30,75,538,,,,,,,,,,,,,,,,,,,,,,,,,,,,,,,,,,,,,,,
898,1999,2,7,8,30,276,836,,,,,,,,,,,,,,,,,,,,,,,,,,,,,,,,,,,,,,,
899,1999,2,7,9,30,465,947,,,,,,,,,,,,,,,,,,,,,,,,,,,,,,,,,,,,,,,
900,1999,2,7,10,30,610,1001,,,,,,,,,,,,,,,,,,,,,,,,,,,,,,,,,,,,,,,
901,1999,2,7,11,30,697,1027,,,,,,,,,,,,,,,,,,,,,,,,,,,,,,,,,,,,,,,
902,1999,2,7,12,30,718,1032,,,,,,,,,,,,,,,,,,,,,,,,,,,,,,,,,,,,,,,
903,1999,2,7,13,30,671,1020,,,,,,,,,,,,,,,,,,,,,,,,,,,,,,,,,,,,,,,
904,1999,2,7,14,30,559,991,,,,,,,,,,,,,,,,,,,,,,,,,,,,,,,,,,,,,,,
905,1999,2,7,15,30,395,925,,,,,,,,,,,,,,,,,,,,,,,,,,,,,,,,,,,,,,,
906,1999,2,7,16,30,195,768,,,,,,,,,,,,,,,,,,,,,,,,,,,,,,,,,,,,,,,
907,1999,2,7,17,30,16,309,,,,,,,,,,,,,,,,,,,,,,,,,,,,,,,,,,,,,,,
908,1999,2,7,18,30,0,0,,,,,,,,,,,,,,,,,,,,,,,,,,,,,,,,,,,,,,,
909,1999,2,7,19,30,0,0,,,,,,,,,,,,,,,,,,,,,,,,,,,,,,,,,,,,,,,
910,1999,2,7,20,30,0,0,,,,,,,,,,,,,,,,,,,,,,,,,,,,,,,,,,,,,,,
911,1999,2,7,21,30,0,0,,,,,,,,,,,,,,,,,,,,,,,,,,,,,,,,,,,,,,,
912,1999,2,7,22,30,0,0,,,,,,,,,,,,,,,,,,,,,,,,,,,,,,,,,,,,,,,
913,1999,2,7,23,30,0,0,,,,,,,,,,,,,,,,,,,,,,,,,,,,,,,,,,,,,,,
914,1999,2,8,0,30,0,0,,,,,,,,,,,,,,,,,,,,,,,,,,,,,,,,,,,,,,,
915,1999,2,8,1,30,0,0,,,,,,,,,,,,,,,,,,,,,,,,,,,,,,,,,,,,,,,
916,1999,2,8,2,30,0,0,,,,,,,,,,,,,,,,,,,,,,,,,,,,,,,,,,,,,,,
917,1999,2,8,3,30,0,0,,,,,,,,,,,,,,,,,,,,,,,,,,,,,,,,,,,,,,,
918,1999,2,8,4,30,0,0,,,,,,,,,,,,,,,,,,,,,,,,,,,,,,,,,,,,,,,
919,1999,2,8,5,30,0,0,,,,,,,,,,,,,,,,,,,,,,,,,,,,,,,,,,,,,,,
920,1999,2,8,6,30,0,0,,,,,,,,,,,,,,,,,,,,,,,,,,,,,,,,,,,,,,,
921,1999,2,8,7,30,77,546,,,,,,,,,,,,,,,,,,,,,,,,,,,,,,,,,,,,,,,
922,1999,2,8,8,30,278,840,,,,,,,,,,,,,,,,,,,,,,,,,,,,,,,,,,,,,,,
923,1999,2,8,9,30,466,948,,,,,,,,,,,,,,,,,,,,,,,,,,,,,,,,,,,,,,,
924,1999,2,8,10,30,611,999,,,,,,,,,,,,,,,,,,,,,,,,,,,,,,,,,,,,,,,
925,1999,2,8,11,30,694,1021,,,,,,,,,,,,,,,,,,,,,,,,,,,,,,,,,,,,,,,
926,1999,2,8,12,30,715,1025,,,,,,,,,,,,,,,,,,,,,,,,,,,,,,,,,,,,,,,
927,1999,2,8,13,30,671,1020,,,,,,,,,,,,,,,,,,,,,,,,,,,,,,,,,,,,,,,
928,1999,2,8,14,30,561,987,,,,,,,,,,,,,,,,,,,,,,,,,,,,,,,,,,,,,,,
929,1999,2,8,15,30,397,920,,,,,,,,,,,,,,,,,,,,,,,,,,,,,,,,,,,,,,,
930,1999,2,8,16,30,201,777,,,,,,,,,,,,,,,,,,,,,,,,,,,,,,,,,,,,,,,
931,1999,2,8,17,30,18,323,,,,,,,,,,,,,,,,,,,,,,,,,,,,,,,,,,,,,,,
932,1999,2,8,18,30,0,0,,,,,,,,,,,,,,,,,,,,,,,,,,,,,,,,,,,,,,,
933,1999,2,8,19,30,0,0,,,,,,,,,,,,,,,,,,,,,,,,,,,,,,,,,,,,,,,
934,1999,2,8,20,30,0,0,,,,,,,,,,,,,,,,,,,,,,,,,,,,,,,,,,,,,,,
935,1999,2,8,21,30,0,0,,,,,,,,,,,,,,,,,,,,,,,,,,,,,,,,,,,,,,,
936,1999,2,8,22,30,0,0,,,,,,,,,,,,,,,,,,,,,,,,,,,,,,,,,,,,,,,
937,1999,2,8,23,30,0,0,,,,,,,,,,,,,,,,,,,,,,,,,,,,,,,,,,,,,,,
938,1999,2,9,0,30,0,0,,,,,,,,,,,,,,,,,,,,,,,,,,,,,,,,,,,,,,,
939,1999,2,9,1,30,0,0,,,,,,,,,,,,,,,,,,,,,,,,,,,,,,,,,,,,,,,
940,1999,2,9,2,30,0,0,,,,,,,,,,,,,,,,,,,,,,,,,,,,,,,,,,,,,,,
941,1999,2,9,3,30,0,0,,,,,,,,,,,,,,,,,,,,,,,,,,,,,,,,,,,,,,,
942,1999,2,9,4,30,0,0,,,,,,,,,,,,,,,,,,,,,,,,,,,,,,,,,,,,,,,
943,1999,2,9,5,30,0,0,,,,,,,,,,,,,,,,,,,,,,,,,,,,,,,,,,,,,,,
944,1999,2,9,6,30,0,0,,,,,,,,,,,,,,,,,,,,,,,,,,,,,,,,,,,,,,,
945,1999,2,9,7,30,82,568,,,,,,,,,,,,,,,,,,,,,,,,,,,,,,,,,,,,,,,
946,1999,2,9,8,30,288,869,,,,,,,,,,,,,,,,,,,,,,,,,,,,,,,,,,,,,,,
947,1999,2,9,9,30,479,973,,,,,,,,,,,,,,,,,,,,,,,,,,,,,,,,,,,,,,,
948,1999,2,9,10,30,626,1023,,,,,,,,,,,,,,,,,,,,,,,,,,,,,,,,,,,,,,,
949,1999,2,9,11,30,720,1056,,,,,,,,,,,,,,,,,,,,,,,,,,,,,,,,,,,,,,,
950,1999,2,9,12,30,741,1062,,,,,,,,,,,,,,,,,,,,,,,,,,,,,,,,,,,,,,,
951,1999,2,9,13,30,694,1051,,,,,,,,,,,,,,,,,,,,,,,,,,,,,,,,,,,,,,,
952,1999,2,9,14,30,576,1010,,,,,,,,,,,,,,,,,,,,,,,,,,,,,,,,,,,,,,,
953,1999,2,9,15,30,330,427,,,,,,,,,,,,,,,,,,,,,,,,,,,,,,,,,,,,,,,
954,1999,2,9,16,30,185,481,,,,,,,,,,,,,,,,,,,,,,,,,,,,,,,,,,,,,,,
955,1999,2,9,17,30,21,356,,,,,,,,,,,,,,,,,,,,,,,,,,,,,,,,,,,,,,,
956,1999,2,9,18,30,0,0,,,,,,,,,,,,,,,,,,,,,,,,,,,,,,,,,,,,,,,
957,1999,2,9,19,30,0,0,,,,,,,,,,,,,,,,,,,,,,,,,,,,,,,,,,,,,,,
958,1999,2,9,20,30,0,0,,,,,,,,,,,,,,,,,,,,,,,,,,,,,,,,,,,,,,,
959,1999,2,9,21,30,0,0,,,,,,,,,,,,,,,,,,,,,,,,,,,,,,,,,,,,,,,
960,1999,2,9,22,30,0,0,,,,,,,,,,,,,,,,,,,,,,,,,,,,,,,,,,,,,,,
961,1999,2,9,23,30,0,0,,,,,,,,,,,,,,,,,,,,,,,,,,,,,,,,,,,,,,,
962,1999,2,10,0,30,0,0,,,,,,,,,,,,,,,,,,,,,,,,,,,,,,,,,,,,,,,
963,1999,2,10,1,30,0,0,,,,,,,,,,,,,,,,,,,,,,,,,,,,,,,,,,,,,,,
964,1999,2,10,2,30,0,0,,,,,,,,,,,,,,,,,,,,,,,,,,,,,,,,,,,,,,,
965,1999,2,10,3,30,0,0,,,,,,,,,,,,,,,,,,,,,,,,,,,,,,,,,,,,,,,
966,1999,2,10,4,30,0,0,,,,,,,,,,,,,,,,,,,,,,,,,,,,,,,,,,,,,,,
967,1999,2,10,5,30,0,0,,,,,,,,,,,,,,,,,,,,,,,,,,,,,,,,,,,,,,,
968,1999,2,10,6,30,0,0,,,,,,,,,,,,,,,,,,,,,,,,,,,,,,,,,,,,,,,
969,1999,2,10,7,30,52,4,,,,,,,,,,,,,,,,,,,,,,,,,,,,,,,,,,,,,,,
970,1999,2,10,8,30,292,878,,,,,,,,,,,,,,,,,,,,,,,,,,,,,,,,,,,,,,,
971,1999,2,10,9,30,485,978,,,,,,,,,,,,,,,,,,,,,,,,,,,,,,,,,,,,,,,
972,1999,2,10,10,30,632,1026,,,,,,,,,,,,,,,,,,,,,,,,,,,,,,,,,,,,,,,
973,1999,2,10,11,30,715,1044,,,,,,,,,,,,,,,,,,,,,,,,,,,,,,,,,,,,,,,
974,1999,2,10,12,30,737,1048,,,,,,,,,,,,,,,,,,,,,,,,,,,,,,,,,,,,,,,
975,1999,2,10,13,30,691,1034,,,,,,,,,,,,,,,,,,,,,,,,,,,,,,,,,,,,,,,
976,1999,2,10,14,30,448,451,,,,,,,,,,,,,,,,,,,,,,,,,,,,,,,,,,,,,,,
977,1999,2,10,15,30,59,0,,,,,,,,,,,,,,,,,,,,,,,,,,,,,,,,,,,,,,,
978,1999,2,10,16,30,165,259,,,,,,,,,,,,,,,,,,,,,,,,,,,,,,,,,,,,,,,
979,1999,2,10,17,30,14,2,,,,,,,,,,,,,,,,,,,,,,,,,,,,,,,,,,,,,,,
980,1999,2,10,18,30,0,0,,,,,,,,,,,,,,,,,,,,,,,,,,,,,,,,,,,,,,,
981,1999,2,10,19,30,0,0,,,,,,,,,,,,,,,,,,,,,,,,,,,,,,,,,,,,,,,
982,1999,2,10,20,30,0,0,,,,,,,,,,,,,,,,,,,,,,,,,,,,,,,,,,,,,,,
983,1999,2,10,21,30,0,0,,,,,,,,,,,,,,,,,,,,,,,,,,,,,,,,,,,,,,,
984,1999,2,10,22,30,0,0,,,,,,,,,,,,,,,,,,,,,,,,,,,,,,,,,,,,,,,
985,1999,2,10,23,30,0,0,,,,,,,,,,,,,,,,,,,,,,,,,,,,,,,,,,,,,,,
986,1999,2,11,0,30,0,0,,,,,,,,,,,,,,,,,,,,,,,,,,,,,,,,,,,,,,,
987,1999,2,11,1,30,0,0,,,,,,,,,,,,,,,,,,,,,,,,,,,,,,,,,,,,,,,
988,1999,2,11,2,30,0,0,,,,,,,,,,,,,,,,,,,,,,,,,,,,,,,,,,,,,,,
989,1999,2,11,3,30,0,0,,,,,,,,,,,,,,,,,,,,,,,,,,,,,,,,,,,,,,,
990,1999,2,11,4,30,0,0,,,,,,,,,,,,,,,,,,,,,,,,,,,,,,,,,,,,,,,
991,1999,2,11,5,30,0,0,,,,,,,,,,,,,,,,,,,,,,,,,,,,,,,,,,,,,,,
992,1999,2,11,6,30,0,0,,,,,,,,,,,,,,,,,,,,,,,,,,,,,,,,,,,,,,,
993,1999,2,11,7,30,62,15,,,,,,,,,,,,,,,,,,,,,,,,,,,,,,,,,,,,,,,
994,1999,2,11,8,30,315,925,,,,,,,,,,,,,,,,,,,,,,,,,,,,,,,,,,,,,,,
995,1999,2,11,9,30,517,1027,,,,,,,,,,,,,,,,,,,,,,,,,,,,,,,,,,,,,,,
996,1999,2,11,10,30,670,1075,,,,,,,,,,,,,,,,,,,,,,,,,,,,,,,,,,,,,,,
997,1999,2,11,11,30,763,1098,,,,,,,,,,,,,,,,,,,,,,,,,,,,,,,,,,,,,,,
998,1999,2,11,12,30,785,1103,,,,,,,,,,,,,,,,,,,,,,,,,,,,,,,,,,,,,,,
999,1999,2,11,13,30,735,1092,,,,,,,,,,,,,,,,,,,,,,,,,,,,,,,,,,,,,,,
1000,1999,2,11,14,30,618,1063,,,,,,,,,,,,,,,,,,,,,,,,,,,,,,,,,,,,,,,
1001,1999,2,11,15,30,444,999,,,,,,,,,,,,,,,,,,,,,,,,,,,,,,,,,,,,,,,
1002,1999,2,11,16,30,231,862,,,,,,,,,,,,,,,,,,,,,,,,,,,,,,,,,,,,,,,
1003,1999,2,11,17,30,28,420,,,,,,,,,,,,,,,,,,,,,,,,,,,,,,,,,,,,,,,
1004,1999,2,11,18,30,0,0,,,,,,,,,,,,,,,,,,,,,,,,,,,,,,,,,,,,,,,
1005,1999,2,11,19,30,0,0,,,,,,,,,,,,,,,,,,,,,,,,,,,,,,,,,,,,,,,
1006,1999,2,11,20,30,0,0,,,,,,,,,,,,,,,,,,,,,,,,,,,,,,,,,,,,,,,
1007,1999,2,11,21,30,0,0,,,,,,,,,,,,,,,,,,,,,,,,,,,,,,,,,,,,,,,
1008,1999,2,11,22,30,0,0,,,,,,,,,,,,,,,,,,,,,,,,,,,,,,,,,,,,,,,
1009,1999,2,11,23,30,0,0,,,,,,,,,,,,,,,,,,,,,,,,,,,,,,,,,,,,,,,
1010,1999,2,12,0,30,0,0,,,,,,,,,,,,,,,,,,,,,,,,,,,,,,,,,,,,,,,
1011,1999,2,12,1,30,0,0,,,,,,,,,,,,,,,,,,,,,,,,,,,,,,,,,,,,,,,
1012,1999,2,12,2,30,0,0,,,,,,,,,,,,,,,,,,,,,,,,,,,,,,,,,,,,,,,
1013,1999,2,12,3,30,0,0,,,,,,,,,,,,,,,,,,,,,,,,,,,,,,,,,,,,,,,
1014,1999,2,12,4,30,0,0,,,,,,,,,,,,,,,,,,,,,,,,,,,,,,,,,,,,,,,
1015,1999,2,12,5,30,0,0,,,,,,,,,,,,,,,,,,,,,,,,,,,,,,,,,,,,,,,
1016,1999,2,12,6,30,0,0,,,,,,,,,,,,,,,,,,,,,,,,,,,,,,,,,,,,,,,
1017,1999,2,12,7,30,59,6,,,,,,,,,,,,,,,,,,,,,,,,,,,,,,,,,,,,,,,
1018,1999,2,12,8,30,311,917,,,,,,,,,,,,,,,,,,,,,,,,,,,,,,,,,,,,,,,
1019,1999,2,12,9,30,508,1015,,,,,,,,,,,,,,,,,,,,,,,,,,,,,,,,,,,,,,,
1020,1999,2,12,10,30,659,1062,,,,,,,,,,,,,,,,,,,,,,,,,,,,,,,,,,,,,,,
1021,1999,2,12,11,30,739,1070,,,,,,,,,,,,,,,,,,,,,,,,,,,,,,,,,,,,,,,
1022,1999,2,12,12,30,760,1075,,,,,,,,,,,,,,,,,,,,,,,,,,,,,,,,,,,,,,,
1023,1999,2,12,13,30,712,1064,,,,,,,,,,,,,,,,,,,,,,,,,,,,,,,,,,,,,,,
1024,1999,2,12,14,30,599,1034,,,,,,,,,,,,,,,,,,,,,,,,,,,,,,,,,,,,,,,
1025,1999,2,12,15,30,430,973,,,,,,,,,,,,,,,,,,,,,,,,,,,,,,,,,,,,,,,
1026,1999,2,12,16,30,225,835,,,,,,,,,,,,,,,,,,,,,,,,,,,,,,,,,,,,,,,
1027,1999,2,12,17,30,28,416,,,,,,,,,,,,,,,,,,,,,,,,,,,,,,,,,,,,,,,
1028,1999,2,12,18,30,0,0,,,,,,,,,,,,,,,,,,,,,,,,,,,,,,,,,,,,,,,
1029,1999,2,12,19,30,0,0,,,,,,,,,,,,,,,,,,,,,,,,,,,,,,,,,,,,,,,
1030,1999,2,12,20,30,0,0,,,,,,,,,,,,,,,,,,,,,,,,,,,,,,,,,,,,,,,
1031,1999,2,12,21,30,0,0,,,,,,,,,,,,,,,,,,,,,,,,,,,,,,,,,,,,,,,
1032,1999,2,12,22,30,0,0,,,,,,,,,,,,,,,,,,,,,,,,,,,,,,,,,,,,,,,
1033,1999,2,12,23,30,0,0,,,,,,,,,,,,,,,,,,,,,,,,,,,,,,,,,,,,,,,
1034,1999,2,13,0,30,0,0,,,,,,,,,,,,,,,,,,,,,,,,,,,,,,,,,,,,,,,
1035,1999,2,13,1,30,0,0,,,,,,,,,,,,,,,,,,,,,,,,,,,,,,,,,,,,,,,
1036,1999,2,13,2,30,0,0,,,,,,,,,,,,,,,,,,,,,,,,,,,,,,,,,,,,,,,
1037,1999,2,13,3,30,0,0,,,,,,,,,,,,,,,,,,,,,,,,,,,,,,,,,,,,,,,
1038,1999,2,13,4,30,0,0,,,,,,,,,,,,,,,,,,,,,,,,,,,,,,,,,,,,,,,
1039,1999,2,13,5,30,0,0,,,,,,,,,,,,,,,,,,,,,,,,,,,,,,,,,,,,,,,
1040,1999,2,13,6,30,0,0,,,,,,,,,,,,,,,,,,,,,,,,,,,,,,,,,,,,,,,
1041,1999,2,13,7,30,55,2,,,,,,,,,,,,,,,,,,,,,,,,,,,,,,,,,,,,,,,
1042,1999,2,13,8,30,316,925,,,,,,,,,,,,,,,,,,,,,,,,,,,,,,,,,,,,,,,
1043,1999,2,13,9,30,513,1020,,,,,,,,,,,,,,,,,,,,,,,,,,,,,,,,,,,,,,,
1044,1999,2,13,10,30,664,1066,,,,,,,,,,,,,,,,,,,,,,,,,,,,,,,,,,,,,,,
1045,1999,2,13,11,30,755,1087,,,,,,,,,,,,,,,,,,,,,,,,,,,,,,,,,,,,,,,
1046,1999,2,13,12,30,776,1092,,,,,,,,,,,,,,,,,,,,,,,,,,,,,,,,,,,,,,,
1047,1999,2,13,13,30,728,1081,,,,,,,,,,,,,,,,,,,,,,,,,,,,,,,,,,,,,,,
1048,1999,2,13,14,30,613,1052,,,,,,,,,,,,,,,,,,,,,,,,,,,,,,,,,,,,,,,
1049,1999,2,13,15,30,451,1015,,,,,,,,,,,,,,,,,,,,,,,,,,,,,,,,,,,,,,,
1050,1999,2,13,16,30,239,884,,,,,,,,,,,,,,,,,,,,,,,,,,,,,,,,,,,,,,,
1051,1999,2,13,17,30,32,470,,,,,,,,,,,,,,,,,,,,,,,,,,,,,,,,,,,,,,,
1052,1999,2,13,18,30,0,0,,,,,,,,,,,,,,,,,,,,,,,,,,,,,,,,,,,,,,,
1053,1999,2,13,19,30,0,0,,,,,,,,,,,,,,,,,,,,,,,,,,,,,,,,,,,,,,,
1054,1999,2,13,20,30,0,0,,,,,,,,,,,,,,,,,,,,,,,,,,,,,,,,,,,,,,,
1055,1999,2,13,21,30,0,0,,,,,,,,,,,,,,,,,,,,,,,,,,,,,,,,,,,,,,,
1056,1999,2,13,22,30,0,0,,,,,,,,,,,,,,,,,,,,,,,,,,,,,,,,,,,,,,,
1057,1999,2,13,23,30,0,0,,,,,,,,,,,,,,,,,,,,,,,,,,,,,,,,,,,,,,,
1058,1999,2,14,0,30,0,0,,,,,,,,,,,,,,,,,,,,,,,,,,,,,,,,,,,,,,,
1059,1999,2,14,1,30,0,0,,,,,,,,,,,,,,,,,,,,,,,,,,,,,,,,,,,,,,,
1060,1999,2,14,2,30,0,0,,,,,,,,,,,,,,,,,,,,,,,,,,,,,,,,,,,,,,,
1061,1999,2,14,3,30,0,0,,,,,,,,,,,,,,,,,,,,,,,,,,,,,,,,,,,,,,,
1062,1999,2,14,4,30,0,0,,,,,,,,,,,,,,,,,,,,,,,,,,,,,,,,,,,,,,,
1063,1999,2,14,5,30,0,0,,,,,,,,,,,,,,,,,,,,,,,,,,,,,,,,,,,,,,,
1064,1999,2,14,6,30,0,0,,,,,,,,,,,,,,,,,,,,,,,,,,,,,,,,,,,,,,,
1065,1999,2,14,7,30,64,8,,,,,,,,,,,,,,,,,,,,,,,,,,,,,,,,,,,,,,,
1066,1999,2,14,8,30,318,891,,,,,,,,,,,,,,,,,,,,,,,,,,,,,,,,,,,,,,,
1067,1999,2,14,9,30,509,979,,,,,,,,,,,,,,,,,,,,,,,,,,,,,,,,,,,,,,,
1068,1999,2,14,10,30,659,1028,,,,,,,,,,,,,,,,,,,,,,,,,,,,,,,,,,,,,,,
1069,1999,2,14,11,30,714,826,,,,,,,,,,,,,,,,,,,,,,,,,,,,,,,,,,,,,,,
1070,1999,2,14,12,30,611,425,,,,,,,,,,,,,,,,,,,,,,,,,,,,,,,,,,,,,,,
1071,1999,2,14,13,30,716,1031,,,,,,,,,,,,,,,,,,,,,,,,,,,,,,,,,,,,,,,
1072,1999,2,14,14,30,470,423,,,,,,,,,,,,,,,,,,,,,,,,,,,,,,,,,,,,,,,
1073,1999,2,14,15,30,315,180,,,,,,,,,,,,,,,,,,,,,,,,,,,,,,,,,,,,,,,
1074,1999,2,14,16,30,226,777,,,,,,,,,,,,,,,,,,,,,,,,,,,,,,,,,,,,,,,
1075,1999,2,14,17,30,19,2,,,,,,,,,,,,,,,,,,,,,,,,,,,,,,,,,,,,,,,
1076,1999,2,14,18,30,0,0,,,,,,,,,,,,,,,,,,,,,,,,,,,,,,,,,,,,,,,
1077,1999,2,14,19,30,0,0,,,,,,,,,,,,,,,,,,,,,,,,,,,,,,,,,,,,,,,
1078,1999,2,14,20,30,0,0,,,,,,,,,,,,,,,,,,,,,,,,,,,,,,,,,,,,,,,
1079,1999,2,14,21,30,0,0,,,,,,,,,,,,,,,,,,,,,,,,,,,,,,,,,,,,,,,
1080,1999,2,14,22,30,0,0,,,,,,,,,,,,,,,,,,,,,,,,,,,,,,,,,,,,,,,
1081,1999,2,14,23,30,0,0,,,,,,,,,,,,,,,,,,,,,,,,,,,,,,,,,,,,,,,
1082,1999,2,15,0,30,0,0,,,,,,,,,,,,,,,,,,,,,,,,,,,,,,,,,,,,,,,
1083,1999,2,15,1,30,0,0,,,,,,,,,,,,,,,,,,,,,,,,,,,,,,,,,,,,,,,
1084,1999,2,15,2,30,0,0,,,,,,,,,,,,,,,,,,,,,,,,,,,,,,,,,,,,,,,
1085,1999,2,15,3,30,0,0,,,,,,,,,,,,,,,,,,,,,,,,,,,,,,,,,,,,,,,
1086,1999,2,15,4,30,0,0,,,,,,,,,,,,,,,,,,,,,,,,,,,,,,,,,,,,,,,
1087,1999,2,15,5,30,0,0,,,,,,,,,,,,,,,,,,,,,,,,,,,,,,,,,,,,,,,
1088,1999,2,15,6,30,0,0,,,,,,,,,,,,,,,,,,,,,,,,,,,,,,,,,,,,,,,
1089,1999,2,15,7,30,58,3,,,,,,,,,,,,,,,,,,,,,,,,,,,,,,,,,,,,,,,
1090,1999,2,15,8,30,314,866,,,,,,,,,,,,,,,,,,,,,,,,,,,,,,,,,,,,,,,
1091,1999,2,15,9,30,508,963,,,,,,,,,,,,,,,,,,,,,,,,,,,,,,,,,,,,,,,
1092,1999,2,15,10,30,656,1007,,,,,,,,,,,,,,,,,,,,,,,,,,,,,,,,,,,,,,,
1093,1999,2,15,11,30,458,97,,,,,,,,,,,,,,,,,,,,,,,,,,,,,,,,,,,,,,,
1094,1999,2,15,12,30,373,53,,,,,,,,,,,,,,,,,,,,,,,,,,,,,,,,,,,,,,,
1095,1999,2,15,13,30,724,1027,,,,,,,,,,,,,,,,,,,,,,,,,,,,,,,,,,,,,,,
1096,1999,2,15,14,30,610,998,,,,,,,,,,,,,,,,,,,,,,,,,,,,,,,,,,,,,,,
1097,1999,2,15,15,30,440,930,,,,,,,,,,,,,,,,,,,,,,,,,,,,,,,,,,,,,,,
1098,1999,2,15,16,30,232,780,,,,,,,,,,,,,,,,,,,,,,,,,,,,,,,,,,,,,,,
1099,1999,2,15,17,30,33,340,,,,,,,,,,,,,,,,,,,,,,,,,,,,,,,,,,,,,,,
1100,1999,2,15,18,30,0,0,,,,,,,,,,,,,,,,,,,,,,,,,,,,,,,,,,,,,,,
1101,1999,2,15,19,30,0,0,,,,,,,,,,,,,,,,,,,,,,,,,,,,,,,,,,,,,,,
1102,1999,2,15,20,30,0,0,,,,,,,,,,,,,,,,,,,,,,,,,,,,,,,,,,,,,,,
1103,1999,2,15,21,30,0,0,,,,,,,,,,,,,,,,,,,,,,,,,,,,,,,,,,,,,,,
1104,1999,2,15,22,30,0,0,,,,,,,,,,,,,,,,,,,,,,,,,,,,,,,,,,,,,,,
1105,1999,2,15,23,30,0,0,,,,,,,,,,,,,,,,,,,,,,,,,,,,,,,,,,,,,,,
1106,1999,2,16,0,30,0,0,,,,,,,,,,,,,,,,,,,,,,,,,,,,,,,,,,,,,,,
1107,1999,2,16,1,30,0,0,,,,,,,,,,,,,,,,,,,,,,,,,,,,,,,,,,,,,,,
1108,1999,2,16,2,30,0,0,,,,,,,,,,,,,,,,,,,,,,,,,,,,,,,,,,,,,,,
1109,1999,2,16,3,30,0,0,,,,,,,,,,,,,,,,,,,,,,,,,,,,,,,,,,,,,,,
1110,1999,2,16,4,30,0,0,,,,,,,,,,,,,,,,,,,,,,,,,,,,,,,,,,,,,,,
1111,1999,2,16,5,30,0,0,,,,,,,,,,,,,,,,,,,,,,,,,,,,,,,,,,,,,,,
1112,1999,2,16,6,30,0,0,,,,,,,,,,,,,,,,,,,,,,,,,,,,,,,,,,,,,,,
1113,1999,2,16,7,30,66,6,,,,,,,,,,,,,,,,,,,,,,,,,,,,,,,,,,,,,,,
1114,1999,2,16,8,30,325,890,,,,,,,,,,,,,,,,,,,,,,,,,,,,,,,,,,,,,,,
1115,1999,2,16,9,30,522,984,,,,,,,,,,,,,,,,,,,,,,,,,,,,,,,,,,,,,,,
1116,1999,2,16,10,30,673,1027,,,,,,,,,,,,,,,,,,,,,,,,,,,,,,,,,,,,,,,
1117,1999,2,16,11,30,557,293,,,,,,,,,,,,,,,,,,,,,,,,,,,,,,,,,,,,,,,
1118,1999,2,16,12,30,496,186,,,,,,,,,,,,,,,,,,,,,,,,,,,,,,,,,,,,,,,
1119,1999,2,16,13,30,559,474,,,,,,,,,,,,,,,,,,,,,,,,,,,,,,,,,,,,,,,
1120,1999,2,16,14,30,426,264,,,,,,,,,,,,,,,,,,,,,,,,,,,,,,,,,,,,,,,
1121,1999,2,16,15,30,266,111,,,,,,,,,,,,,,,,,,,,,,,,,,,,,,,,,,,,,,,
1122,1999,2,16,16,30,190,326,,,,,,,,,,,,,,,,,,,,,,,,,,,,,,,,,,,,,,,
1123,1999,2,16,17,30,22,2,,,,,,,,,,,,,,,,,,,,,,,,,,,,,,,,,,,,,,,
1124,1999,2,16,18,30,0,0,,,,,,,,,,,,,,,,,,,,,,,,,,,,,,,,,,,,,,,
1125,1999,2,16,19,30,0,0,,,,,,,,,,,,,,,,,,,,,,,,,,,,,,,,,,,,,,,
1126,1999,2,16,20,30,0,0,,,,,,,,,,,,,,,,,,,,,,,,,,,,,,,,,,,,,,,
1127,1999,2,16,21,30,0,0,,,,,,,,,,,,,,,,,,,,,,,,,,,,,,,,,,,,,,,
1128,1999,2,16,22,30,0,0,,,,,,,,,,,,,,,,,,,,,,,,,,,,,,,,,,,,,,,
1129,1999,2,16,23,30,0,0,,,,,,,,,,,,,,,,,,,,,,,,,,,,,,,,,,,,,,,
1130,1999,2,17,0,30,0,0,,,,,,,,,,,,,,,,,,,,,,,,,,,,,,,,,,,,,,,
1131,1999,2,17,1,30,0,0,,,,,,,,,,,,,,,,,,,,,,,,,,,,,,,,,,,,,,,
1132,1999,2,17,2,30,0,0,,,,,,,,,,,,,,,,,,,,,,,,,,,,,,,,,,,,,,,
1133,1999,2,17,3,30,0,0,,,,,,,,,,,,,,,,,,,,,,,,,,,,,,,,,,,,,,,
1134,1999,2,17,4,30,0,0,,,,,,,,,,,,,,,,,,,,,,,,,,,,,,,,,,,,,,,
1135,1999,2,17,5,30,0,0,,,,,,,,,,,,,,,,,,,,,,,,,,,,,,,,,,,,,,,
1136,1999,2,17,6,30,0,0,,,,,,,,,,,,,,,,,,,,,,,,,,,,,,,,,,,,,,,
1137,1999,2,17,7,30,71,34,,,,,,,,,,,,,,,,,,,,,,,,,,,,,,,,,,,,,,,
1138,1999,2,17,8,30,321,859,,,,,,,,,,,,,,,,,,,,,,,,,,,,,,,,,,,,,,,
1139,1999,2,17,9,30,379,196,,,,,,,,,,,,,,,,,,,,,,,,,,,,,,,,,,,,,,,
1140,1999,2,17,10,30,574,653,,,,,,,,,,,,,,,,,,,,,,,,,,,,,,,,,,,,,,,
1141,1999,2,17,11,30,565,341,,,,,,,,,,,,,,,,,,,,,,,,,,,,,,,,,,,,,,,
1142,1999,2,17,12,30,633,566,,,,,,,,,,,,,,,,,,,,,,,,,,,,,,,,,,,,,,,
1143,1999,2,17,13,30,714,1006,,,,,,,,,,,,,,,,,,,,,,,,,,,,,,,,,,,,,,,
1144,1999,2,17,14,30,590,657,,,,,,,,,,,,,,,,,,,,,,,,,,,,,,,,,,,,,,,
1145,1999,2,17,15,30,341,364,,,,,,,,,,,,,,,,,,,,,,,,,,,,,,,,,,,,,,,
1146,1999,2,17,16,30,181,219,,,,,,,,,,,,,,,,,,,,,,,,,,,,,,,,,,,,,,,
1147,1999,2,17,17,30,38,374,,,,,,,,,,,,,,,,,,,,,,,,,,,,,,,,,,,,,,,
1148,1999,2,17,18,30,0,0,,,,,,,,,,,,,,,,,,,,,,,,,,,,,,,,,,,,,,,
1149,1999,2,17,19,30,0,0,,,,,,,,,,,,,,,,,,,,,,,,,,,,,,,,,,,,,,,
1150,1999,2,17,20,30,0,0,,,,,,,,,,,,,,,,,,,,,,,,,,,,,,,,,,,,,,,
1151,1999,2,17,21,30,0,0,,,,,,,,,,,,,,,,,,,,,,,,,,,,,,,,,,,,,,,
1152,1999,2,17,22,30,0,0,,,,,,,,,,,,,,,,,,,,,,,,,,,,,,,,,,,,,,,
1153,1999,2,17,23,30,0,0,,,,,,,,,,,,,,,,,,,,,,,,,,,,,,,,,,,,,,,
1154,1999,2,18,0,30,0,0,,,,,,,,,,,,,,,,,,,,,,,,,,,,,,,,,,,,,,,
1155,1999,2,18,1,30,0,0,,,,,,,,,,,,,,,,,,,,,,,,,,,,,,,,,,,,,,,
1156,1999,2,18,2,30,0,0,,,,,,,,,,,,,,,,,,,,,,,,,,,,,,,,,,,,,,,
1157,1999,2,18,3,30,0,0,,,,,,,,,,,,,,,,,,,,,,,,,,,,,,,,,,,,,,,
1158,1999,2,18,4,30,0,0,,,,,,,,,,,,,,,,,,,,,,,,,,,,,,,,,,,,,,,
1159,1999,2,18,5,30,0,0,,,,,,,,,,,,,,,,,,,,,,,,,,,,,,,,,,,,,,,
1160,1999,2,18,6,30,0,0,,,,,,,,,,,,,,,,,,,,,,,,,,,,,,,,,,,,,,,
1161,1999,2,18,7,30,76,18,,,,,,,,,,,,,,,,,,,,,,,,,,,,,,,,,,,,,,,
1162,1999,2,18,8,30,329,878,,,,,,,,,,,,,,,,,,,,,,,,,,,,,,,,,,,,,,,
1163,1999,2,18,9,30,525,976,,,,,,,,,,,,,,,,,,,,,,,,,,,,,,,,,,,,,,,
1164,1999,2,18,10,30,674,1023,,,,,,,,,,,,,,,,,,,,,,,,,,,,,,,,,,,,,,,
1165,1999,2,18,11,30,759,1038,,,,,,,,,,,,,,,,,,,,,,,,,,,,,,,,,,,,,,,
1166,1999,2,18,12,30,780,1042,,,,,,,,,,,,,,,,,,,,,,,,,,,,,,,,,,,,,,,
1167,1999,2,18,13,30,732,1029,,,,,,,,,,,,,,,,,,,,,,,,,,,,,,,,,,,,,,,
1168,1999,2,18,14,30,508,570,,,,,,,,,,,,,,,,,,,,,,,,,,,,,,,,,,,,,,,
1169,1999,2,18,15,30,218,44,,,,,,,,,,,,,,,,,,,,,,,,,,,,,,,,,,,,,,,
1170,1999,2,18,16,30,38,0,,,,,,,,,,,,,,,,,,,,,,,,,,,,,,,,,,,,,,,
1171,1999,2,18,17,30,27,6,,,,,,,,,,,,,,,,,,,,,,,,,,,,,,,,,,,,,,,
1172,1999,2,18,18,30,0,0,,,,,,,,,,,,,,,,,,,,,,,,,,,,,,,,,,,,,,,
1173,1999,2,18,19,30,0,0,,,,,,,,,,,,,,,,,,,,,,,,,,,,,,,,,,,,,,,
1174,1999,2,18,20,30,0,0,,,,,,,,,,,,,,,,,,,,,,,,,,,,,,,,,,,,,,,
1175,1999,2,18,21,30,0,0,,,,,,,,,,,,,,,,,,,,,,,,,,,,,,,,,,,,,,,
1176,1999,2,18,22,30,0,0,,,,,,,,,,,,,,,,,,,,,,,,,,,,,,,,,,,,,,,
1177,1999,2,18,23,30,0,0,,,,,,,,,,,,,,,,,,,,,,,,,,,,,,,,,,,,,,,
1178,1999,2,19,0,30,0,0,,,,,,,,,,,,,,,,,,,,,,,,,,,,,,,,,,,,,,,
1179,1999,2,19,1,30,0,0,,,,,,,,,,,,,,,,,,,,,,,,,,,,,,,,,,,,,,,
1180,1999,2,19,2,30,0,0,,,,,,,,,,,,,,,,,,,,,,,,,,,,,,,,,,,,,,,
1181,1999,2,19,3,30,0,0,,,,,,,,,,,,,,,,,,,,,,,,,,,,,,,,,,,,,,,
1182,1999,2,19,4,30,0,0,,,,,,,,,,,,,,,,,,,,,,,,,,,,,,,,,,,,,,,
1183,1999,2,19,5,30,0,0,,,,,,,,,,,,,,,,,,,,,,,,,,,,,,,,,,,,,,,
1184,1999,2,19,6,30,0,0,,,,,,,,,,,,,,,,,,,,,,,,,,,,,,,,,,,,,,,
1185,1999,2,19,7,30,76,40,,,,,,,,,,,,,,,,,,,,,,,,,,,,,,,,,,,,,,,
1186,1999,2,19,8,30,328,867,,,,,,,,,,,,,,,,,,,,,,,,,,,,,,,,,,,,,,,
1187,1999,2,19,9,30,518,957,,,,,,,,,,,,,,,,,,,,,,,,,,,,,,,,,,,,,,,
1188,1999,2,19,10,30,665,1003,,,,,,,,,,,,,,,,,,,,,,,,,,,,,,,,,,,,,,,
1189,1999,2,19,11,30,750,1021,,,,,,,,,,,,,,,,,,,,,,,,,,,,,,,,,,,,,,,
1190,1999,2,19,12,30,771,1022,,,,,,,,,,,,,,,,,,,,,,,,,,,,,,,,,,,,,,,
1191,1999,2,19,13,30,724,1008,,,,,,,,,,,,,,,,,,,,,,,,,,,,,,,,,,,,,,,
1192,1999,2,19,14,30,472,250,,,,,,,,,,,,,,,,,,,,,,,,,,,,,,,,,,,,,,,
1193,1999,2,19,15,30,325,281,,,,,,,,,,,,,,,,,,,,,,,,,,,,,,,,,,,,,,,
1194,1999,2,19,16,30,199,383,,,,,,,,,,,,,,,,,,,,,,,,,,,,,,,,,,,,,,,
1195,1999,2,19,17,30,42,390,,,,,,,,,,,,,,,,,,,,,,,,,,,,,,,,,,,,,,,
1196,1999,2,19,18,30,0,0,,,,,,,,,,,,,,,,,,,,,,,,,,,,,,,,,,,,,,,
1197,1999,2,19,19,30,0,0,,,,,,,,,,,,,,,,,,,,,,,,,,,,,,,,,,,,,,,
1198,1999,2,19,20,30,0,0,,,,,,,,,,,,,,,,,,,,,,,,,,,,,,,,,,,,,,,
1199,1999,2,19,21,30,0,0,,,,,,,,,,,,,,,,,,,,,,,,,,,,,,,,,,,,,,,
1200,1999,2,19,22,30,0,0,,,,,,,,,,,,,,,,,,,,,,,,,,,,,,,,,,,,,,,
1201,1999,2,19,23,30,0,0,,,,,,,,,,,,,,,,,,,,,,,,,,,,,,,,,,,,,,,
1202,1999,2,20,0,30,0,0,,,,,,,,,,,,,,,,,,,,,,,,,,,,,,,,,,,,,,,
1203,1999,2,20,1,30,0,0,,,,,,,,,,,,,,,,,,,,,,,,,,,,,,,,,,,,,,,
1204,1999,2,20,2,30,0,0,,,,,,,,,,,,,,,,,,,,,,,,,,,,,,,,,,,,,,,
1205,1999,2,20,3,30,0,0,,,,,,,,,,,,,,,,,,,,,,,,,,,,,,,,,,,,,,,
1206,1999,2,20,4,30,0,0,,,,,,,,,,,,,,,,,,,,,,,,,,,,,,,,,,,,,,,
1207,1999,2,20,5,30,0,0,,,,,,,,,,,,,,,,,,,,,,,,,,,,,,,,,,,,,,,
1208,1999,2,20,6,30,0,0,,,,,,,,,,,,,,,,,,,,,,,,,,,,,,,,,,,,,,,
1209,1999,2,20,7,30,77,11,,,,,,,,,,,,,,,,,,,,,,,,,,,,,,,,,,,,,,,
1210,1999,2,20,8,30,344,908,,,,,,,,,,,,,,,,,,,,,,,,,,,,,,,,,,,,,,,
1211,1999,2,20,9,30,425,307,,,,,,,,,,,,,,,,,,,,,,,,,,,,,,,,,,,,,,,
1212,1999,2,20,10,30,543,308,,,,,,,,,,,,,,,,,,,,,,,,,,,,,,,,,,,,,,,
1213,1999,2,20,11,30,657,437,,,,,,,,,,,,,,,,,,,,,,,,,,,,,,,,,,,,,,,
1214,1999,2,20,12,30,801,1068,,,,,,,,,,,,,,,,,,,,,,,,,,,,,,,,,,,,,,,
1215,1999,2,20,13,30,752,1056,,,,,,,,,,,,,,,,,,,,,,,,,,,,,,,,,,,,,,,
1216,1999,2,20,14,30,493,427,,,,,,,,,,,,,,,,,,,,,,,,,,,,,,,,,,,,,,,
1217,1999,2,20,15,30,347,294,,,,,,,,,,,,,,,,,,,,,,,,,,,,,,,,,,,,,,,
1218,1999,2,20,16,30,176,149,,,,,,,,,,,,,,,,,,,,,,,,,,,,,,,,,,,,,,,
1219,1999,2,20,17,30,24,0,,,,,,,,,,,,,,,,,,,,,,,,,,,,,,,,,,,,,,,
1220,1999,2,20,18,30,0,0,,,,,,,,,,,,,,,,,,,,,,,,,,,,,,,,,,,,,,,
1221,1999,2,20,19,30,0,0,,,,,,,,,,,,,,,,,,,,,,,,,,,,,,,,,,,,,,,
1222,1999,2,20,20,30,0,0,,,,,,,,,,,,,,,,,,,,,,,,,,,,,,,,,,,,,,,
1223,1999,2,20,21,30,0,0,,,,,,,,,,,,,,,,,,,,,,,,,,,,,,,,,,,,,,,
1224,1999,2,20,22,30,0,0,,,,,,,,,,,,,,,,,,,,,,,,,,,,,,,,,,,,,,,
1225,1999,2,20,23,30,0,0,,,,,,,,,,,,,,,,,,,,,,,,,,,,,,,,,,,,,,,
1226,1999,2,21,0,30,0,0,,,,,,,,,,,,,,,,,,,,,,,,,,,,,,,,,,,,,,,
1227,1999,2,21,1,30,0,0,,,,,,,,,,,,,,,,,,,,,,,,,,,,,,,,,,,,,,,
1228,1999,2,21,2,30,0,0,,,,,,,,,,,,,,,,,,,,,,,,,,,,,,,,,,,,,,,
1229,1999,2,21,3,30,0,0,,,,,,,,,,,,,,,,,,,,,,,,,,,,,,,,,,,,,,,
1230,1999,2,21,4,30,0,0,,,,,,,,,,,,,,,,,,,,,,,,,,,,,,,,,,,,,,,
1231,1999,2,21,5,30,0,0,,,,,,,,,,,,,,,,,,,,,,,,,,,,,,,,,,,,,,,
1232,1999,2,21,6,30,0,0,,,,,,,,,,,,,,,,,,,,,,,,,,,,,,,,,,,,,,,
1233,1999,2,21,7,30,74,5,,,,,,,,,,,,,,,,,,,,,,,,,,,,,,,,,,,,,,,
1234,1999,2,21,8,30,338,865,,,,,,,,,,,,,,,,,,,,,,,,,,,,,,,,,,,,,,,
1235,1999,2,21,9,30,531,957,,,,,,,,,,,,,,,,,,,,,,,,,,,,,,,,,,,,,,,
1236,1999,2,21,10,30,683,1009,,,,,,,,,,,,,,,,,,,,,,,,,,,,,,,,,,,,,,,
1237,1999,2,21,11,30,771,1032,,,,,,,,,,,,,,,,,,,,,,,,,,,,,,,,,,,,,,,
1238,1999,2,21,12,30,788,1030,,,,,,,,,,,,,,,,,,,,,,,,,,,,,,,,,,,,,,,
1239,1999,2,21,13,30,740,1018,,,,,,,,,,,,,,,,,,,,,,,,,,,,,,,,,,,,,,,
1240,1999,2,21,14,30,484,400,,,,,,,,,,,,,,,,,,,,,,,,,,,,,,,,,,,,,,,
1241,1999,2,21,15,30,375,507,,,,,,,,,,,,,,,,,,,,,,,,,,,,,,,,,,,,,,,
1242,1999,2,21,16,30,239,544,,,,,,,,,,,,,,,,,,,,,,,,,,,,,,,,,,,,,,,
1243,1999,2,21,17,30,47,387,,,,,,,,,,,,,,,,,,,,,,,,,,,,,,,,,,,,,,,
1244,1999,2,21,18,30,0,0,,,,,,,,,,,,,,,,,,,,,,,,,,,,,,,,,,,,,,,
1245,1999,2,21,19,30,0,0,,,,,,,,,,,,,,,,,,,,,,,,,,,,,,,,,,,,,,,
1246,1999,2,21,20,30,0,0,,,,,,,,,,,,,,,,,,,,,,,,,,,,,,,,,,,,,,,
1247,1999,2,21,21,30,0,0,,,,,,,,,,,,,,,,,,,,,,,,,,,,,,,,,,,,,,,
1248,1999,2,21,22,30,0,0,,,,,,,,,,,,,,,,,,,,,,,,,,,,,,,,,,,,,,,
1249,1999,2,21,23,30,0,0,,,,,,,,,,,,,,,,,,,,,,,,,,,,,,,,,,,,,,,
1250,1999,2,22,0,30,0,0,,,,,,,,,,,,,,,,,,,,,,,,,,,,,,,,,,,,,,,
1251,1999,2,22,1,30,0,0,,,,,,,,,,,,,,,,,,,,,,,,,,,,,,,,,,,,,,,
1252,1999,2,22,2,30,0,0,,,,,,,,,,,,,,,,,,,,,,,,,,,,,,,,,,,,,,,
1253,1999,2,22,3,30,0,0,,,,,,,,,,,,,,,,,,,,,,,,,,,,,,,,,,,,,,,
1254,1999,2,22,4,30,0,0,,,,,,,,,,,,,,,,,,,,,,,,,,,,,,,,,,,,,,,
1255,1999,2,22,5,30,0,0,,,,,,,,,,,,,,,,,,,,,,,,,,,,,,,,,,,,,,,
1256,1999,2,22,6,30,0,0,,,,,,,,,,,,,,,,,,,,,,,,,,,,,,,,,,,,,,,
1257,1999,2,22,7,30,140,728,,,,,,,,,,,,,,,,,,,,,,,,,,,,,,,,,,,,,,,
1258,1999,2,22,8,30,363,943,,,,,,,,,,,,,,,,,,,,,,,,,,,,,,,,,,,,,,,
1259,1999,2,22,9,30,564,1027,,,,,,,,,,,,,,,,,,,,,,,,,,,,,,,,,,,,,,,
1260,1999,2,22,10,30,718,1068,,,,,,,,,,,,,,,,,,,,,,,,,,,,,,,,,,,,,,,
1261,1999,2,22,11,30,808,1089,,,,,,,,,,,,,,,,,,,,,,,,,,,,,,,,,,,,,,,
1262,1999,2,22,12,30,829,1094,,,,,,,,,,,,,,,,,,,,,,,,,,,,,,,,,,,,,,,
1263,1999,2,22,13,30,779,1083,,,,,,,,,,,,,,,,,,,,,,,,,,,,,,,,,,,,,,,
1264,1999,2,22,14,30,661,1054,,,,,,,,,,,,,,,,,,,,,,,,,,,,,,,,,,,,,,,
1265,1999,2,22,15,30,486,998,,,,,,,,,,,,,,,,,,,,,,,,,,,,,,,,,,,,,,,
1266,1999,2,22,16,30,272,880,,,,,,,,,,,,,,,,,,,,,,,,,,,,,,,,,,,,,,,
1267,1999,2,22,17,30,56,531,,,,,,,,,,,,,,,,,,,,,,,,,,,,,,,,,,,,,,,
1268,1999,2,22,18,30,0,0,,,,,,,,,,,,,,,,,,,,,,,,,,,,,,,,,,,,,,,
1269,1999,2,22,19,30,0,0,,,,,,,,,,,,,,,,,,,,,,,,,,,,,,,,,,,,,,,
1270,1999,2,22,20,30,0,0,,,,,,,,,,,,,,,,,,,,,,,,,,,,,,,,,,,,,,,
1271,1999,2,22,21,30,0,0,,,,,,,,,,,,,,,,,,,,,,,,,,,,,,,,,,,,,,,
1272,1999,2,22,22,30,0,0,,,,,,,,,,,,,,,,,,,,,,,,,,,,,,,,,,,,,,,
1273,1999,2,22,23,30,0,0,,,,,,,,,,,,,,,,,,,,,,,,,,,,,,,,,,,,,,,
1274,1999,2,23,0,30,0,0,,,,,,,,,,,,,,,,,,,,,,,,,,,,,,,,,,,,,,,
1275,1999,2,23,1,30,0,0,,,,,,,,,,,,,,,,,,,,,,,,,,,,,,,,,,,,,,,
1276,1999,2,23,2,30,0,0,,,,,,,,,,,,,,,,,,,,,,,,,,,,,,,,,,,,,,,
1277,1999,2,23,3,30,0,0,,,,,,,,,,,,,,,,,,,,,,,,,,,,,,,,,,,,,,,
1278,1999,2,23,4,30,0,0,,,,,,,,,,,,,,,,,,,,,,,,,,,,,,,,,,,,,,,
1279,1999,2,23,5,30,0,0,,,,,,,,,,,,,,,,,,,,,,,,,,,,,,,,,,,,,,,
1280,1999,2,23,6,30,0,0,,,,,,,,,,,,,,,,,,,,,,,,,,,,,,,,,,,,,,,
1281,1999,2,23,7,30,138,719,,,,,,,,,,,,,,,,,,,,,,,,,,,,,,,,,,,,,,,
1282,1999,2,23,8,30,356,920,,,,,,,,,,,,,,,,,,,,,,,,,,,,,,,,,,,,,,,
1283,1999,2,23,9,30,553,1005,,,,,,,,,,,,,,,,,,,,,,,,,,,,,,,,,,,,,,,
1284,1999,2,23,10,30,698,1037,,,,,,,,,,,,,,,,,,,,,,,,,,,,,,,,,,,,,,,
1285,1999,2,23,11,30,788,1056,,,,,,,,,,,,,,,,,,,,,,,,,,,,,,,,,,,,,,,
1286,1999,2,23,12,30,809,1058,,,,,,,,,,,,,,,,,,,,,,,,,,,,,,,,,,,,,,,
1287,1999,2,23,13,30,760,1048,,,,,,,,,,,,,,,,,,,,,,,,,,,,,,,,,,,,,,,
1288,1999,2,23,14,30,644,1020,,,,,,,,,,,,,,,,,,,,,,,,,,,,,,,,,,,,,,,
1289,1999,2,23,15,30,474,963,,,,,,,,,,,,,,,,,,,,,,,,,,,,,,,,,,,,,,,
1290,1999,2,23,16,30,265,841,,,,,,,,,,,,,,,,,,,,,,,,,,,,,,,,,,,,,,,
1291,1999,2,23,17,30,56,500,,,,,,,,,,,,,,,,,,,,,,,,,,,,,,,,,,,,,,,
1292,1999,2,23,18,30,0,0,,,,,,,,,,,,,,,,,,,,,,,,,,,,,,,,,,,,,,,
1293,1999,2,23,19,30,0,0,,,,,,,,,,,,,,,,,,,,,,,,,,,,,,,,,,,,,,,
1294,1999,2,23,20,30,0,0,,,,,,,,,,,,,,,,,,,,,,,,,,,,,,,,,,,,,,,
1295,1999,2,23,21,30,0,0,,,,,,,,,,,,,,,,,,,,,,,,,,,,,,,,,,,,,,,
1296,1999,2,23,22,30,0,0,,,,,,,,,,,,,,,,,,,,,,,,,,,,,,,,,,,,,,,
1297,1999,2,23,23,30,0,0,,,,,,,,,,,,,,,,,,,,,,,,,,,,,,,,,,,,,,,
1298,1999,2,24,0,30,0,0,,,,,,,,,,,,,,,,,,,,,,,,,,,,,,,,,,,,,,,
1299,1999,2,24,1,30,0,0,,,,,,,,,,,,,,,,,,,,,,,,,,,,,,,,,,,,,,,
1300,1999,2,24,2,30,0,0,,,,,,,,,,,,,,,,,,,,,,,,,,,,,,,,,,,,,,,
1301,1999,2,24,3,30,0,0,,,,,,,,,,,,,,,,,,,,,,,,,,,,,,,,,,,,,,,
1302,1999,2,24,4,30,0,0,,,,,,,,,,,,,,,,,,,,,,,,,,,,,,,,,,,,,,,
1303,1999,2,24,5,30,0,0,,,,,,,,,,,,,,,,,,,,,,,,,,,,,,,,,,,,,,,
1304,1999,2,24,6,30,0,0,,,,,,,,,,,,,,,,,,,,,,,,,,,,,,,,,,,,,,,
1305,1999,2,24,7,30,90,13,,,,,,,,,,,,,,,,,,,,,,,,,,,,,,,,,,,,,,,
1306,1999,2,24,8,30,368,926,,,,,,,,,,,,,,,,,,,,,,,,,,,,,,,,,,,,,,,
1307,1999,2,24,9,30,567,1011,,,,,,,,,,,,,,,,,,,,,,,,,,,,,,,,,,,,,,,
1308,1999,2,24,10,30,719,1054,,,,,,,,,,,,,,,,,,,,,,,,,,,,,,,,,,,,,,,
1309,1999,2,24,11,30,809,1073,,,,,,,,,,,,,,,,,,,,,,,,,,,,,,,,,,,,,,,
1310,1999,2,24,12,30,829,1077,,,,,,,,,,,,,,,,,,,,,,,,,,,,,,,,,,,,,,,
1311,1999,2,24,13,30,779,1067,,,,,,,,,,,,,,,,,,,,,,,,,,,,,,,,,,,,,,,
1312,1999,2,24,14,30,662,1040,,,,,,,,,,,,,,,,,,,,,,,,,,,,,,,,,,,,,,,
1313,1999,2,24,15,30,489,983,,,,,,,,,,,,,,,,,,,,,,,,,,,,,,,,,,,,,,,
1314,1999,2,24,16,30,276,866,,,,,,,,,,,,,,,,,,,,,,,,,,,,,,,,,,,,,,,
1315,1999,2,24,17,30,61,524,,,,,,,,,,,,,,,,,,,,,,,,,,,,,,,,,,,,,,,
1316,1999,2,24,18,30,0,0,,,,,,,,,,,,,,,,,,,,,,,,,,,,,,,,,,,,,,,
1317,1999,2,24,19,30,0,0,,,,,,,,,,,,,,,,,,,,,,,,,,,,,,,,,,,,,,,
1318,1999,2,24,20,30,0,0,,,,,,,,,,,,,,,,,,,,,,,,,,,,,,,,,,,,,,,
1319,1999,2,24,21,30,0,0,,,,,,,,,,,,,,,,,,,,,,,,,,,,,,,,,,,,,,,
1320,1999,2,24,22,30,0,0,,,,,,,,,,,,,,,,,,,,,,,,,,,,,,,,,,,,,,,
1321,1999,2,24,23,30,0,0,,,,,,,,,,,,,,,,,,,,,,,,,,,,,,,,,,,,,,,
1322,1999,2,25,0,30,0,0,,,,,,,,,,,,,,,,,,,,,,,,,,,,,,,,,,,,,,,
1323,1999,2,25,1,30,0,0,,,,,,,,,,,,,,,,,,,,,,,,,,,,,,,,,,,,,,,
1324,1999,2,25,2,30,0,0,,,,,,,,,,,,,,,,,,,,,,,,,,,,,,,,,,,,,,,
1325,1999,2,25,3,30,0,0,,,,,,,,,,,,,,,,,,,,,,,,,,,,,,,,,,,,,,,
1326,1999,2,25,4,30,0,0,,,,,,,,,,,,,,,,,,,,,,,,,,,,,,,,,,,,,,,
1327,1999,2,25,5,30,0,0,,,,,,,,,,,,,,,,,,,,,,,,,,,,,,,,,,,,,,,
1328,1999,2,25,6,30,0,0,,,,,,,,,,,,,,,,,,,,,,,,,,,,,,,,,,,,,,,
1329,1999,2,25,7,30,128,297,,,,,,,,,,,,,,,,,,,,,,,,,,,,,,,,,,,,,,,
1330,1999,2,25,8,30,270,192,,,,,,,,,,,,,,,,,,,,,,,,,,,,,,,,,,,,,,,
1331,1999,2,25,9,30,542,770,,,,,,,,,,,,,,,,,,,,,,,,,,,,,,,,,,,,,,,
1332,1999,2,25,10,30,327,47,,,,,,,,,,,,,,,,,,,,,,,,,,,,,,,,,,,,,,,
1333,1999,2,25,11,30,505,238,,,,,,,,,,,,,,,,,,,,,,,,,,,,,,,,,,,,,,,
1334,1999,2,25,12,30,685,583,,,,,,,,,,,,,,,,,,,,,,,,,,,,,,,,,,,,,,,
1335,1999,2,25,13,30,608,502,,,,,,,,,,,,,,,,,,,,,,,,,,,,,,,,,,,,,,,
1336,1999,2,25,14,30,229,12,,,,,,,,,,,,,,,,,,,,,,,,,,,,,,,,,,,,,,,
1337,1999,2,25,15,30,268,82,,,,,,,,,,,,,,,,,,,,,,,,,,,,,,,,,,,,,,,
1338,1999,2,25,16,30,166,67,,,,,,,,,,,,,,,,,,,,,,,,,,,,,,,,,,,,,,,
1339,1999,2,25,17,30,40,9,,,,,,,,,,,,,,,,,,,,,,,,,,,,,,,,,,,,,,,
1340,1999,2,25,18,30,0,0,,,,,,,,,,,,,,,,,,,,,,,,,,,,,,,,,,,,,,,
1341,1999,2,25,19,30,0,0,,,,,,,,,,,,,,,,,,,,,,,,,,,,,,,,,,,,,,,
1342,1999,2,25,20,30,0,0,,,,,,,,,,,,,,,,,,,,,,,,,,,,,,,,,,,,,,,
1343,1999,2,25,21,30,0,0,,,,,,,,,,,,,,,,,,,,,,,,,,,,,,,,,,,,,,,
1344,1999,2,25,22,30,0,0,,,,,,,,,,,,,,,,,,,,,,,,,,,,,,,,,,,,,,,
1345,1999,2,25,23,30,0,0,,,,,,,,,,,,,,,,,,,,,,,,,,,,,,,,,,,,,,,
1346,1999,2,26,0,30,0,0,,,,,,,,,,,,,,,,,,,,,,,,,,,,,,,,,,,,,,,
1347,1999,2,26,1,30,0,0,,,,,,,,,,,,,,,,,,,,,,,,,,,,,,,,,,,,,,,
1348,1999,2,26,2,30,0,0,,,,,,,,,,,,,,,,,,,,,,,,,,,,,,,,,,,,,,,
1349,1999,2,26,3,30,0,0,,,,,,,,,,,,,,,,,,,,,,,,,,,,,,,,,,,,,,,
1350,1999,2,26,4,30,0,0,,,,,,,,,,,,,,,,,,,,,,,,,,,,,,,,,,,,,,,
1351,1999,2,26,5,30,0,0,,,,,,,,,,,,,,,,,,,,,,,,,,,,,,,,,,,,,,,
1352,1999,2,26,6,30,0,0,,,,,,,,,,,,,,,,,,,,,,,,,,,,,,,,,,,,,,,
1353,1999,2,26,7,30,151,679,,,,,,,,,,,,,,,,,,,,,,,,,,,,,,,,,,,,,,,
1354,1999,2,26,8,30,373,891,,,,,,,,,,,,,,,,,,,,,,,,,,,,,,,,,,,,,,,
1355,1999,2,26,9,30,572,980,,,,,,,,,,,,,,,,,,,,,,,,,,,,,,,,,,,,,,,
1356,1999,2,26,10,30,723,1023,,,,,,,,,,,,,,,,,,,,,,,,,,,,,,,,,,,,,,,
1357,1999,2,26,11,30,742,859,,,,,,,,,,,,,,,,,,,,,,,,,,,,,,,,,,,,,,,
1358,1999,2,26,12,30,687,639,,,,,,,,,,,,,,,,,,,,,,,,,,,,,,,,,,,,,,,
1359,1999,2,26,13,30,701,694,,,,,,,,,,,,,,,,,,,,,,,,,,,,,,,,,,,,,,,
1360,1999,2,26,14,30,642,654,,,,,,,,,,,,,,,,,,,,,,,,,,,,,,,,,,,,,,,
1361,1999,2,26,15,30,466,691,,,,,,,,,,,,,,,,,,,,,,,,,,,,,,,,,,,,,,,
1362,1999,2,26,16,30,218,294,,,,,,,,,,,,,,,,,,,,,,,,,,,,,,,,,,,,,,,
1363,1999,2,26,17,30,60,430,,,,,,,,,,,,,,,,,,,,,,,,,,,,,,,,,,,,,,,
1364,1999,2,26,18,30,0,0,,,,,,,,,,,,,,,,,,,,,,,,,,,,,,,,,,,,,,,
1365,1999,2,26,19,30,0,0,,,,,,,,,,,,,,,,,,,,,,,,,,,,,,,,,,,,,,,
1366,1999,2,26,20,30,0,0,,,,,,,,,,,,,,,,,,,,,,,,,,,,,,,,,,,,,,,
1367,1999,2,26,21,30,0,0,,,,,,,,,,,,,,,,,,,,,,,,,,,,,,,,,,,,,,,
1368,1999,2,26,22,30,0,0,,,,,,,,,,,,,,,,,,,,,,,,,,,,,,,,,,,,,,,
1369,1999,2,26,23,30,0,0,,,,,,,,,,,,,,,,,,,,,,,,,,,,,,,,,,,,,,,
1370,1999,2,27,0,30,0,0,,,,,,,,,,,,,,,,,,,,,,,,,,,,,,,,,,,,,,,
1371,1999,2,27,1,30,0,0,,,,,,,,,,,,,,,,,,,,,,,,,,,,,,,,,,,,,,,
1372,1999,2,27,2,30,0,0,,,,,,,,,,,,,,,,,,,,,,,,,,,,,,,,,,,,,,,
1373,1999,2,27,3,30,0,0,,,,,,,,,,,,,,,,,,,,,,,,,,,,,,,,,,,,,,,
1374,1999,2,27,4,30,0,0,,,,,,,,,,,,,,,,,,,,,,,,,,,,,,,,,,,,,,,
1375,1999,2,27,5,30,0,0,,,,,,,,,,,,,,,,,,,,,,,,,,,,,,,,,,,,,,,
1376,1999,2,27,6,30,0,0,,,,,,,,,,,,,,,,,,,,,,,,,,,,,,,,,,,,,,,
1377,1999,2,27,7,30,156,690,,,,,,,,,,,,,,,,,,,,,,,,,,,,,,,,,,,,,,,
1378,1999,2,27,8,30,379,902,,,,,,,,,,,,,,,,,,,,,,,,,,,,,,,,,,,,,,,
1379,1999,2,27,9,30,578,989,,,,,,,,,,,,,,,,,,,,,,,,,,,,,,,,,,,,,,,
1380,1999,2,27,10,30,730,1034,,,,,,,,,,,,,,,,,,,,,,,,,,,,,,,,,,,,,,,
1381,1999,2,27,11,30,819,1058,,,,,,,,,,,,,,,,,,,,,,,,,,,,,,,,,,,,,,,
1382,1999,2,27,12,30,840,1062,,,,,,,,,,,,,,,,,,,,,,,,,,,,,,,,,,,,,,,
1383,1999,2,27,13,30,789,1051,,,,,,,,,,,,,,,,,,,,,,,,,,,,,,,,,,,,,,,
1384,1999,2,27,14,30,671,1014,,,,,,,,,,,,,,,,,,,,,,,,,,,,,,,,,,,,,,,
1385,1999,2,27,15,30,497,955,,,,,,,,,,,,,,,,,,,,,,,,,,,,,,,,,,,,,,,
1386,1999,2,27,16,30,263,466,,,,,,,,,,,,,,,,,,,,,,,,,,,,,,,,,,,,,,,
1387,1999,2,27,17,30,51,34,,,,,,,,,,,,,,,,,,,,,,,,,,,,,,,,,,,,,,,
1388,1999,2,27,18,30,0,0,,,,,,,,,,,,,,,,,,,,,,,,,,,,,,,,,,,,,,,
1389,1999,2,27,19,30,0,0,,,,,,,,,,,,,,,,,,,,,,,,,,,,,,,,,,,,,,,
1390,1999,2,27,20,30,0,0,,,,,,,,,,,,,,,,,,,,,,,,,,,,,,,,,,,,,,,
1391,1999,2,27,21,30,0,0,,,,,,,,,,,,,,,,,,,,,,,,,,,,,,,,,,,,,,,
1392,1999,2,27,22,30,0,0,,,,,,,,,,,,,,,,,,,,,,,,,,,,,,,,,,,,,,,
1393,1999,2,27,23,30,0,0,,,,,,,,,,,,,,,,,,,,,,,,,,,,,,,,,,,,,,,
1394,1999,2,28,0,30,0,0,,,,,,,,,,,,,,,,,,,,,,,,,,,,,,,,,,,,,,,
1395,1999,2,28,1,30,0,0,,,,,,,,,,,,,,,,,,,,,,,,,,,,,,,,,,,,,,,
1396,1999,2,28,2,30,0,0,,,,,,,,,,,,,,,,,,,,,,,,,,,,,,,,,,,,,,,
1397,1999,2,28,3,30,0,0,,,,,,,,,,,,,,,,,,,,,,,,,,,,,,,,,,,,,,,
1398,1999,2,28,4,30,0,0,,,,,,,,,,,,,,,,,,,,,,,,,,,,,,,,,,,,,,,
1399,1999,2,28,5,30,0,0,,,,,,,,,,,,,,,,,,,,,,,,,,,,,,,,,,,,,,,
1400,1999,2,28,6,30,0,0,,,,,,,,,,,,,,,,,,,,,,,,,,,,,,,,,,,,,,,
1401,1999,2,28,7,30,157,686,,,,,,,,,,,,,,,,,,,,,,,,,,,,,,,,,,,,,,,
1402,1999,2,28,8,30,376,887,,,,,,,,,,,,,,,,,,,,,,,,,,,,,,,,,,,,,,,
1403,1999,2,28,9,30,572,969,,,,,,,,,,,,,,,,,,,,,,,,,,,,,,,,,,,,,,,
1404,1999,2,28,10,30,725,1017,,,,,,,,,,,,,,,,,,,,,,,,,,,,,,,,,,,,,,,
1405,1999,2,28,11,30,814,1035,,,,,,,,,,,,,,,,,,,,,,,,,,,,,,,,,,,,,,,
1406,1999,2,28,12,30,834,1038,,,,,,,,,,,,,,,,,,,,,,,,,,,,,,,,,,,,,,,
1407,1999,2,28,13,30,783,1026,,,,,,,,,,,,,,,,,,,,,,,,,,,,,,,,,,,,,,,
1408,1999,2,28,14,30,666,999,,,,,,,,,,,,,,,,,,,,,,,,,,,,,,,,,,,,,,,
1409,1999,2,28,15,30,472,708,,,,,,,,,,,,,,,,,,,,,,,,,,,,,,,,,,,,,,,
1410,1999,2,28,16,30,228,335,,,,,,,,,,,,,,,,,,,,,,,,,,,,,,,,,,,,,,,
1411,1999,2,28,17,30,68,502,,,,,,,,,,,,,,,,,,,,,,,,,,,,,,,,,,,,,,,
1412,1999,2,28,18,30,0,0,,,,,,,,,,,,,,,,,,,,,,,,,,,,,,,,,,,,,,,
1413,1999,2,28,19,30,0,0,,,,,,,,,,,,,,,,,,,,,,,,,,,,,,,,,,,,,,,
1414,1999,2,28,20,30,0,0,,,,,,,,,,,,,,,,,,,,,,,,,,,,,,,,,,,,,,,
1415,1999,2,28,21,30,0,0,,,,,,,,,,,,,,,,,,,,,,,,,,,,,,,,,,,,,,,
1416,1999,2,28,22,30,0,0,,,,,,,,,,,,,,,,,,,,,,,,,,,,,,,,,,,,,,,
1417,1999,2,28,23,30,0,0,,,,,,,,,,,,,,,,,,,,,,,,,,,,,,,,,,,,,,,
1418,1999,3,1,0,30,0,0,,,,,,,,,,,,,,,,,,,,,,,,,,,,,,,,,,,,,,,
1419,1999,3,1,1,30,0,0,,,,,,,,,,,,,,,,,,,,,,,,,,,,,,,,,,,,,,,
1420,1999,3,1,2,30,0,0,,,,,,,,,,,,,,,,,,,,,,,,,,,,,,,,,,,,,,,
1421,1999,3,1,3,30,0,0,,,,,,,,,,,,,,,,,,,,,,,,,,,,,,,,,,,,,,,
1422,1999,3,1,4,30,0,0,,,,,,,,,,,,,,,,,,,,,,,,,,,,,,,,,,,,,,,
1423,1999,3,1,5,30,0,0,,,,,,,,,,,,,,,,,,,,,,,,,,,,,,,,,,,,,,,
1424,1999,3,1,6,30,0,0,,,,,,,,,,,,,,,,,,,,,,,,,,,,,,,,,,,,,,,
1425,1999,3,1,7,30,145,299,,,,,,,,,,,,,,,,,,,,,,,,,,,,,,,,,,,,,,,
1426,1999,3,1,8,30,345,608,,,,,,,,,,,,,,,,,,,,,,,,,,,,,,,,,,,,,,,
1427,1999,3,1,9,30,580,963,,,,,,,,,,,,,,,,,,,,,,,,,,,,,,,,,,,,,,,
1428,1999,3,1,10,30,736,1023,,,,,,,,,,,,,,,,,,,,,,,,,,,,,,,,,,,,,,,
1429,1999,3,1,11,30,825,1047,,,,,,,,,,,,,,,,,,,,,,,,,,,,,,,,,,,,,,,
1430,1999,3,1,12,30,844,1048,,,,,,,,,,,,,,,,,,,,,,,,,,,,,,,,,,,,,,,
1431,1999,3,1,13,30,793,1038,,,,,,,,,,,,,,,,,,,,,,,,,,,,,,,,,,,,,,,
1432,1999,3,1,14,30,676,1012,,,,,,,,,,,,,,,,,,,,,,,,,,,,,,,,,,,,,,,
1433,1999,3,1,15,30,502,954,,,,,,,,,,,,,,,,,,,,,,,,,,,,,,,,,,,,,,,
1434,1999,3,1,16,30,275,495,,,,,,,,,,,,,,,,,,,,,,,,,,,,,,,,,,,,,,,
1435,1999,3,1,17,30,71,491,,,,,,,,,,,,,,,,,,,,,,,,,,,,,,,,,,,,,,,
1436,1999,3,1,18,30,0,0,,,,,,,,,,,,,,,,,,,,,,,,,,,,,,,,,,,,,,,
1437,1999,3,1,19,30,0,0,,,,,,,,,,,,,,,,,,,,,,,,,,,,,,,,,,,,,,,
1438,1999,3,1,20,30,0,0,,,,,,,,,,,,,,,,,,,,,,,,,,,,,,,,,,,,,,,
1439,1999,3,1,21,30,0,0,,,,,,,,,,,,,,,,,,,,,,,,,,,,,,,,,,,,,,,
1440,1999,3,1,22,30,0,0,,,,,,,,,,,,,,,,,,,,,,,,,,,,,,,,,,,,,,,
1441,1999,3,1,23,30,0,0,,,,,,,,,,,,,,,,,,,,,,,,,,,,,,,,,,,,,,,
1442,1999,3,2,0,30,0,0,,,,,,,,,,,,,,,,,,,,,,,,,,,,,,,,,,,,,,,
1443,1999,3,2,1,30,0,0,,,,,,,,,,,,,,,,,,,,,,,,,,,,,,,,,,,,,,,
1444,1999,3,2,2,30,0,0,,,,,,,,,,,,,,,,,,,,,,,,,,,,,,,,,,,,,,,
1445,1999,3,2,3,30,0,0,,,,,,,,,,,,,,,,,,,,,,,,,,,,,,,,,,,,,,,
1446,1999,3,2,4,30,0,0,,,,,,,,,,,,,,,,,,,,,,,,,,,,,,,,,,,,,,,
1447,1999,3,2,5,30,0,0,,,,,,,,,,,,,,,,,,,,,,,,,,,,,,,,,,,,,,,
1448,1999,3,2,6,30,0,0,,,,,,,,,,,,,,,,,,,,,,,,,,,,,,,,,,,,,,,
1449,1999,3,2,7,30,171,718,,,,,,,,,,,,,,,,,,,,,,,,,,,,,,,,,,,,,,,
1450,1999,3,2,8,30,396,911,,,,,,,,,,,,,,,,,,,,,,,,,,,,,,,,,,,,,,,
1451,1999,3,2,9,30,595,991,,,,,,,,,,,,,,,,,,,,,,,,,,,,,,,,,,,,,,,
1452,1999,3,2,10,30,740,1023,,,,,,,,,,,,,,,,,,,,,,,,,,,,,,,,,,,,,,,
1453,1999,3,2,11,30,829,1045,,,,,,,,,,,,,,,,,,,,,,,,,,,,,,,,,,,,,,,
1454,1999,3,2,12,30,848,1047,,,,,,,,,,,,,,,,,,,,,,,,,,,,,,,,,,,,,,,
1455,1999,3,2,13,30,797,1033,,,,,,,,,,,,,,,,,,,,,,,,,,,,,,,,,,,,,,,
1456,1999,3,2,14,30,679,1006,,,,,,,,,,,,,,,,,,,,,,,,,,,,,,,,,,,,,,,
1457,1999,3,2,15,30,505,946,,,,,,,,,,,,,,,,,,,,,,,,,,,,,,,,,,,,,,,
1458,1999,3,2,16,30,290,817,,,,,,,,,,,,,,,,,,,,,,,,,,,,,,,,,,,,,,,
1459,1999,3,2,17,30,73,491,,,,,,,,,,,,,,,,,,,,,,,,,,,,,,,,,,,,,,,
1460,1999,3,2,18,30,0,0,,,,,,,,,,,,,,,,,,,,,,,,,,,,,,,,,,,,,,,
1461,1999,3,2,19,30,0,0,,,,,,,,,,,,,,,,,,,,,,,,,,,,,,,,,,,,,,,
1462,1999,3,2,20,30,0,0,,,,,,,,,,,,,,,,,,,,,,,,,,,,,,,,,,,,,,,
1463,1999,3,2,21,30,0,0,,,,,,,,,,,,,,,,,,,,,,,,,,,,,,,,,,,,,,,
1464,1999,3,2,22,30,0,0,,,,,,,,,,,,,,,,,,,,,,,,,,,,,,,,,,,,,,,
1465,1999,3,2,23,30,0,0,,,,,,,,,,,,,,,,,,,,,,,,,,,,,,,,,,,,,,,
1466,1999,3,3,0,30,0,0,,,,,,,,,,,,,,,,,,,,,,,,,,,,,,,,,,,,,,,
1467,1999,3,3,1,30,0,0,,,,,,,,,,,,,,,,,,,,,,,,,,,,,,,,,,,,,,,
1468,1999,3,3,2,30,0,0,,,,,,,,,,,,,,,,,,,,,,,,,,,,,,,,,,,,,,,
1469,1999,3,3,3,30,0,0,,,,,,,,,,,,,,,,,,,,,,,,,,,,,,,,,,,,,,,
1470,1999,3,3,4,30,0,0,,,,,,,,,,,,,,,,,,,,,,,,,,,,,,,,,,,,,,,
1471,1999,3,3,5,30,0,0,,,,,,,,,,,,,,,,,,,,,,,,,,,,,,,,,,,,,,,
1472,1999,3,3,6,30,0,0,,,,,,,,,,,,,,,,,,,,,,,,,,,,,,,,,,,,,,,
1473,1999,3,3,7,30,175,713,,,,,,,,,,,,,,,,,,,,,,,,,,,,,,,,,,,,,,,
1474,1999,3,3,8,30,398,903,,,,,,,,,,,,,,,,,,,,,,,,,,,,,,,,,,,,,,,
1475,1999,3,3,9,30,597,984,,,,,,,,,,,,,,,,,,,,,,,,,,,,,,,,,,,,,,,
1476,1999,3,3,10,30,747,1025,,,,,,,,,,,,,,,,,,,,,,,,,,,,,,,,,,,,,,,
1477,1999,3,3,11,30,842,1054,,,,,,,,,,,,,,,,,,,,,,,,,,,,,,,,,,,,,,,
1478,1999,3,3,12,30,861,1056,,,,,,,,,,,,,,,,,,,,,,,,,,,,,,,,,,,,,,,
1479,1999,3,3,13,30,809,1045,,,,,,,,,,,,,,,,,,,,,,,,,,,,,,,,,,,,,,,
1480,1999,3,3,14,30,690,1014,,,,,,,,,,,,,,,,,,,,,,,,,,,,,,,,,,,,,,,
1481,1999,3,3,15,30,514,955,,,,,,,,,,,,,,,,,,,,,,,,,,,,,,,,,,,,,,,
1482,1999,3,3,16,30,298,835,,,,,,,,,,,,,,,,,,,,,,,,,,,,,,,,,,,,,,,
1483,1999,3,3,17,30,78,520,,,,,,,,,,,,,,,,,,,,,,,,,,,,,,,,,,,,,,,
1484,1999,3,3,18,30,0,0,,,,,,,,,,,,,,,,,,,,,,,,,,,,,,,,,,,,,,,
1485,1999,3,3,19,30,0,0,,,,,,,,,,,,,,,,,,,,,,,,,,,,,,,,,,,,,,,
1486,1999,3,3,20,30,0,0,,,,,,,,,,,,,,,,,,,,,,,,,,,,,,,,,,,,,,,
1487,1999,3,3,21,30,0,0,,,,,,,,,,,,,,,,,,,,,,,,,,,,,,,,,,,,,,,
1488,1999,3,3,22,30,0,0,,,,,,,,,,,,,,,,,,,,,,,,,,,,,,,,,,,,,,,
1489,1999,3,3,23,30,0,0,,,,,,,,,,,,,,,,,,,,,,,,,,,,,,,,,,,,,,,
1490,1999,3,4,0,30,0,0,,,,,,,,,,,,,,,,,,,,,,,,,,,,,,,,,,,,,,,
1491,1999,3,4,1,30,0,0,,,,,,,,,,,,,,,,,,,,,,,,,,,,,,,,,,,,,,,
1492,1999,3,4,2,30,0,0,,,,,,,,,,,,,,,,,,,,,,,,,,,,,,,,,,,,,,,
1493,1999,3,4,3,30,0,0,,,,,,,,,,,,,,,,,,,,,,,,,,,,,,,,,,,,,,,
1494,1999,3,4,4,30,0,0,,,,,,,,,,,,,,,,,,,,,,,,,,,,,,,,,,,,,,,
1495,1999,3,4,5,30,0,0,,,,,,,,,,,,,,,,,,,,,,,,,,,,,,,,,,,,,,,
1496,1999,3,4,6,30,0,0,,,,,,,,,,,,,,,,,,,,,,,,,,,,,,,,,,,,,,,
1497,1999,3,4,7,30,61,4,,,,,,,,,,,,,,,,,,,,,,,,,,,,,,,,,,,,,,,
1498,1999,3,4,8,30,333,452,,,,,,,,,,,,,,,,,,,,,,,,,,,,,,,,,,,,,,,
1499,1999,3,4,9,30,389,155,,,,,,,,,,,,,,,,,,,,,,,,,,,,,,,,,,,,,,,
1500,1999,3,4,10,30,617,450,,,,,,,,,,,,,,,,,,,,,,,,,,,,,,,,,,,,,,,
1501,1999,3,4,11,30,711,568,,,,,,,,,,,,,,,,,,,,,,,,,,,,,,,,,,,,,,,
1502,1999,3,4,12,30,720,550,,,,,,,,,,,,,,,,,,,,,,,,,,,,,,,,,,,,,,,
1503,1999,3,4,13,30,806,1019,,,,,,,,,,,,,,,,,,,,,,,,,,,,,,,,,,,,,,,
1504,1999,3,4,14,30,687,986,,,,,,,,,,,,,,,,,,,,,,,,,,,,,,,,,,,,,,,
1505,1999,3,4,15,30,431,538,,,,,,,,,,,,,,,,,,,,,,,,,,,,,,,,,,,,,,,
1506,1999,3,4,16,30,151,34,,,,,,,,,,,,,,,,,,,,,,,,,,,,,,,,,,,,,,,
1507,1999,3,4,17,30,59,42,,,,,,,,,,,,,,,,,,,,,,,,,,,,,,,,,,,,,,,
1508,1999,3,4,18,30,0,0,,,,,,,,,,,,,,,,,,,,,,,,,,,,,,,,,,,,,,,
1509,1999,3,4,19,30,0,0,,,,,,,,,,,,,,,,,,,,,,,,,,,,,,,,,,,,,,,
1510,1999,3,4,20,30,0,0,,,,,,,,,,,,,,,,,,,,,,,,,,,,,,,,,,,,,,,
1511,1999,3,4,21,30,0,0,,,,,,,,,,,,,,,,,,,,,,,,,,,,,,,,,,,,,,,
1512,1999,3,4,22,30,0,0,,,,,,,,,,,,,,,,,,,,,,,,,,,,,,,,,,,,,,,
1513,1999,3,4,23,30,0,0,,,,,,,,,,,,,,,,,,,,,,,,,,,,,,,,,,,,,,,
1514,1999,3,5,0,30,0,0,,,,,,,,,,,,,,,,,,,,,,,,,,,,,,,,,,,,,,,
1515,1999,3,5,1,30,0,0,,,,,,,,,,,,,,,,,,,,,,,,,,,,,,,,,,,,,,,
1516,1999,3,5,2,30,0,0,,,,,,,,,,,,,,,,,,,,,,,,,,,,,,,,,,,,,,,
1517,1999,3,5,3,30,0,0,,,,,,,,,,,,,,,,,,,,,,,,,,,,,,,,,,,,,,,
1518,1999,3,5,4,30,0,0,,,,,,,,,,,,,,,,,,,,,,,,,,,,,,,,,,,,,,,
1519,1999,3,5,5,30,0,0,,,,,,,,,,,,,,,,,,,,,,,,,,,,,,,,,,,,,,,
1520,1999,3,5,6,30,0,0,,,,,,,,,,,,,,,,,,,,,,,,,,,,,,,,,,,,,,,
1521,1999,3,5,7,30,183,707,,,,,,,,,,,,,,,,,,,,,,,,,,,,,,,,,,,,,,,
1522,1999,3,5,8,30,413,918,,,,,,,,,,,,,,,,,,,,,,,,,,,,,,,,,,,,,,,
1523,1999,3,5,9,30,620,1014,,,,,,,,,,,,,,,,,,,,,,,,,,,,,,,,,,,,,,,
1524,1999,3,5,10,30,773,1054,,,,,,,,,,,,,,,,,,,,,,,,,,,,,,,,,,,,,,,
1525,1999,3,5,11,30,854,1061,,,,,,,,,,,,,,,,,,,,,,,,,,,,,,,,,,,,,,,
1526,1999,3,5,12,30,873,1062,,,,,,,,,,,,,,,,,,,,,,,,,,,,,,,,,,,,,,,
1527,1999,3,5,13,30,820,1043,,,,,,,,,,,,,,,,,,,,,,,,,,,,,,,,,,,,,,,
1528,1999,3,5,14,30,694,1002,,,,,,,,,,,,,,,,,,,,,,,,,,,,,,,,,,,,,,,
1529,1999,3,5,15,30,384,352,,,,,,,,,,,,,,,,,,,,,,,,,,,,,,,,,,,,,,,
1530,1999,3,5,16,30,187,69,,,,,,,,,,,,,,,,,,,,,,,,,,,,,,,,,,,,,,,
1531,1999,3,5,17,30,43,4,,,,,,,,,,,,,,,,,,,,,,,,,,,,,,,,,,,,,,,
1532,1999,3,5,18,30,0,0,,,,,,,,,,,,,,,,,,,,,,,,,,,,,,,,,,,,,,,
1533,1999,3,5,19,30,0,0,,,,,,,,,,,,,,,,,,,,,,,,,,,,,,,,,,,,,,,
1534,1999,3,5,20,30,0,0,,,,,,,,,,,,,,,,,,,,,,,,,,,,,,,,,,,,,,,
1535,1999,3,5,21,30,0,0,,,,,,,,,,,,,,,,,,,,,,,,,,,,,,,,,,,,,,,
1536,1999,3,5,22,30,0,0,,,,,,,,,,,,,,,,,,,,,,,,,,,,,,,,,,,,,,,
1537,1999,3,5,23,30,0,0,,,,,,,,,,,,,,,,,,,,,,,,,,,,,,,,,,,,,,,
1538,1999,3,6,0,30,0,0,,,,,,,,,,,,,,,,,,,,,,,,,,,,,,,,,,,,,,,
1539,1999,3,6,1,30,0,0,,,,,,,,,,,,,,,,,,,,,,,,,,,,,,,,,,,,,,,
1540,1999,3,6,2,30,0,0,,,,,,,,,,,,,,,,,,,,,,,,,,,,,,,,,,,,,,,
1541,1999,3,6,3,30,0,0,,,,,,,,,,,,,,,,,,,,,,,,,,,,,,,,,,,,,,,
1542,1999,3,6,4,30,0,0,,,,,,,,,,,,,,,,,,,,,,,,,,,,,,,,,,,,,,,
1543,1999,3,6,5,30,0,0,,,,,,,,,,,,,,,,,,,,,,,,,,,,,,,,,,,,,,,
1544,1999,3,6,6,30,0,0,,,,,,,,,,,,,,,,,,,,,,,,,,,,,,,,,,,,,,,
1545,1999,3,6,7,30,140,83,,,,,,,,,,,,,,,,,,,,,,,,,,,,,,,,,,,,,,,
1546,1999,3,6,8,30,364,549,,,,,,,,,,,,,,,,,,,,,,,,,,,,,,,,,,,,,,,
1547,1999,3,6,9,30,373,156,,,,,,,,,,,,,,,,,,,,,,,,,,,,,,,,,,,,,,,
1548,1999,3,6,10,30,500,191,,,,,,,,,,,,,,,,,,,,,,,,,,,,,,,,,,,,,,,
1549,1999,3,6,11,30,658,409,,,,,,,,,,,,,,,,,,,,,,,,,,,,,,,,,,,,,,,
1550,1999,3,6,12,30,758,656,,,,,,,,,,,,,,,,,,,,,,,,,,,,,,,,,,,,,,,
1551,1999,3,6,13,30,658,554,,,,,,,,,,,,,,,,,,,,,,,,,,,,,,,,,,,,,,,
1552,1999,3,6,14,30,686,695,,,,,,,,,,,,,,,,,,,,,,,,,,,,,,,,,,,,,,,
1553,1999,3,6,15,30,500,721,,,,,,,,,,,,,,,,,,,,,,,,,,,,,,,,,,,,,,,
1554,1999,3,6,16,30,306,838,,,,,,,,,,,,,,,,,,,,,,,,,,,,,,,,,,,,,,,
1555,1999,3,6,17,30,86,541,,,,,,,,,,,,,,,,,,,,,,,,,,,,,,,,,,,,,,,
1556,1999,3,6,18,30,0,0,,,,,,,,,,,,,,,,,,,,,,,,,,,,,,,,,,,,,,,
1557,1999,3,6,19,30,0,0,,,,,,,,,,,,,,,,,,,,,,,,,,,,,,,,,,,,,,,
1558,1999,3,6,20,30,0,0,,,,,,,,,,,,,,,,,,,,,,,,,,,,,,,,,,,,,,,
1559,1999,3,6,21,30,0,0,,,,,,,,,,,,,,,,,,,,,,,,,,,,,,,,,,,,,,,
1560,1999,3,6,22,30,0,0,,,,,,,,,,,,,,,,,,,,,,,,,,,,,,,,,,,,,,,
1561,1999,3,6,23,30,0,0,,,,,,,,,,,,,,,,,,,,,,,,,,,,,,,,,,,,,,,
1562,1999,3,7,0,30,0,0,,,,,,,,,,,,,,,,,,,,,,,,,,,,,,,,,,,,,,,
1563,1999,3,7,1,30,0,0,,,,,,,,,,,,,,,,,,,,,,,,,,,,,,,,,,,,,,,
1564,1999,3,7,2,30,0,0,,,,,,,,,,,,,,,,,,,,,,,,,,,,,,,,,,,,,,,
1565,1999,3,7,3,30,0,0,,,,,,,,,,,,,,,,,,,,,,,,,,,,,,,,,,,,,,,
1566,1999,3,7,4,30,0,0,,,,,,,,,,,,,,,,,,,,,,,,,,,,,,,,,,,,,,,
1567,1999,3,7,5,30,0,0,,,,,,,,,,,,,,,,,,,,,,,,,,,,,,,,,,,,,,,
1568,1999,3,7,6,30,0,0,,,,,,,,,,,,,,,,,,,,,,,,,,,,,,,,,,,,,,,
1569,1999,3,7,7,30,34,0,,,,,,,,,,,,,,,,,,,,,,,,,,,,,,,,,,,,,,,
1570,1999,3,7,8,30,138,11,,,,,,,,,,,,,,,,,,,,,,,,,,,,,,,,,,,,,,,
1571,1999,3,7,9,30,455,309,,,,,,,,,,,,,,,,,,,,,,,,,,,,,,,,,,,,,,,
1572,1999,3,7,10,30,603,407,,,,,,,,,,,,,,,,,,,,,,,,,,,,,,,,,,,,,,,
1573,1999,3,7,11,30,469,58,,,,,,,,,,,,,,,,,,,,,,,,,,,,,,,,,,,,,,,
1574,1999,3,7,12,30,88,0,,,,,,,,,,,,,,,,,,,,,,,,,,,,,,,,,,,,,,,
1575,1999,3,7,13,30,201,3,,,,,,,,,,,,,,,,,,,,,,,,,,,,,,,,,,,,,,,
1576,1999,3,7,14,30,72,0,,,,,,,,,,,,,,,,,,,,,,,,,,,,,,,,,,,,,,,
1577,1999,3,7,15,30,497,677,,,,,,,,,,,,,,,,,,,,,,,,,,,,,,,,,,,,,,,
1578,1999,3,7,16,30,220,108,,,,,,,,,,,,,,,,,,,,,,,,,,,,,,,,,,,,,,,
1579,1999,3,7,17,30,30,1,,,,,,,,,,,,,,,,,,,,,,,,,,,,,,,,,,,,,,,
1580,1999,3,7,18,30,0,0,,,,,,,,,,,,,,,,,,,,,,,,,,,,,,,,,,,,,,,
1581,1999,3,7,19,30,0,0,,,,,,,,,,,,,,,,,,,,,,,,,,,,,,,,,,,,,,,
1582,1999,3,7,20,30,0,0,,,,,,,,,,,,,,,,,,,,,,,,,,,,,,,,,,,,,,,
1583,1999,3,7,21,30,0,0,,,,,,,,,,,,,,,,,,,,,,,,,,,,,,,,,,,,,,,
1584,1999,3,7,22,30,0,0,,,,,,,,,,,,,,,,,,,,,,,,,,,,,,,,,,,,,,,
1585,1999,3,7,23,30,0,0,,,,,,,,,,,,,,,,,,,,,,,,,,,,,,,,,,,,,,,
1586,1999,3,8,0,30,0,0,,,,,,,,,,,,,,,,,,,,,,,,,,,,,,,,,,,,,,,
1587,1999,3,8,1,30,0,0,,,,,,,,,,,,,,,,,,,,,,,,,,,,,,,,,,,,,,,
1588,1999,3,8,2,30,0,0,,,,,,,,,,,,,,,,,,,,,,,,,,,,,,,,,,,,,,,
1589,1999,3,8,3,30,0,0,,,,,,,,,,,,,,,,,,,,,,,,,,,,,,,,,,,,,,,
1590,1999,3,8,4,30,0,0,,,,,,,,,,,,,,,,,,,,,,,,,,,,,,,,,,,,,,,
1591,1999,3,8,5,30,0,0,,,,,,,,,,,,,,,,,,,,,,,,,,,,,,,,,,,,,,,
1592,1999,3,8,6,30,0,0,,,,,,,,,,,,,,,,,,,,,,,,,,,,,,,,,,,,,,,
1593,1999,3,8,7,30,75,1,,,,,,,,,,,,,,,,,,,,,,,,,,,,,,,,,,,,,,,
1594,1999,3,8,8,30,429,908,,,,,,,,,,,,,,,,,,,,,,,,,,,,,,,,,,,,,,,
1595,1999,3,8,9,30,631,996,,,,,,,,,,,,,,,,,,,,,,,,,,,,,,,,,,,,,,,
1596,1999,3,8,10,30,782,1040,,,,,,,,,,,,,,,,,,,,,,,,,,,,,,,,,,,,,,,
1597,1999,3,8,11,30,871,1061,,,,,,,,,,,,,,,,,,,,,,,,,,,,,,,,,,,,,,,
1598,1999,3,8,12,30,889,1063,,,,,,,,,,,,,,,,,,,,,,,,,,,,,,,,,,,,,,,
1599,1999,3,8,13,30,829,1042,,,,,,,,,,,,,,,,,,,,,,,,,,,,,,,,,,,,,,,
1600,1999,3,8,14,30,709,1017,,,,,,,,,,,,,,,,,,,,,,,,,,,,,,,,,,,,,,,
1601,1999,3,8,15,30,533,965,,,,,,,,,,,,,,,,,,,,,,,,,,,,,,,,,,,,,,,
1602,1999,3,8,16,30,317,855,,,,,,,,,,,,,,,,,,,,,,,,,,,,,,,,,,,,,,,
1603,1999,3,8,17,30,93,574,,,,,,,,,,,,,,,,,,,,,,,,,,,,,,,,,,,,,,,
1604,1999,3,8,18,30,0,0,,,,,,,,,,,,,,,,,,,,,,,,,,,,,,,,,,,,,,,
1605,1999,3,8,19,30,0,0,,,,,,,,,,,,,,,,,,,,,,,,,,,,,,,,,,,,,,,
1606,1999,3,8,20,30,0,0,,,,,,,,,,,,,,,,,,,,,,,,,,,,,,,,,,,,,,,
1607,1999,3,8,21,30,0,0,,,,,,,,,,,,,,,,,,,,,,,,,,,,,,,,,,,,,,,
1608,1999,3,8,22,30,0,0,,,,,,,,,,,,,,,,,,,,,,,,,,,,,,,,,,,,,,,
1609,1999,3,8,23,30,0,0,,,,,,,,,,,,,,,,,,,,,,,,,,,,,,,,,,,,,,,
1610,1999,3,9,0,30,0,0,,,,,,,,,,,,,,,,,,,,,,,,,,,,,,,,,,,,,,,
1611,1999,3,9,1,30,0,0,,,,,,,,,,,,,,,,,,,,,,,,,,,,,,,,,,,,,,,
1612,1999,3,9,2,30,0,0,,,,,,,,,,,,,,,,,,,,,,,,,,,,,,,,,,,,,,,
1613,1999,3,9,3,30,0,0,,,,,,,,,,,,,,,,,,,,,,,,,,,,,,,,,,,,,,,
1614,1999,3,9,4,30,0,0,,,,,,,,,,,,,,,,,,,,,,,,,,,,,,,,,,,,,,,
1615,1999,3,9,5,30,0,0,,,,,,,,,,,,,,,,,,,,,,,,,,,,,,,,,,,,,,,
1616,1999,3,9,6,30,0,0,,,,,,,,,,,,,,,,,,,,,,,,,,,,,,,,,,,,,,,
1617,1999,3,9,7,30,158,125,,,,,,,,,,,,,,,,,,,,,,,,,,,,,,,,,,,,,,,
1618,1999,3,9,8,30,345,273,,,,,,,,,,,,,,,,,,,,,,,,,,,,,,,,,,,,,,,
1619,1999,3,9,9,30,636,990,,,,,,,,,,,,,,,,,,,,,,,,,,,,,,,,,,,,,,,
1620,1999,3,9,10,30,780,1019,,,,,,,,,,,,,,,,,,,,,,,,,,,,,,,,,,,,,,,
1621,1999,3,9,11,30,704,536,,,,,,,,,,,,,,,,,,,,,,,,,,,,,,,,,,,,,,,
1622,1999,3,9,12,30,886,1051,,,,,,,,,,,,,,,,,,,,,,,,,,,,,,,,,,,,,,,
1623,1999,3,9,13,30,840,1054,,,,,,,,,,,,,,,,,,,,,,,,,,,,,,,,,,,,,,,
1624,1999,3,9,14,30,719,1030,,,,,,,,,,,,,,,,,,,,,,,,,,,,,,,,,,,,,,,
1625,1999,3,9,15,30,541,976,,,,,,,,,,,,,,,,,,,,,,,,,,,,,,,,,,,,,,,
1626,1999,3,9,16,30,324,868,,,,,,,,,,,,,,,,,,,,,,,,,,,,,,,,,,,,,,,
1627,1999,3,9,17,30,97,578,,,,,,,,,,,,,,,,,,,,,,,,,,,,,,,,,,,,,,,
1628,1999,3,9,18,30,0,0,,,,,,,,,,,,,,,,,,,,,,,,,,,,,,,,,,,,,,,
1629,1999,3,9,19,30,0,0,,,,,,,,,,,,,,,,,,,,,,,,,,,,,,,,,,,,,,,
1630,1999,3,9,20,30,0,0,,,,,,,,,,,,,,,,,,,,,,,,,,,,,,,,,,,,,,,
1631,1999,3,9,21,30,0,0,,,,,,,,,,,,,,,,,,,,,,,,,,,,,,,,,,,,,,,
1632,1999,3,9,22,30,0,0,,,,,,,,,,,,,,,,,,,,,,,,,,,,,,,,,,,,,,,
1633,1999,3,9,23,30,0,0,,,,,,,,,,,,,,,,,,,,,,,,,,,,,,,,,,,,,,,
1634,1999,3,10,0,30,0,0,,,,,,,,,,,,,,,,,,,,,,,,,,,,,,,,,,,,,,,
1635,1999,3,10,1,30,0,0,,,,,,,,,,,,,,,,,,,,,,,,,,,,,,,,,,,,,,,
1636,1999,3,10,2,30,0,0,,,,,,,,,,,,,,,,,,,,,,,,,,,,,,,,,,,,,,,
1637,1999,3,10,3,30,0,0,,,,,,,,,,,,,,,,,,,,,,,,,,,,,,,,,,,,,,,
1638,1999,3,10,4,30,0,0,,,,,,,,,,,,,,,,,,,,,,,,,,,,,,,,,,,,,,,
1639,1999,3,10,5,30,0,0,,,,,,,,,,,,,,,,,,,,,,,,,,,,,,,,,,,,,,,
1640,1999,3,10,6,30,6,0,,,,,,,,,,,,,,,,,,,,,,,,,,,,,,,,,,,,,,,
1641,1999,3,10,7,30,216,766,,,,,,,,,,,,,,,,,,,,,,,,,,,,,,,,,,,,,,,
1642,1999,3,10,8,30,447,932,,,,,,,,,,,,,,,,,,,,,,,,,,,,,,,,,,,,,,,
1643,1999,3,10,9,30,649,1008,,,,,,,,,,,,,,,,,,,,,,,,,,,,,,,,,,,,,,,
1644,1999,3,10,10,30,800,1046,,,,,,,,,,,,,,,,,,,,,,,,,,,,,,,,,,,,,,,
1645,1999,3,10,11,30,889,1065,,,,,,,,,,,,,,,,,,,,,,,,,,,,,,,,,,,,,,,
1646,1999,3,10,12,30,898,1060,,,,,,,,,,,,,,,,,,,,,,,,,,,,,,,,,,,,,,,
1647,1999,3,10,13,30,844,1049,,,,,,,,,,,,,,,,,,,,,,,,,,,,,,,,,,,,,,,
1648,1999,3,10,14,30,723,1022,,,,,,,,,,,,,,,,,,,,,,,,,,,,,,,,,,,,,,,
1649,1999,3,10,15,30,545,969,,,,,,,,,,,,,,,,,,,,,,,,,,,,,,,,,,,,,,,
1650,1999,3,10,16,30,327,865,,,,,,,,,,,,,,,,,,,,,,,,,,,,,,,,,,,,,,,
1651,1999,3,10,17,30,100,588,,,,,,,,,,,,,,,,,,,,,,,,,,,,,,,,,,,,,,,
1652,1999,3,10,18,30,0,0,,,,,,,,,,,,,,,,,,,,,,,,,,,,,,,,,,,,,,,
1653,1999,3,10,19,30,0,0,,,,,,,,,,,,,,,,,,,,,,,,,,,,,,,,,,,,,,,
1654,1999,3,10,20,30,0,0,,,,,,,,,,,,,,,,,,,,,,,,,,,,,,,,,,,,,,,
1655,1999,3,10,21,30,0,0,,,,,,,,,,,,,,,,,,,,,,,,,,,,,,,,,,,,,,,
1656,1999,3,10,22,30,0,0,,,,,,,,,,,,,,,,,,,,,,,,,,,,,,,,,,,,,,,
1657,1999,3,10,23,30,0,0,,,,,,,,,,,,,,,,,,,,,,,,,,,,,,,,,,,,,,,
1658,1999,3,11,0,30,0,0,,,,,,,,,,,,,,,,,,,,,,,,,,,,,,,,,,,,,,,
1659,1999,3,11,1,30,0,0,,,,,,,,,,,,,,,,,,,,,,,,,,,,,,,,,,,,,,,
1660,1999,3,11,2,30,0,0,,,,,,,,,,,,,,,,,,,,,,,,,,,,,,,,,,,,,,,
1661,1999,3,11,3,30,0,0,,,,,,,,,,,,,,,,,,,,,,,,,,,,,,,,,,,,,,,
1662,1999,3,11,4,30,0,0,,,,,,,,,,,,,,,,,,,,,,,,,,,,,,,,,,,,,,,
1663,1999,3,11,5,30,0,0,,,,,,,,,,,,,,,,,,,,,,,,,,,,,,,,,,,,,,,
1664,1999,3,11,6,30,18,198,,,,,,,,,,,,,,,,,,,,,,,,,,,,,,,,,,,,,,,
1665,1999,3,11,7,30,214,716,,,,,,,,,,,,,,,,,,,,,,,,,,,,,,,,,,,,,,,
1666,1999,3,11,8,30,439,880,,,,,,,,,,,,,,,,,,,,,,,,,,,,,,,,,,,,,,,
1667,1999,3,11,9,30,632,945,,,,,,,,,,,,,,,,,,,,,,,,,,,,,,,,,,,,,,,
1668,1999,3,11,10,30,781,984,,,,,,,,,,,,,,,,,,,,,,,,,,,,,,,,,,,,,,,
1669,1999,3,11,11,30,867,1008,,,,,,,,,,,,,,,,,,,,,,,,,,,,,,,,,,,,,,,
1670,1999,3,11,12,30,891,1026,,,,,,,,,,,,,,,,,,,,,,,,,,,,,,,,,,,,,,,
1671,1999,3,11,13,30,837,1015,,,,,,,,,,,,,,,,,,,,,,,,,,,,,,,,,,,,,,,
1672,1999,3,11,14,30,715,979,,,,,,,,,,,,,,,,,,,,,,,,,,,,,,,,,,,,,,,
1673,1999,3,11,15,30,397,155,,,,,,,,,,,,,,,,,,,,,,,,,,,,,,,,,,,,,,,
1674,1999,3,11,16,30,220,59,,,,,,,,,,,,,,,,,,,,,,,,,,,,,,,,,,,,,,,
1675,1999,3,11,17,30,67,21,,,,,,,,,,,,,,,,,,,,,,,,,,,,,,,,,,,,,,,
1676,1999,3,11,18,30,0,0,,,,,,,,,,,,,,,,,,,,,,,,,,,,,,,,,,,,,,,
1677,1999,3,11,19,30,0,0,,,,,,,,,,,,,,,,,,,,,,,,,,,,,,,,,,,,,,,
1678,1999,3,11,20,30,0,0,,,,,,,,,,,,,,,,,,,,,,,,,,,,,,,,,,,,,,,
1679,1999,3,11,21,30,0,0,,,,,,,,,,,,,,,,,,,,,,,,,,,,,,,,,,,,,,,
1680,1999,3,11,22,30,0,0,,,,,,,,,,,,,,,,,,,,,,,,,,,,,,,,,,,,,,,
1681,1999,3,11,23,30,0,0,,,,,,,,,,,,,,,,,,,,,,,,,,,,,,,,,,,,,,,
1682,1999,3,12,0,30,0,0,,,,,,,,,,,,,,,,,,,,,,,,,,,,,,,,,,,,,,,
1683,1999,3,12,1,30,0,0,,,,,,,,,,,,,,,,,,,,,,,,,,,,,,,,,,,,,,,
1684,1999,3,12,2,30,0,0,,,,,,,,,,,,,,,,,,,,,,,,,,,,,,,,,,,,,,,
1685,1999,3,12,3,30,0,0,,,,,,,,,,,,,,,,,,,,,,,,,,,,,,,,,,,,,,,
1686,1999,3,12,4,30,0,0,,,,,,,,,,,,,,,,,,,,,,,,,,,,,,,,,,,,,,,
1687,1999,3,12,5,30,0,0,,,,,,,,,,,,,,,,,,,,,,,,,,,,,,,,,,,,,,,
1688,1999,3,12,6,30,5,0,,,,,,,,,,,,,,,,,,,,,,,,,,,,,,,,,,,,,,,
1689,1999,3,12,7,30,199,545,,,,,,,,,,,,,,,,,,,,,,,,,,,,,,,,,,,,,,,
1690,1999,3,12,8,30,168,2,,,,,,,,,,,,,,,,,,,,,,,,,,,,,,,,,,,,,,,
1691,1999,3,12,9,30,627,912,,,,,,,,,,,,,,,,,,,,,,,,,,,,,,,,,,,,,,,
1692,1999,3,12,10,30,307,2,,,,,,,,,,,,,,,,,,,,,,,,,,,,,,,,,,,,,,,
1693,1999,3,12,11,30,66,0,,,,,,,,,,,,,,,,,,,,,,,,,,,,,,,,,,,,,,,
1694,1999,3,12,12,30,187,1,,,,,,,,,,,,,,,,,,,,,,,,,,,,,,,,,,,,,,,
1695,1999,3,12,13,30,423,60,,,,,,,,,,,,,,,,,,,,,,,,,,,,,,,,,,,,,,,
1696,1999,3,12,14,30,393,45,,,,,,,,,,,,,,,,,,,,,,,,,,,,,,,,,,,,,,,
1697,1999,3,12,15,30,15,0,,,,,,,,,,,,,,,,,,,,,,,,,,,,,,,,,,,,,,,
1698,1999,3,12,16,30,244,197,,,,,,,,,,,,,,,,,,,,,,,,,,,,,,,,,,,,,,,
1699,1999,3,12,17,30,37,1,,,,,,,,,,,,,,,,,,,,,,,,,,,,,,,,,,,,,,,
1700,1999,3,12,18,30,0,0,,,,,,,,,,,,,,,,,,,,,,,,,,,,,,,,,,,,,,,
1701,1999,3,12,19,30,0,0,,,,,,,,,,,,,,,,,,,,,,,,,,,,,,,,,,,,,,,
1702,1999,3,12,20,30,0,0,,,,,,,,,,,,,,,,,,,,,,,,,,,,,,,,,,,,,,,
1703,1999,3,12,21,30,0,0,,,,,,,,,,,,,,,,,,,,,,,,,,,,,,,,,,,,,,,
1704,1999,3,12,22,30,0,0,,,,,,,,,,,,,,,,,,,,,,,,,,,,,,,,,,,,,,,
1705,1999,3,12,23,30,0,0,,,,,,,,,,,,,,,,,,,,,,,,,,,,,,,,,,,,,,,
1706,1999,3,13,0,30,0,0,,,,,,,,,,,,,,,,,,,,,,,,,,,,,,,,,,,,,,,
1707,1999,3,13,1,30,0,0,,,,,,,,,,,,,,,,,,,,,,,,,,,,,,,,,,,,,,,
1708,1999,3,13,2,30,0,0,,,,,,,,,,,,,,,,,,,,,,,,,,,,,,,,,,,,,,,
1709,1999,3,13,3,30,0,0,,,,,,,,,,,,,,,,,,,,,,,,,,,,,,,,,,,,,,,
1710,1999,3,13,4,30,0,0,,,,,,,,,,,,,,,,,,,,,,,,,,,,,,,,,,,,,,,
1711,1999,3,13,5,30,0,0,,,,,,,,,,,,,,,,,,,,,,,,,,,,,,,,,,,,,,,
1712,1999,3,13,6,30,6,0,,,,,,,,,,,,,,,,,,,,,,,,,,,,,,,,,,,,,,,
1713,1999,3,13,7,30,9,0,,,,,,,,,,,,,,,,,,,,,,,,,,,,,,,,,,,,,,,
1714,1999,3,13,8,30,450,895,,,,,,,,,,,,,,,,,,,,,,,,,,,,,,,,,,,,,,,
1715,1999,3,13,9,30,649,971,,,,,,,,,,,,,,,,,,,,,,,,,,,,,,,,,,,,,,,
1716,1999,3,13,10,30,798,1008,,,,,,,,,,,,,,,,,,,,,,,,,,,,,,,,,,,,,,,
1717,1999,3,13,11,30,877,1014,,,,,,,,,,,,,,,,,,,,,,,,,,,,,,,,,,,,,,,
1718,1999,3,13,12,30,893,1016,,,,,,,,,,,,,,,,,,,,,,,,,,,,,,,,,,,,,,,
1719,1999,3,13,13,30,839,1003,,,,,,,,,,,,,,,,,,,,,,,,,,,,,,,,,,,,,,,
1720,1999,3,13,14,30,718,975,,,,,,,,,,,,,,,,,,,,,,,,,,,,,,,,,,,,,,,
1721,1999,3,13,15,30,542,924,,,,,,,,,,,,,,,,,,,,,,,,,,,,,,,,,,,,,,,
1722,1999,3,13,16,30,327,817,,,,,,,,,,,,,,,,,,,,,,,,,,,,,,,,,,,,,,,
1723,1999,3,13,17,30,104,546,,,,,,,,,,,,,,,,,,,,,,,,,,,,,,,,,,,,,,,
1724,1999,3,13,18,30,0,0,,,,,,,,,,,,,,,,,,,,,,,,,,,,,,,,,,,,,,,
1725,1999,3,13,19,30,0,0,,,,,,,,,,,,,,,,,,,,,,,,,,,,,,,,,,,,,,,
1726,1999,3,13,20,30,0,0,,,,,,,,,,,,,,,,,,,,,,,,,,,,,,,,,,,,,,,
1727,1999,3,13,21,30,0,0,,,,,,,,,,,,,,,,,,,,,,,,,,,,,,,,,,,,,,,
1728,1999,3,13,22,30,0,0,,,,,,,,,,,,,,,,,,,,,,,,,,,,,,,,,,,,,,,
1729,1999,3,13,23,30,0,0,,,,,,,,,,,,,,,,,,,,,,,,,,,,,,,,,,,,,,,
1730,1999,3,14,0,30,0,0,,,,,,,,,,,,,,,,,,,,,,,,,,,,,,,,,,,,,,,
1731,1999,3,14,1,30,0,0,,,,,,,,,,,,,,,,,,,,,,,,,,,,,,,,,,,,,,,
1732,1999,3,14,2,30,0,0,,,,,,,,,,,,,,,,,,,,,,,,,,,,,,,,,,,,,,,
1733,1999,3,14,3,30,0,0,,,,,,,,,,,,,,,,,,,,,,,,,,,,,,,,,,,,,,,
1734,1999,3,14,4,30,0,0,,,,,,,,,,,,,,,,,,,,,,,,,,,,,,,,,,,,,,,
1735,1999,3,14,5,30,0,0,,,,,,,,,,,,,,,,,,,,,,,,,,,,,,,,,,,,,,,
1736,1999,3,14,6,30,27,301,,,,,,,,,,,,,,,,,,,,,,,,,,,,,,,,,,,,,,,
1737,1999,3,14,7,30,235,773,,,,,,,,,,,,,,,,,,,,,,,,,,,,,,,,,,,,,,,
1738,1999,3,14,8,30,463,920,,,,,,,,,,,,,,,,,,,,,,,,,,,,,,,,,,,,,,,
1739,1999,3,14,9,30,663,994,,,,,,,,,,,,,,,,,,,,,,,,,,,,,,,,,,,,,,,
1740,1999,3,14,10,30,813,1032,,,,,,,,,,,,,,,,,,,,,,,,,,,,,,,,,,,,,,,
1741,1999,3,14,11,30,899,1044,,,,,,,,,,,,,,,,,,,,,,,,,,,,,,,,,,,,,,,
1742,1999,3,14,12,30,915,1048,,,,,,,,,,,,,,,,,,,,,,,,,,,,,,,,,,,,,,,
1743,1999,3,14,13,30,860,1038,,,,,,,,,,,,,,,,,,,,,,,,,,,,,,,,,,,,,,,
1744,1999,3,14,14,30,736,1001,,,,,,,,,,,,,,,,,,,,,,,,,,,,,,,,,,,,,,,
1745,1999,3,14,15,30,556,945,,,,,,,,,,,,,,,,,,,,,,,,,,,,,,,,,,,,,,,
1746,1999,3,14,16,30,337,833,,,,,,,,,,,,,,,,,,,,,,,,,,,,,,,,,,,,,,,
1747,1999,3,14,17,30,105,501,,,,,,,,,,,,,,,,,,,,,,,,,,,,,,,,,,,,,,,
1748,1999,3,14,18,30,0,0,,,,,,,,,,,,,,,,,,,,,,,,,,,,,,,,,,,,,,,
1749,1999,3,14,19,30,0,0,,,,,,,,,,,,,,,,,,,,,,,,,,,,,,,,,,,,,,,
1750,1999,3,14,20,30,0,0,,,,,,,,,,,,,,,,,,,,,,,,,,,,,,,,,,,,,,,
1751,1999,3,14,21,30,0,0,,,,,,,,,,,,,,,,,,,,,,,,,,,,,,,,,,,,,,,
1752,1999,3,14,22,30,0,0,,,,,,,,,,,,,,,,,,,,,,,,,,,,,,,,,,,,,,,
1753,1999,3,14,23,30,0,0,,,,,,,,,,,,,,,,,,,,,,,,,,,,,,,,,,,,,,,
1754,1999,3,15,0,30,0,0,,,,,,,,,,,,,,,,,,,,,,,,,,,,,,,,,,,,,,,
1755,1999,3,15,1,30,0,0,,,,,,,,,,,,,,,,,,,,,,,,,,,,,,,,,,,,,,,
1756,1999,3,15,2,30,0,0,,,,,,,,,,,,,,,,,,,,,,,,,,,,,,,,,,,,,,,
1757,1999,3,15,3,30,0,0,,,,,,,,,,,,,,,,,,,,,,,,,,,,,,,,,,,,,,,
1758,1999,3,15,4,30,0,0,,,,,,,,,,,,,,,,,,,,,,,,,,,,,,,,,,,,,,,
1759,1999,3,15,5,30,0,0,,,,,,,,,,,,,,,,,,,,,,,,,,,,,,,,,,,,,,,
1760,1999,3,15,6,30,16,0,,,,,,,,,,,,,,,,,,,,,,,,,,,,,,,,,,,,,,,
1761,1999,3,15,7,30,192,206,,,,,,,,,,,,,,,,,,,,,,,,,,,,,,,,,,,,,,,
1762,1999,3,15,8,30,402,393,,,,,,,,,,,,,,,,,,,,,,,,,,,,,,,,,,,,,,,
1763,1999,3,15,9,30,585,682,,,,,,,,,,,,,,,,,,,,,,,,,,,,,,,,,,,,,,,
1764,1999,3,15,10,30,630,226,,,,,,,,,,,,,,,,,,,,,,,,,,,,,,,,,,,,,,,
1765,1999,3,15,11,30,801,649,,,,,,,,,,,,,,,,,,,,,,,,,,,,,,,,,,,,,,,
1766,1999,3,15,12,30,703,409,,,,,,,,,,,,,,,,,,,,,,,,,,,,,,,,,,,,,,,
1767,1999,3,15,13,30,751,616,,,,,,,,,,,,,,,,,,,,,,,,,,,,,,,,,,,,,,,
1768,1999,3,15,14,30,593,452,,,,,,,,,,,,,,,,,,,,,,,,,,,,,,,,,,,,,,,
1769,1999,3,15,15,30,462,449,,,,,,,,,,,,,,,,,,,,,,,,,,,,,,,,,,,,,,,
1770,1999,3,15,16,30,156,22,,,,,,,,,,,,,,,,,,,,,,,,,,,,,,,,,,,,,,,
1771,1999,3,15,17,30,74,25,,,,,,,,,,,,,,,,,,,,,,,,,,,,,,,,,,,,,,,
1772,1999,3,15,18,30,0,0,,,,,,,,,,,,,,,,,,,,,,,,,,,,,,,,,,,,,,,
1773,1999,3,15,19,30,0,0,,,,,,,,,,,,,,,,,,,,,,,,,,,,,,,,,,,,,,,
1774,1999,3,15,20,30,0,0,,,,,,,,,,,,,,,,,,,,,,,,,,,,,,,,,,,,,,,
1775,1999,3,15,21,30,0,0,,,,,,,,,,,,,,,,,,,,,,,,,,,,,,,,,,,,,,,
1776,1999,3,15,22,30,0,0,,,,,,,,,,,,,,,,,,,,,,,,,,,,,,,,,,,,,,,
1777,1999,3,15,23,30,0,0,,,,,,,,,,,,,,,,,,,,,,,,,,,,,,,,,,,,,,,
1778,1999,3,16,0,30,0,0,,,,,,,,,,,,,,,,,,,,,,,,,,,,,,,,,,,,,,,
1779,1999,3,16,1,30,0,0,,,,,,,,,,,,,,,,,,,,,,,,,,,,,,,,,,,,,,,
1780,1999,3,16,2,30,0,0,,,,,,,,,,,,,,,,,,,,,,,,,,,,,,,,,,,,,,,
1781,1999,3,16,3,30,0,0,,,,,,,,,,,,,,,,,,,,,,,,,,,,,,,,,,,,,,,
1782,1999,3,16,4,30,0,0,,,,,,,,,,,,,,,,,,,,,,,,,,,,,,,,,,,,,,,
1783,1999,3,16,5,30,0,0,,,,,,,,,,,,,,,,,,,,,,,,,,,,,,,,,,,,,,,
1784,1999,3,16,6,30,22,2,,,,,,,,,,,,,,,,,,,,,,,,,,,,,,,,,,,,,,,
1785,1999,3,16,7,30,188,134,,,,,,,,,,,,,,,,,,,,,,,,,,,,,,,,,,,,,,,
1786,1999,3,16,8,30,487,952,,,,,,,,,,,,,,,,,,,,,,,,,,,,,,,,,,,,,,,
1787,1999,3,16,9,30,691,1027,,,,,,,,,,,,,,,,,,,,,,,,,,,,,,,,,,,,,,,
1788,1999,3,16,10,30,843,1060,,,,,,,,,,,,,,,,,,,,,,,,,,,,,,,,,,,,,,,
1789,1999,3,16,11,30,919,1064,,,,,,,,,,,,,,,,,,,,,,,,,,,,,,,,,,,,,,,
1790,1999,3,16,12,30,934,1066,,,,,,,,,,,,,,,,,,,,,,,,,,,,,,,,,,,,,,,
1791,1999,3,16,13,30,878,1056,,,,,,,,,,,,,,,,,,,,,,,,,,,,,,,,,,,,,,,
1792,1999,3,16,14,30,747,1024,,,,,,,,,,,,,,,,,,,,,,,,,,,,,,,,,,,,,,,
1793,1999,3,16,15,30,568,975,,,,,,,,,,,,,,,,,,,,,,,,,,,,,,,,,,,,,,,
1794,1999,3,16,16,30,348,877,,,,,,,,,,,,,,,,,,,,,,,,,,,,,,,,,,,,,,,
1795,1999,3,16,17,30,118,634,,,,,,,,,,,,,,,,,,,,,,,,,,,,,,,,,,,,,,,
1796,1999,3,16,18,30,0,0,,,,,,,,,,,,,,,,,,,,,,,,,,,,,,,,,,,,,,,
1797,1999,3,16,19,30,0,0,,,,,,,,,,,,,,,,,,,,,,,,,,,,,,,,,,,,,,,
1798,1999,3,16,20,30,0,0,,,,,,,,,,,,,,,,,,,,,,,,,,,,,,,,,,,,,,,
1799,1999,3,16,21,30,0,0,,,,,,,,,,,,,,,,,,,,,,,,,,,,,,,,,,,,,,,
1800,1999,3,16,22,30,0,0,,,,,,,,,,,,,,,,,,,,,,,,,,,,,,,,,,,,,,,
1801,1999,3,16,23,30,0,0,,,,,,,,,,,,,,,,,,,,,,,,,,,,,,,,,,,,,,,
1802,1999,3,17,0,30,0,0,,,,,,,,,,,,,,,,,,,,,,,,,,,,,,,,,,,,,,,
1803,1999,3,17,1,30,0,0,,,,,,,,,,,,,,,,,,,,,,,,,,,,,,,,,,,,,,,
1804,1999,3,17,2,30,0,0,,,,,,,,,,,,,,,,,,,,,,,,,,,,,,,,,,,,,,,
1805,1999,3,17,3,30,0,0,,,,,,,,,,,,,,,,,,,,,,,,,,,,,,,,,,,,,,,
1806,1999,3,17,4,30,0,0,,,,,,,,,,,,,,,,,,,,,,,,,,,,,,,,,,,,,,,
1807,1999,3,17,5,30,0,0,,,,,,,,,,,,,,,,,,,,,,,,,,,,,,,,,,,,,,,
1808,1999,3,17,6,30,19,0,,,,,,,,,,,,,,,,,,,,,,,,,,,,,,,,,,,,,,,
1809,1999,3,17,7,30,240,732,,,,,,,,,,,,,,,,,,,,,,,,,,,,,,,,,,,,,,,
1810,1999,3,17,8,30,465,889,,,,,,,,,,,,,,,,,,,,,,,,,,,,,,,,,,,,,,,
1811,1999,3,17,9,30,657,953,,,,,,,,,,,,,,,,,,,,,,,,,,,,,,,,,,,,,,,
1812,1999,3,17,10,30,38,0,,,,,,,,,,,,,,,,,,,,,,,,,,,,,,,,,,,,,,,
1813,1999,3,17,11,30,133,0,,,,,,,,,,,,,,,,,,,,,,,,,,,,,,,,,,,,,,,
1814,1999,3,17,12,30,426,41,,,,,,,,,,,,,,,,,,,,,,,,,,,,,,,,,,,,,,,
1815,1999,3,17,13,30,300,9,,,,,,,,,,,,,,,,,,,,,,,,,,,,,,,,,,,,,,,
1816,1999,3,17,14,30,54,0,,,,,,,,,,,,,,,,,,,,,,,,,,,,,,,,,,,,,,,
1817,1999,3,17,15,30,87,0,,,,,,,,,,,,,,,,,,,,,,,,,,,,,,,,,,,,,,,
1818,1999,3,17,16,30,54,0,,,,,,,,,,,,,,,,,,,,,,,,,,,,,,,,,,,,,,,
1819,1999,3,17,17,30,15,0,,,,,,,,,,,,,,,,,,,,,,,,,,,,,,,,,,,,,,,
1820,1999,3,17,18,30,0,0,,,,,,,,,,,,,,,,,,,,,,,,,,,,,,,,,,,,,,,
1821,1999,3,17,19,30,0,0,,,,,,,,,,,,,,,,,,,,,,,,,,,,,,,,,,,,,,,
1822,1999,3,17,20,30,0,0,,,,,,,,,,,,,,,,,,,,,,,,,,,,,,,,,,,,,,,
1823,1999,3,17,21,30,0,0,,,,,,,,,,,,,,,,,,,,,,,,,,,,,,,,,,,,,,,
1824,1999,3,17,22,30,0,0,,,,,,,,,,,,,,,,,,,,,,,,,,,,,,,,,,,,,,,
1825,1999,3,17,23,30,0,0,,,,,,,,,,,,,,,,,,,,,,,,,,,,,,,,,,,,,,,
1826,1999,3,18,0,30,0,0,,,,,,,,,,,,,,,,,,,,,,,,,,,,,,,,,,,,,,,
1827,1999,3,18,1,30,0,0,,,,,,,,,,,,,,,,,,,,,,,,,,,,,,,,,,,,,,,
1828,1999,3,18,2,30,0,0,,,,,,,,,,,,,,,,,,,,,,,,,,,,,,,,,,,,,,,
1829,1999,3,18,3,30,0,0,,,,,,,,,,,,,,,,,,,,,,,,,,,,,,,,,,,,,,,
1830,1999,3,18,4,30,0,0,,,,,,,,,,,,,,,,,,,,,,,,,,,,,,,,,,,,,,,
1831,1999,3,18,5,30,0,0,,,,,,,,,,,,,,,,,,,,,,,,,,,,,,,,,,,,,,,
1832,1999,3,18,6,30,12,0,,,,,,,,,,,,,,,,,,,,,,,,,,,,,,,,,,,,,,,
1833,1999,3,18,7,30,5,0,,,,,,,,,,,,,,,,,,,,,,,,,,,,,,,,,,,,,,,
1834,1999,3,18,8,30,20,0,,,,,,,,,,,,,,,,,,,,,,,,,,,,,,,,,,,,,,,
1835,1999,3,18,9,30,31,0,,,,,,,,,,,,,,,,,,,,,,,,,,,,,,,,,,,,,,,
1836,1999,3,18,10,30,127,0,,,,,,,,,,,,,,,,,,,,,,,,,,,,,,,,,,,,,,,
1837,1999,3,18,11,30,49,0,,,,,,,,,,,,,,,,,,,,,,,,,,,,,,,,,,,,,,,
1838,1999,3,18,12,30,53,0,,,,,,,,,,,,,,,,,,,,,,,,,,,,,,,,,,,,,,,
1839,1999,3,18,13,30,31,0,,,,,,,,,,,,,,,,,,,,,,,,,,,,,,,,,,,,,,,
1840,1999,3,18,14,30,41,0,,,,,,,,,,,,,,,,,,,,,,,,,,,,,,,,,,,,,,,
1841,1999,3,18,15,30,54,0,,,,,,,,,,,,,,,,,,,,,,,,,,,,,,,,,,,,,,,
1842,1999,3,18,16,30,21,0,,,,,,,,,,,,,,,,,,,,,,,,,,,,,,,,,,,,,,,
1843,1999,3,18,17,30,5,0,,,,,,,,,,,,,,,,,,,,,,,,,,,,,,,,,,,,,,,
1844,1999,3,18,18,30,0,0,,,,,,,,,,,,,,,,,,,,,,,,,,,,,,,,,,,,,,,
1845,1999,3,18,19,30,0,0,,,,,,,,,,,,,,,,,,,,,,,,,,,,,,,,,,,,,,,
1846,1999,3,18,20,30,0,0,,,,,,,,,,,,,,,,,,,,,,,,,,,,,,,,,,,,,,,
1847,1999,3,18,21,30,0,0,,,,,,,,,,,,,,,,,,,,,,,,,,,,,,,,,,,,,,,
1848,1999,3,18,22,30,0,0,,,,,,,,,,,,,,,,,,,,,,,,,,,,,,,,,,,,,,,
1849,1999,3,18,23,30,0,0,,,,,,,,,,,,,,,,,,,,,,,,,,,,,,,,,,,,,,,
1850,1999,3,19,0,30,0,0,,,,,,,,,,,,,,,,,,,,,,,,,,,,,,,,,,,,,,,
1851,1999,3,19,1,30,0,0,,,,,,,,,,,,,,,,,,,,,,,,,,,,,,,,,,,,,,,
1852,1999,3,19,2,30,0,0,,,,,,,,,,,,,,,,,,,,,,,,,,,,,,,,,,,,,,,
1853,1999,3,19,3,30,0,0,,,,,,,,,,,,,,,,,,,,,,,,,,,,,,,,,,,,,,,
1854,1999,3,19,4,30,0,0,,,,,,,,,,,,,,,,,,,,,,,,,,,,,,,,,,,,,,,
1855,1999,3,19,5,30,0,0,,,,,,,,,,,,,,,,,,,,,,,,,,,,,,,,,,,,,,,
1856,1999,3,19,6,30,15,0,,,,,,,,,,,,,,,,,,,,,,,,,,,,,,,,,,,,,,,
1857,1999,3,19,7,30,6,0,,,,,,,,,,,,,,,,,,,,,,,,,,,,,,,,,,,,,,,
1858,1999,3,19,8,30,29,0,,,,,,,,,,,,,,,,,,,,,,,,,,,,,,,,,,,,,,,
1859,1999,3,19,9,30,683,974,,,,,,,,,,,,,,,,,,,,,,,,,,,,,,,,,,,,,,,
1860,1999,3,19,10,30,831,1013,,,,,,,,,,,,,,,,,,,,,,,,,,,,,,,,,,,,,,,
1861,1999,3,19,11,30,916,1033,,,,,,,,,,,,,,,,,,,,,,,,,,,,,,,,,,,,,,,
1862,1999,3,19,12,30,667,120,,,,,,,,,,,,,,,,,,,,,,,,,,,,,,,,,,,,,,,
1863,1999,3,19,13,30,873,1025,,,,,,,,,,,,,,,,,,,,,,,,,,,,,,,,,,,,,,,
1864,1999,3,19,14,30,749,999,,,,,,,,,,,,,,,,,,,,,,,,,,,,,,,,,,,,,,,
1865,1999,3,19,15,30,570,949,,,,,,,,,,,,,,,,,,,,,,,,,,,,,,,,,,,,,,,
1866,1999,3,19,16,30,351,848,,,,,,,,,,,,,,,,,,,,,,,,,,,,,,,,,,,,,,,
1867,1999,3,19,17,30,122,608,,,,,,,,,,,,,,,,,,,,,,,,,,,,,,,,,,,,,,,
1868,1999,3,19,18,30,0,0,,,,,,,,,,,,,,,,,,,,,,,,,,,,,,,,,,,,,,,
1869,1999,3,19,19,30,0,0,,,,,,,,,,,,,,,,,,,,,,,,,,,,,,,,,,,,,,,
1870,1999,3,19,20,30,0,0,,,,,,,,,,,,,,,,,,,,,,,,,,,,,,,,,,,,,,,
1871,1999,3,19,21,30,0,0,,,,,,,,,,,,,,,,,,,,,,,,,,,,,,,,,,,,,,,
1872,1999,3,19,22,30,0,0,,,,,,,,,,,,,,,,,,,,,,,,,,,,,,,,,,,,,,,
1873,1999,3,19,23,30,0,0,,,,,,,,,,,,,,,,,,,,,,,,,,,,,,,,,,,,,,,
1874,1999,3,20,0,30,0,0,,,,,,,,,,,,,,,,,,,,,,,,,,,,,,,,,,,,,,,
1875,1999,3,20,1,30,0,0,,,,,,,,,,,,,,,,,,,,,,,,,,,,,,,,,,,,,,,
1876,1999,3,20,2,30,0,0,,,,,,,,,,,,,,,,,,,,,,,,,,,,,,,,,,,,,,,
1877,1999,3,20,3,30,0,0,,,,,,,,,,,,,,,,,,,,,,,,,,,,,,,,,,,,,,,
1878,1999,3,20,4,30,0,0,,,,,,,,,,,,,,,,,,,,,,,,,,,,,,,,,,,,,,,
1879,1999,3,20,5,30,0,0,,,,,,,,,,,,,,,,,,,,,,,,,,,,,,,,,,,,,,,
1880,1999,3,20,6,30,46,337,,,,,,,,,,,,,,,,,,,,,,,,,,,,,,,,,,,,,,,
1881,1999,3,20,7,30,259,733,,,,,,,,,,,,,,,,,,,,,,,,,,,,,,,,,,,,,,,
1882,1999,3,20,8,30,484,845,,,,,,,,,,,,,,,,,,,,,,,,,,,,,,,,,,,,,,,
1883,1999,3,20,9,30,684,923,,,,,,,,,,,,,,,,,,,,,,,,,,,,,,,,,,,,,,,
1884,1999,3,20,10,30,833,968,,,,,,,,,,,,,,,,,,,,,,,,,,,,,,,,,,,,,,,
1885,1999,3,20,11,30,919,987,,,,,,,,,,,,,,,,,,,,,,,,,,,,,,,,,,,,,,,
1886,1999,3,20,12,30,934,991,,,,,,,,,,,,,,,,,,,,,,,,,,,,,,,,,,,,,,,
1887,1999,3,20,13,30,876,979,,,,,,,,,,,,,,,,,,,,,,,,,,,,,,,,,,,,,,,
1888,1999,3,20,14,30,752,965,,,,,,,,,,,,,,,,,,,,,,,,,,,,,,,,,,,,,,,
1889,1999,3,20,15,30,571,910,,,,,,,,,,,,,,,,,,,,,,,,,,,,,,,,,,,,,,,
1890,1999,3,20,16,30,324,402,,,,,,,,,,,,,,,,,,,,,,,,,,,,,,,,,,,,,,,
1891,1999,3,20,17,30,103,158,,,,,,,,,,,,,,,,,,,,,,,,,,,,,,,,,,,,,,,
1892,1999,3,20,18,30,0,0,,,,,,,,,,,,,,,,,,,,,,,,,,,,,,,,,,,,,,,
1893,1999,3,20,19,30,0,0,,,,,,,,,,,,,,,,,,,,,,,,,,,,,,,,,,,,,,,
1894,1999,3,20,20,30,0,0,,,,,,,,,,,,,,,,,,,,,,,,,,,,,,,,,,,,,,,
1895,1999,3,20,21,30,0,0,,,,,,,,,,,,,,,,,,,,,,,,,,,,,,,,,,,,,,,
1896,1999,3,20,22,30,0,0,,,,,,,,,,,,,,,,,,,,,,,,,,,,,,,,,,,,,,,
1897,1999,3,20,23,30,0,0,,,,,,,,,,,,,,,,,,,,,,,,,,,,,,,,,,,,,,,
1898,1999,3,21,0,30,0,0,,,,,,,,,,,,,,,,,,,,,,,,,,,,,,,,,,,,,,,
1899,1999,3,21,1,30,0,0,,,,,,,,,,,,,,,,,,,,,,,,,,,,,,,,,,,,,,,
1900,1999,3,21,2,30,0,0,,,,,,,,,,,,,,,,,,,,,,,,,,,,,,,,,,,,,,,
1901,1999,3,21,3,30,0,0,,,,,,,,,,,,,,,,,,,,,,,,,,,,,,,,,,,,,,,
1902,1999,3,21,4,30,0,0,,,,,,,,,,,,,,,,,,,,,,,,,,,,,,,,,,,,,,,
1903,1999,3,21,5,30,0,0,,,,,,,,,,,,,,,,,,,,,,,,,,,,,,,,,,,,,,,
1904,1999,3,21,6,30,53,458,,,,,,,,,,,,,,,,,,,,,,,,,,,,,,,,,,,,,,,
1905,1999,3,21,7,30,272,819,,,,,,,,,,,,,,,,,,,,,,,,,,,,,,,,,,,,,,,
1906,1999,3,21,8,30,500,949,,,,,,,,,,,,,,,,,,,,,,,,,,,,,,,,,,,,,,,
1907,1999,3,21,9,30,697,1011,,,,,,,,,,,,,,,,,,,,,,,,,,,,,,,,,,,,,,,
1908,1999,3,21,10,30,844,1044,,,,,,,,,,,,,,,,,,,,,,,,,,,,,,,,,,,,,,,
1909,1999,3,21,11,30,927,1061,,,,,,,,,,,,,,,,,,,,,,,,,,,,,,,,,,,,,,,
1910,1999,3,21,12,30,941,1063,,,,,,,,,,,,,,,,,,,,,,,,,,,,,,,,,,,,,,,
1911,1999,3,21,13,30,879,1045,,,,,,,,,,,,,,,,,,,,,,,,,,,,,,,,,,,,,,,
1912,1999,3,21,14,30,756,1021,,,,,,,,,,,,,,,,,,,,,,,,,,,,,,,,,,,,,,,
1913,1999,3,21,15,30,578,972,,,,,,,,,,,,,,,,,,,,,,,,,,,,,,,,,,,,,,,
1914,1999,3,21,16,30,360,875,,,,,,,,,,,,,,,,,,,,,,,,,,,,,,,,,,,,,,,
1915,1999,3,21,17,30,129,637,,,,,,,,,,,,,,,,,,,,,,,,,,,,,,,,,,,,,,,
1916,1999,3,21,18,30,0,0,,,,,,,,,,,,,,,,,,,,,,,,,,,,,,,,,,,,,,,
1917,1999,3,21,19,30,0,0,,,,,,,,,,,,,,,,,,,,,,,,,,,,,,,,,,,,,,,
1918,1999,3,21,20,30,0,0,,,,,,,,,,,,,,,,,,,,,,,,,,,,,,,,,,,,,,,
1919,1999,3,21,21,30,0,0,,,,,,,,,,,,,,,,,,,,,,,,,,,,,,,,,,,,,,,
1920,1999,3,21,22,30,0,0,,,,,,,,,,,,,,,,,,,,,,,,,,,,,,,,,,,,,,,
1921,1999,3,21,23,30,0,0,,,,,,,,,,,,,,,,,,,,,,,,,,,,,,,,,,,,,,,
1922,1999,3,22,0,30,0,0,,,,,,,,,,,,,,,,,,,,,,,,,,,,,,,,,,,,,,,
1923,1999,3,22,1,30,0,0,,,,,,,,,,,,,,,,,,,,,,,,,,,,,,,,,,,,,,,
1924,1999,3,22,2,30,0,0,,,,,,,,,,,,,,,,,,,,,,,,,,,,,,,,,,,,,,,
1925,1999,3,22,3,30,0,0,,,,,,,,,,,,,,,,,,,,,,,,,,,,,,,,,,,,,,,
1926,1999,3,22,4,30,0,0,,,,,,,,,,,,,,,,,,,,,,,,,,,,,,,,,,,,,,,
1927,1999,3,22,5,30,0,0,,,,,,,,,,,,,,,,,,,,,,,,,,,,,,,,,,,,,,,
1928,1999,3,22,6,30,58,472,,,,,,,,,,,,,,,,,,,,,,,,,,,,,,,,,,,,,,,
1929,1999,3,22,7,30,280,824,,,,,,,,,,,,,,,,,,,,,,,,,,,,,,,,,,,,,,,
1930,1999,3,22,8,30,510,951,,,,,,,,,,,,,,,,,,,,,,,,,,,,,,,,,,,,,,,
1931,1999,3,22,9,30,708,1011,,,,,,,,,,,,,,,,,,,,,,,,,,,,,,,,,,,,,,,
1932,1999,3,22,10,30,863,1052,,,,,,,,,,,,,,,,,,,,,,,,,,,,,,,,,,,,,,,
1933,1999,3,22,11,30,948,1067,,,,,,,,,,,,,,,,,,,,,,,,,,,,,,,,,,,,,,,
1934,1999,3,22,12,30,961,1070,,,,,,,,,,,,,,,,,,,,,,,,,,,,,,,,,,,,,,,
1935,1999,3,22,13,30,903,1059,,,,,,,,,,,,,,,,,,,,,,,,,,,,,,,,,,,,,,,
1936,1999,3,22,14,30,777,1033,,,,,,,,,,,,,,,,,,,,,,,,,,,,,,,,,,,,,,,
1937,1999,3,22,15,30,595,985,,,,,,,,,,,,,,,,,,,,,,,,,,,,,,,,,,,,,,,
1938,1999,3,22,16,30,372,885,,,,,,,,,,,,,,,,,,,,,,,,,,,,,,,,,,,,,,,
1939,1999,3,22,17,30,136,650,,,,,,,,,,,,,,,,,,,,,,,,,,,,,,,,,,,,,,,
1940,1999,3,22,18,30,0,0,,,,,,,,,,,,,,,,,,,,,,,,,,,,,,,,,,,,,,,
1941,1999,3,22,19,30,0,0,,,,,,,,,,,,,,,,,,,,,,,,,,,,,,,,,,,,,,,
1942,1999,3,22,20,30,0,0,,,,,,,,,,,,,,,,,,,,,,,,,,,,,,,,,,,,,,,
1943,1999,3,22,21,30,0,0,,,,,,,,,,,,,,,,,,,,,,,,,,,,,,,,,,,,,,,
1944,1999,3,22,22,30,0,0,,,,,,,,,,,,,,,,,,,,,,,,,,,,,,,,,,,,,,,
1945,1999,3,22,23,30,0,0,,,,,,,,,,,,,,,,,,,,,,,,,,,,,,,,,,,,,,,
1946,1999,3,23,0,30,0,0,,,,,,,,,,,,,,,,,,,,,,,,,,,,,,,,,,,,,,,
1947,1999,3,23,1,30,0,0,,,,,,,,,,,,,,,,,,,,,,,,,,,,,,,,,,,,,,,
1948,1999,3,23,2,30,0,0,,,,,,,,,,,,,,,,,,,,,,,,,,,,,,,,,,,,,,,
1949,1999,3,23,3,30,0,0,,,,,,,,,,,,,,,,,,,,,,,,,,,,,,,,,,,,,,,
1950,1999,3,23,4,30,0,0,,,,,,,,,,,,,,,,,,,,,,,,,,,,,,,,,,,,,,,
1951,1999,3,23,5,30,0,0,,,,,,,,,,,,,,,,,,,,,,,,,,,,,,,,,,,,,,,
1952,1999,3,23,6,30,25,0,,,,,,,,,,,,,,,,,,,,,,,,,,,,,,,,,,,,,,,
1953,1999,3,23,7,30,277,776,,,,,,,,,,,,,,,,,,,,,,,,,,,,,,,,,,,,,,,
1954,1999,3,23,8,30,504,913,,,,,,,,,,,,,,,,,,,,,,,,,,,,,,,,,,,,,,,
1955,1999,3,23,9,30,701,981,,,,,,,,,,,,,,,,,,,,,,,,,,,,,,,,,,,,,,,
1956,1999,3,23,10,30,846,1012,,,,,,,,,,,,,,,,,,,,,,,,,,,,,,,,,,,,,,,
1957,1999,3,23,11,30,926,1013,,,,,,,,,,,,,,,,,,,,,,,,,,,,,,,,,,,,,,,
1958,1999,3,23,12,30,936,1003,,,,,,,,,,,,,,,,,,,,,,,,,,,,,,,,,,,,,,,
1959,1999,3,23,13,30,879,992,,,,,,,,,,,,,,,,,,,,,,,,,,,,,,,,,,,,,,,
1960,1999,3,23,14,30,756,973,,,,,,,,,,,,,,,,,,,,,,,,,,,,,,,,,,,,,,,
1961,1999,3,23,15,30,471,437,,,,,,,,,,,,,,,,,,,,,,,,,,,,,,,,,,,,,,,
1962,1999,3,23,16,30,357,817,,,,,,,,,,,,,,,,,,,,,,,,,,,,,,,,,,,,,,,
1963,1999,3,23,17,30,128,543,,,,,,,,,,,,,,,,,,,,,,,,,,,,,,,,,,,,,,,
1964,1999,3,23,18,30,0,0,,,,,,,,,,,,,,,,,,,,,,,,,,,,,,,,,,,,,,,
1965,1999,3,23,19,30,0,0,,,,,,,,,,,,,,,,,,,,,,,,,,,,,,,,,,,,,,,
1966,1999,3,23,20,30,0,0,,,,,,,,,,,,,,,,,,,,,,,,,,,,,,,,,,,,,,,
1967,1999,3,23,21,30,0,0,,,,,,,,,,,,,,,,,,,,,,,,,,,,,,,,,,,,,,,
1968,1999,3,23,22,30,0,0,,,,,,,,,,,,,,,,,,,,,,,,,,,,,,,,,,,,,,,
1969,1999,3,23,23,30,0,0,,,,,,,,,,,,,,,,,,,,,,,,,,,,,,,,,,,,,,,
1970,1999,3,24,0,30,0,0,,,,,,,,,,,,,,,,,,,,,,,,,,,,,,,,,,,,,,,
1971,1999,3,24,1,30,0,0,,,,,,,,,,,,,,,,,,,,,,,,,,,,,,,,,,,,,,,
1972,1999,3,24,2,30,0,0,,,,,,,,,,,,,,,,,,,,,,,,,,,,,,,,,,,,,,,
1973,1999,3,24,3,30,0,0,,,,,,,,,,,,,,,,,,,,,,,,,,,,,,,,,,,,,,,
1974,1999,3,24,4,30,0,0,,,,,,,,,,,,,,,,,,,,,,,,,,,,,,,,,,,,,,,
1975,1999,3,24,5,30,0,0,,,,,,,,,,,,,,,,,,,,,,,,,,,,,,,,,,,,,,,
1976,1999,3,24,6,30,63,439,,,,,,,,,,,,,,,,,,,,,,,,,,,,,,,,,,,,,,,
1977,1999,3,24,7,30,286,799,,,,,,,,,,,,,,,,,,,,,,,,,,,,,,,,,,,,,,,
1978,1999,3,24,8,30,514,927,,,,,,,,,,,,,,,,,,,,,,,,,,,,,,,,,,,,,,,
1979,1999,3,24,9,30,717,1000,,,,,,,,,,,,,,,,,,,,,,,,,,,,,,,,,,,,,,,
1980,1999,3,24,10,30,857,1023,,,,,,,,,,,,,,,,,,,,,,,,,,,,,,,,,,,,,,,
1981,1999,3,24,11,30,939,1036,,,,,,,,,,,,,,,,,,,,,,,,,,,,,,,,,,,,,,,
1982,1999,3,24,12,30,946,1030,,,,,,,,,,,,,,,,,,,,,,,,,,,,,,,,,,,,,,,
1983,1999,3,24,13,30,888,1017,,,,,,,,,,,,,,,,,,,,,,,,,,,,,,,,,,,,,,,
1984,1999,3,24,14,30,758,980,,,,,,,,,,,,,,,,,,,,,,,,,,,,,,,,,,,,,,,
1985,1999,3,24,15,30,578,922,,,,,,,,,,,,,,,,,,,,,,,,,,,,,,,,,,,,,,,
1986,1999,3,24,16,30,360,811,,,,,,,,,,,,,,,,,,,,,,,,,,,,,,,,,,,,,,,
1987,1999,3,24,17,30,19,0,,,,,,,,,,,,,,,,,,,,,,,,,,,,,,,,,,,,,,,
1988,1999,3,24,18,30,0,0,,,,,,,,,,,,,,,,,,,,,,,,,,,,,,,,,,,,,,,
1989,1999,3,24,19,30,0,0,,,,,,,,,,,,,,,,,,,,,,,,,,,,,,,,,,,,,,,
1990,1999,3,24,20,30,0,0,,,,,,,,,,,,,,,,,,,,,,,,,,,,,,,,,,,,,,,
1991,1999,3,24,21,30,0,0,,,,,,,,,,,,,,,,,,,,,,,,,,,,,,,,,,,,,,,
1992,1999,3,24,22,30,0,0,,,,,,,,,,,,,,,,,,,,,,,,,,,,,,,,,,,,,,,
1993,1999,3,24,23,30,0,0,,,,,,,,,,,,,,,,,,,,,,,,,,,,,,,,,,,,,,,
1994,1999,3,25,0,30,0,0,,,,,,,,,,,,,,,,,,,,,,,,,,,,,,,,,,,,,,,
1995,1999,3,25,1,30,0,0,,,,,,,,,,,,,,,,,,,,,,,,,,,,,,,,,,,,,,,
1996,1999,3,25,2,30,0,0,,,,,,,,,,,,,,,,,,,,,,,,,,,,,,,,,,,,,,,
1997,1999,3,25,3,30,0,0,,,,,,,,,,,,,,,,,,,,,,,,,,,,,,,,,,,,,,,
1998,1999,3,25,4,30,0,0,,,,,,,,,,,,,,,,,,,,,,,,,,,,,,,,,,,,,,,
1999,1999,3,25,5,30,0,0,,,,,,,,,,,,,,,,,,,,,,,,,,,,,,,,,,,,,,,
2000,1999,3,25,6,30,24,0,,,,,,,,,,,,,,,,,,,,,,,,,,,,,,,,,,,,,,,
2001,1999,3,25,7,30,44,0,,,,,,,,,,,,,,,,,,,,,,,,,,,,,,,,,,,,,,,
2002,1999,3,25,8,30,178,1,,,,,,,,,,,,,,,,,,,,,,,,,,,,,,,,,,,,,,,
2003,1999,3,25,9,30,576,311,,,,,,,,,,,,,,,,,,,,,,,,,,,,,,,,,,,,,,,
2004,1999,3,25,10,30,847,986,,,,,,,,,,,,,,,,,,,,,,,,,,,,,,,,,,,,,,,
2005,1999,3,25,11,30,935,1014,,,,,,,,,,,,,,,,,,,,,,,,,,,,,,,,,,,,,,,
2006,1999,3,25,12,30,947,1012,,,,,,,,,,,,,,,,,,,,,,,,,,,,,,,,,,,,,,,
2007,1999,3,25,13,30,758,579,,,,,,,,,,,,,,,,,,,,,,,,,,,,,,,,,,,,,,,
2008,1999,3,25,14,30,628,464,,,,,,,,,,,,,,,,,,,,,,,,,,,,,,,,,,,,,,,
2009,1999,3,25,15,30,503,512,,,,,,,,,,,,,,,,,,,,,,,,,,,,,,,,,,,,,,,
2010,1999,3,25,16,30,16,0,,,,,,,,,,,,,,,,,,,,,,,,,,,,,,,,,,,,,,,
2011,1999,3,25,17,30,90,28,,,,,,,,,,,,,,,,,,,,,,,,,,,,,,,,,,,,,,,
2012,1999,3,25,18,30,0,0,,,,,,,,,,,,,,,,,,,,,,,,,,,,,,,,,,,,,,,
2013,1999,3,25,19,30,0,0,,,,,,,,,,,,,,,,,,,,,,,,,,,,,,,,,,,,,,,
2014,1999,3,25,20,30,0,0,,,,,,,,,,,,,,,,,,,,,,,,,,,,,,,,,,,,,,,
2015,1999,3,25,21,30,0,0,,,,,,,,,,,,,,,,,,,,,,,,,,,,,,,,,,,,,,,
2016,1999,3,25,22,30,0,0,,,,,,,,,,,,,,,,,,,,,,,,,,,,,,,,,,,,,,,
2017,1999,3,25,23,30,0,0,,,,,,,,,,,,,,,,,,,,,,,,,,,,,,,,,,,,,,,
2018,1999,3,26,0,30,0,0,,,,,,,,,,,,,,,,,,,,,,,,,,,,,,,,,,,,,,,
2019,1999,3,26,1,30,0,0,,,,,,,,,,,,,,,,,,,,,,,,,,,,,,,,,,,,,,,
2020,1999,3,26,2,30,0,0,,,,,,,,,,,,,,,,,,,,,,,,,,,,,,,,,,,,,,,
2021,1999,3,26,3,30,0,0,,,,,,,,,,,,,,,,,,,,,,,,,,,,,,,,,,,,,,,
2022,1999,3,26,4,30,0,0,,,,,,,,,,,,,,,,,,,,,,,,,,,,,,,,,,,,,,,
2023,1999,3,26,5,30,0,0,,,,,,,,,,,,,,,,,,,,,,,,,,,,,,,,,,,,,,,
2024,1999,3,26,6,30,34,0,,,,,,,,,,,,,,,,,,,,,,,,,,,,,,,,,,,,,,,
2025,1999,3,26,7,30,94,7,,,,,,,,,,,,,,,,,,,,,,,,,,,,,,,,,,,,,,,
2026,1999,3,26,8,30,248,57,,,,,,,,,,,,,,,,,,,,,,,,,,,,,,,,,,,,,,,
2027,1999,3,26,9,30,322,30,,,,,,,,,,,,,,,,,,,,,,,,,,,,,,,,,,,,,,,
2028,1999,3,26,10,30,337,16,,,,,,,,,,,,,,,,,,,,,,,,,,,,,,,,,,,,,,,
2029,1999,3,26,11,30,651,300,,,,,,,,,,,,,,,,,,,,,,,,,,,,,,,,,,,,,,,
2030,1999,3,26,12,30,718,387,,,,,,,,,,,,,,,,,,,,,,,,,,,,,,,,,,,,,,,
2031,1999,3,26,13,30,678,397,,,,,,,,,,,,,,,,,,,,,,,,,,,,,,,,,,,,,,,
2032,1999,3,26,14,30,535,296,,,,,,,,,,,,,,,,,,,,,,,,,,,,,,,,,,,,,,,
2033,1999,3,26,15,30,173,6,,,,,,,,,,,,,,,,,,,,,,,,,,,,,,,,,,,,,,,
2034,1999,3,26,16,30,108,6,,,,,,,,,,,,,,,,,,,,,,,,,,,,,,,,,,,,,,,
2035,1999,3,26,17,30,11,0,,,,,,,,,,,,,,,,,,,,,,,,,,,,,,,,,,,,,,,
2036,1999,3,26,18,30,0,0,,,,,,,,,,,,,,,,,,,,,,,,,,,,,,,,,,,,,,,
2037,1999,3,26,19,30,0,0,,,,,,,,,,,,,,,,,,,,,,,,,,,,,,,,,,,,,,,
2038,1999,3,26,20,30,0,0,,,,,,,,,,,,,,,,,,,,,,,,,,,,,,,,,,,,,,,
2039,1999,3,26,21,30,0,0,,,,,,,,,,,,,,,,,,,,,,,,,,,,,,,,,,,,,,,
2040,1999,3,26,22,30,0,0,,,,,,,,,,,,,,,,,,,,,,,,,,,,,,,,,,,,,,,
2041,1999,3,26,23,30,0,0,,,,,,,,,,,,,,,,,,,,,,,,,,,,,,,,,,,,,,,
2042,1999,3,27,0,30,0,0,,,,,,,,,,,,,,,,,,,,,,,,,,,,,,,,,,,,,,,
2043,1999,3,27,1,30,0,0,,,,,,,,,,,,,,,,,,,,,,,,,,,,,,,,,,,,,,,
2044,1999,3,27,2,30,0,0,,,,,,,,,,,,,,,,,,,,,,,,,,,,,,,,,,,,,,,
2045,1999,3,27,3,30,0,0,,,,,,,,,,,,,,,,,,,,,,,,,,,,,,,,,,,,,,,
2046,1999,3,27,4,30,0,0,,,,,,,,,,,,,,,,,,,,,,,,,,,,,,,,,,,,,,,
2047,1999,3,27,5,30,0,0,,,,,,,,,,,,,,,,,,,,,,,,,,,,,,,,,,,,,,,
2048,1999,3,27,6,30,34,0,,,,,,,,,,,,,,,,,,,,,,,,,,,,,,,,,,,,,,,
2049,1999,3,27,7,30,104,1,,,,,,,,,,,,,,,,,,,,,,,,,,,,,,,,,,,,,,,
2050,1999,3,27,8,30,340,77,,,,,,,,,,,,,,,,,,,,,,,,,,,,,,,,,,,,,,,
2051,1999,3,27,9,30,711,966,,,,,,,,,,,,,,,,,,,,,,,,,,,,,,,,,,,,,,,
2052,1999,3,27,10,30,855,1003,,,,,,,,,,,,,,,,,,,,,,,,,,,,,,,,,,,,,,,
2053,1999,3,27,11,30,939,1024,,,,,,,,,,,,,,,,,,,,,,,,,,,,,,,,,,,,,,,
2054,1999,3,27,12,30,950,1026,,,,,,,,,,,,,,,,,,,,,,,,,,,,,,,,,,,,,,,
2055,1999,3,27,13,30,891,1014,,,,,,,,,,,,,,,,,,,,,,,,,,,,,,,,,,,,,,,
2056,1999,3,27,14,30,767,987,,,,,,,,,,,,,,,,,,,,,,,,,,,,,,,,,,,,,,,
2057,1999,3,27,15,30,588,935,,,,,,,,,,,,,,,,,,,,,,,,,,,,,,,,,,,,,,,
2058,1999,3,27,16,30,370,831,,,,,,,,,,,,,,,,,,,,,,,,,,,,,,,,,,,,,,,
2059,1999,3,27,17,30,142,598,,,,,,,,,,,,,,,,,,,,,,,,,,,,,,,,,,,,,,,
2060,1999,3,27,18,30,0,0,,,,,,,,,,,,,,,,,,,,,,,,,,,,,,,,,,,,,,,
2061,1999,3,27,19,30,0,0,,,,,,,,,,,,,,,,,,,,,,,,,,,,,,,,,,,,,,,
2062,1999,3,27,20,30,0,0,,,,,,,,,,,,,,,,,,,,,,,,,,,,,,,,,,,,,,,
2063,1999,3,27,21,30,0,0,,,,,,,,,,,,,,,,,,,,,,,,,,,,,,,,,,,,,,,
2064,1999,3,27,22,30,0,0,,,,,,,,,,,,,,,,,,,,,,,,,,,,,,,,,,,,,,,
2065,1999,3,27,23,30,0,0,,,,,,,,,,,,,,,,,,,,,,,,,,,,,,,,,,,,,,,
2066,1999,3,28,0,30,0,0,,,,,,,,,,,,,,,,,,,,,,,,,,,,,,,,,,,,,,,
2067,1999,3,28,1,30,0,0,,,,,,,,,,,,,,,,,,,,,,,,,,,,,,,,,,,,,,,
2068,1999,3,28,2,30,0,0,,,,,,,,,,,,,,,,,,,,,,,,,,,,,,,,,,,,,,,
2069,1999,3,28,3,30,0,0,,,,,,,,,,,,,,,,,,,,,,,,,,,,,,,,,,,,,,,
2070,1999,3,28,4,30,0,0,,,,,,,,,,,,,,,,,,,,,,,,,,,,,,,,,,,,,,,
2071,1999,3,28,5,30,0,0,,,,,,,,,,,,,,,,,,,,,,,,,,,,,,,,,,,,,,,
2072,1999,3,28,6,30,80,463,,,,,,,,,,,,,,,,,,,,,,,,,,,,,,,,,,,,,,,
2073,1999,3,28,7,30,306,793,,,,,,,,,,,,,,,,,,,,,,,,,,,,,,,,,,,,,,,
2074,1999,3,28,8,30,535,921,,,,,,,,,,,,,,,,,,,,,,,,,,,,,,,,,,,,,,,
2075,1999,3,28,9,30,731,983,,,,,,,,,,,,,,,,,,,,,,,,,,,,,,,,,,,,,,,
2076,1999,3,28,10,30,876,1018,,,,,,,,,,,,,,,,,,,,,,,,,,,,,,,,,,,,,,,
2077,1999,3,28,11,30,958,1038,,,,,,,,,,,,,,,,,,,,,,,,,,,,,,,,,,,,,,,
2078,1999,3,28,12,30,969,1041,,,,,,,,,,,,,,,,,,,,,,,,,,,,,,,,,,,,,,,
2079,1999,3,28,13,30,916,1038,,,,,,,,,,,,,,,,,,,,,,,,,,,,,,,,,,,,,,,
2080,1999,3,28,14,30,790,1012,,,,,,,,,,,,,,,,,,,,,,,,,,,,,,,,,,,,,,,
2081,1999,3,28,15,30,606,956,,,,,,,,,,,,,,,,,,,,,,,,,,,,,,,,,,,,,,,
2082,1999,3,28,16,30,387,862,,,,,,,,,,,,,,,,,,,,,,,,,,,,,,,,,,,,,,,
2083,1999,3,28,17,30,149,613,,,,,,,,,,,,,,,,,,,,,,,,,,,,,,,,,,,,,,,
2084,1999,3,28,18,30,0,0,,,,,,,,,,,,,,,,,,,,,,,,,,,,,,,,,,,,,,,
2085,1999,3,28,19,30,0,0,,,,,,,,,,,,,,,,,,,,,,,,,,,,,,,,,,,,,,,
2086,1999,3,28,20,30,0,0,,,,,,,,,,,,,,,,,,,,,,,,,,,,,,,,,,,,,,,
2087,1999,3,28,21,30,0,0,,,,,,,,,,,,,,,,,,,,,,,,,,,,,,,,,,,,,,,
2088,1999,3,28,22,30,0,0,,,,,,,,,,,,,,,,,,,,,,,,,,,,,,,,,,,,,,,
2089,1999,3,28,23,30,0,0,,,,,,,,,,,,,,,,,,,,,,,,,,,,,,,,,,,,,,,
2090,1999,3,29,0,30,0,0,,,,,,,,,,,,,,,,,,,,,,,,,,,,,,,,,,,,,,,
2091,1999,3,29,1,30,0,0,,,,,,,,,,,,,,,,,,,,,,,,,,,,,,,,,,,,,,,
2092,1999,3,29,2,30,0,0,,,,,,,,,,,,,,,,,,,,,,,,,,,,,,,,,,,,,,,
2093,1999,3,29,3,30,0,0,,,,,,,,,,,,,,,,,,,,,,,,,,,,,,,,,,,,,,,
2094,1999,3,29,4,30,0,0,,,,,,,,,,,,,,,,,,,,,,,,,,,,,,,,,,,,,,,
2095,1999,3,29,5,30,0,0,,,,,,,,,,,,,,,,,,,,,,,,,,,,,,,,,,,,,,,
2096,1999,3,29,6,30,51,1,,,,,,,,,,,,,,,,,,,,,,,,,,,,,,,,,,,,,,,
2097,1999,3,29,7,30,317,809,,,,,,,,,,,,,,,,,,,,,,,,,,,,,,,,,,,,,,,
2098,1999,3,29,8,30,548,929,,,,,,,,,,,,,,,,,,,,,,,,,,,,,,,,,,,,,,,
2099,1999,3,29,9,30,739,983,,,,,,,,,,,,,,,,,,,,,,,,,,,,,,,,,,,,,,,
2100,1999,3,29,10,30,884,1016,,,,,,,,,,,,,,,,,,,,,,,,,,,,,,,,,,,,,,,
2101,1999,3,29,11,30,964,1028,,,,,,,,,,,,,,,,,,,,,,,,,,,,,,,,,,,,,,,
2102,1999,3,29,12,30,975,1030,,,,,,,,,,,,,,,,,,,,,,,,,,,,,,,,,,,,,,,
2103,1999,3,29,13,30,915,1019,,,,,,,,,,,,,,,,,,,,,,,,,,,,,,,,,,,,,,,
2104,1999,3,29,14,30,787,984,,,,,,,,,,,,,,,,,,,,,,,,,,,,,,,,,,,,,,,
2105,1999,3,29,15,30,604,928,,,,,,,,,,,,,,,,,,,,,,,,,,,,,,,,,,,,,,,
2106,1999,3,29,16,30,381,822,,,,,,,,,,,,,,,,,,,,,,,,,,,,,,,,,,,,,,,
2107,1999,3,29,17,30,147,571,,,,,,,,,,,,,,,,,,,,,,,,,,,,,,,,,,,,,,,
2108,1999,3,29,18,30,0,0,,,,,,,,,,,,,,,,,,,,,,,,,,,,,,,,,,,,,,,
2109,1999,3,29,19,30,0,0,,,,,,,,,,,,,,,,,,,,,,,,,,,,,,,,,,,,,,,
2110,1999,3,29,20,30,0,0,,,,,,,,,,,,,,,,,,,,,,,,,,,,,,,,,,,,,,,
2111,1999,3,29,21,30,0,0,,,,,,,,,,,,,,,,,,,,,,,,,,,,,,,,,,,,,,,
2112,1999,3,29,22,30,0,0,,,,,,,,,,,,,,,,,,,,,,,,,,,,,,,,,,,,,,,
2113,1999,3,29,23,30,0,0,,,,,,,,,,,,,,,,,,,,,,,,,,,,,,,,,,,,,,,
2114,1999,3,30,0,30,0,0,,,,,,,,,,,,,,,,,,,,,,,,,,,,,,,,,,,,,,,
2115,1999,3,30,1,30,0,0,,,,,,,,,,,,,,,,,,,,,,,,,,,,,,,,,,,,,,,
2116,1999,3,30,2,30,0,0,,,,,,,,,,,,,,,,,,,,,,,,,,,,,,,,,,,,,,,
2117,1999,3,30,3,30,0,0,,,,,,,,,,,,,,,,,,,,,,,,,,,,,,,,,,,,,,,
2118,1999,3,30,4,30,0,0,,,,,,,,,,,,,,,,,,,,,,,,,,,,,,,,,,,,,,,
2119,1999,3,30,5,30,0,0,,,,,,,,,,,,,,,,,,,,,,,,,,,,,,,,,,,,,,,
2120,1999,3,30,6,30,54,2,,,,,,,,,,,,,,,,,,,,,,,,,,,,,,,,,,,,,,,
2121,1999,3,30,7,30,229,104,,,,,,,,,,,,,,,,,,,,,,,,,,,,,,,,,,,,,,,
2122,1999,3,30,8,30,444,444,,,,,,,,,,,,,,,,,,,,,,,,,,,,,,,,,,,,,,,
2123,1999,3,30,9,30,721,932,,,,,,,,,,,,,,,,,,,,,,,,,,,,,,,,,,,,,,,
2124,1999,3,30,10,30,863,976,,,,,,,,,,,,,,,,,,,,,,,,,,,,,,,,,,,,,,,
2125,1999,3,30,11,30,944,1001,,,,,,,,,,,,,,,,,,,,,,,,,,,,,,,,,,,,,,,
2126,1999,3,30,12,30,956,1009,,,,,,,,,,,,,,,,,,,,,,,,,,,,,,,,,,,,,,,
2127,1999,3,30,13,30,896,997,,,,,,,,,,,,,,,,,,,,,,,,,,,,,,,,,,,,,,,
2128,1999,3,30,14,30,746,782,,,,,,,,,,,,,,,,,,,,,,,,,,,,,,,,,,,,,,,
2129,1999,3,30,15,30,369,153,,,,,,,,,,,,,,,,,,,,,,,,,,,,,,,,,,,,,,,
2130,1999,3,30,16,30,375,811,,,,,,,,,,,,,,,,,,,,,,,,,,,,,,,,,,,,,,,
2131,1999,3,30,17,30,147,579,,,,,,,,,,,,,,,,,,,,,,,,,,,,,,,,,,,,,,,
2132,1999,3,30,18,30,0,0,,,,,,,,,,,,,,,,,,,,,,,,,,,,,,,,,,,,,,,
2133,1999,3,30,19,30,0,0,,,,,,,,,,,,,,,,,,,,,,,,,,,,,,,,,,,,,,,
2134,1999,3,30,20,30,0,0,,,,,,,,,,,,,,,,,,,,,,,,,,,,,,,,,,,,,,,
2135,1999,3,30,21,30,0,0,,,,,,,,,,,,,,,,,,,,,,,,,,,,,,,,,,,,,,,
2136,1999,3,30,22,30,0,0,,,,,,,,,,,,,,,,,,,,,,,,,,,,,,,,,,,,,,,
2137,1999,3,30,23,30,0,0,,,,,,,,,,,,,,,,,,,,,,,,,,,,,,,,,,,,,,,
2138,1999,3,31,0,30,0,0,,,,,,,,,,,,,,,,,,,,,,,,,,,,,,,,,,,,,,,
2139,1999,3,31,1,30,0,0,,,,,,,,,,,,,,,,,,,,,,,,,,,,,,,,,,,,,,,
2140,1999,3,31,2,30,0,0,,,,,,,,,,,,,,,,,,,,,,,,,,,,,,,,,,,,,,,
2141,1999,3,31,3,30,0,0,,,,,,,,,,,,,,,,,,,,,,,,,,,,,,,,,,,,,,,
2142,1999,3,31,4,30,0,0,,,,,,,,,,,,,,,,,,,,,,,,,,,,,,,,,,,,,,,
2143,1999,3,31,5,30,0,0,,,,,,,,,,,,,,,,,,,,,,,,,,,,,,,,,,,,,,,
2144,1999,3,31,6,30,69,42,,,,,,,,,,,,,,,,,,,,,,,,,,,,,,,,,,,,,,,
2145,1999,3,31,7,30,328,830,,,,,,,,,,,,,,,,,,,,,,,,,,,,,,,,,,,,,,,
2146,1999,3,31,8,30,556,935,,,,,,,,,,,,,,,,,,,,,,,,,,,,,,,,,,,,,,,
2147,1999,3,31,9,30,752,997,,,,,,,,,,,,,,,,,,,,,,,,,,,,,,,,,,,,,,,
2148,1999,3,31,10,30,896,1028,,,,,,,,,,,,,,,,,,,,,,,,,,,,,,,,,,,,,,,
2149,1999,3,31,11,30,975,1037,,,,,,,,,,,,,,,,,,,,,,,,,,,,,,,,,,,,,,,
2150,1999,3,31,12,30,985,1037,,,,,,,,,,,,,,,,,,,,,,,,,,,,,,,,,,,,,,,
2151,1999,3,31,13,30,916,1015,,,,,,,,,,,,,,,,,,,,,,,,,,,,,,,,,,,,,,,
2152,1999,3,31,14,30,787,976,,,,,,,,,,,,,,,,,,,,,,,,,,,,,,,,,,,,,,,
2153,1999,3,31,15,30,602,908,,,,,,,,,,,,,,,,,,,,,,,,,,,,,,,,,,,,,,,
2154,1999,3,31,16,30,380,791,,,,,,,,,,,,,,,,,,,,,,,,,,,,,,,,,,,,,,,
2155,1999,3,31,17,30,146,512,,,,,,,,,,,,,,,,,,,,,,,,,,,,,,,,,,,,,,,
2156,1999,3,31,18,30,0,0,,,,,,,,,,,,,,,,,,,,,,,,,,,,,,,,,,,,,,,
2157,1999,3,31,19,30,0,0,,,,,,,,,,,,,,,,,,,,,,,,,,,,,,,,,,,,,,,
2158,1999,3,31,20,30,0,0,,,,,,,,,,,,,,,,,,,,,,,,,,,,,,,,,,,,,,,
2159,1999,3,31,21,30,0,0,,,,,,,,,,,,,,,,,,,,,,,,,,,,,,,,,,,,,,,
2160,1999,3,31,22,30,0,0,,,,,,,,,,,,,,,,,,,,,,,,,,,,,,,,,,,,,,,
2161,1999,3,31,23,30,0,0,,,,,,,,,,,,,,,,,,,,,,,,,,,,,,,,,,,,,,,
2162,1999,4,1,0,30,0,0,,,,,,,,,,,,,,,,,,,,,,,,,,,,,,,,,,,,,,,
2163,1999,4,1,1,30,0,0,,,,,,,,,,,,,,,,,,,,,,,,,,,,,,,,,,,,,,,
2164,1999,4,1,2,30,0,0,,,,,,,,,,,,,,,,,,,,,,,,,,,,,,,,,,,,,,,
2165,1999,4,1,3,30,0,0,,,,,,,,,,,,,,,,,,,,,,,,,,,,,,,,,,,,,,,
2166,1999,4,1,4,30,0,0,,,,,,,,,,,,,,,,,,,,,,,,,,,,,,,,,,,,,,,
2167,1999,4,1,5,30,0,0,,,,,,,,,,,,,,,,,,,,,,,,,,,,,,,,,,,,,,,
2168,1999,4,1,6,30,94,445,,,,,,,,,,,,,,,,,,,,,,,,,,,,,,,,,,,,,,,
2169,1999,4,1,7,30,320,763,,,,,,,,,,,,,,,,,,,,,,,,,,,,,,,,,,,,,,,
2170,1999,4,1,8,30,546,891,,,,,,,,,,,,,,,,,,,,,,,,,,,,,,,,,,,,,,,
2171,1999,4,1,9,30,740,953,,,,,,,,,,,,,,,,,,,,,,,,,,,,,,,,,,,,,,,
2172,1999,4,1,10,30,877,977,,,,,,,,,,,,,,,,,,,,,,,,,,,,,,,,,,,,,,,
2173,1999,4,1,11,30,957,994,,,,,,,,,,,,,,,,,,,,,,,,,,,,,,,,,,,,,,,
2174,1999,4,1,12,30,966,992,,,,,,,,,,,,,,,,,,,,,,,,,,,,,,,,,,,,,,,
2175,1999,4,1,13,30,857,764,,,,,,,,,,,,,,,,,,,,,,,,,,,,,,,,,,,,,,,
2176,1999,4,1,14,30,769,925,,,,,,,,,,,,,,,,,,,,,,,,,,,,,,,,,,,,,,,
2177,1999,4,1,15,30,449,281,,,,,,,,,,,,,,,,,,,,,,,,,,,,,,,,,,,,,,,
2178,1999,4,1,16,30,137,10,,,,,,,,,,,,,,,,,,,,,,,,,,,,,,,,,,,,,,,
2179,1999,4,1,17,30,105,191,,,,,,,,,,,,,,,,,,,,,,,,,,,,,,,,,,,,,,,
2180,1999,4,1,18,30,0,0,,,,,,,,,,,,,,,,,,,,,,,,,,,,,,,,,,,,,,,
2181,1999,4,1,19,30,0,0,,,,,,,,,,,,,,,,,,,,,,,,,,,,,,,,,,,,,,,
2182,1999,4,1,20,30,0,0,,,,,,,,,,,,,,,,,,,,,,,,,,,,,,,,,,,,,,,
2183,1999,4,1,21,30,0,0,,,,,,,,,,,,,,,,,,,,,,,,,,,,,,,,,,,,,,,
2184,1999,4,1,22,30,0,0,,,,,,,,,,,,,,,,,,,,,,,,,,,,,,,,,,,,,,,
2185,1999,4,1,23,30,0,0,,,,,,,,,,,,,,,,,,,,,,,,,,,,,,,,,,,,,,,
2186,1999,4,2,0,30,0,0,,,,,,,,,,,,,,,,,,,,,,,,,,,,,,,,,,,,,,,
2187,1999,4,2,1,30,0,0,,,,,,,,,,,,,,,,,,,,,,,,,,,,,,,,,,,,,,,
2188,1999,4,2,2,30,0,0,,,,,,,,,,,,,,,,,,,,,,,,,,,,,,,,,,,,,,,
2189,1999,4,2,3,30,0,0,,,,,,,,,,,,,,,,,,,,,,,,,,,,,,,,,,,,,,,
2190,1999,4,2,4,30,0,0,,,,,,,,,,,,,,,,,,,,,,,,,,,,,,,,,,,,,,,
2191,1999,4,2,5,30,0,0,,,,,,,,,,,,,,,,,,,,,,,,,,,,,,,,,,,,,,,
2192,1999,4,2,6,30,27,0,,,,,,,,,,,,,,,,,,,,,,,,,,,,,,,,,,,,,,,
2193,1999,4,2,7,30,12,0,,,,,,,,,,,,,,,,,,,,,,,,,,,,,,,,,,,,,,,
2194,1999,4,2,8,30,33,0,,,,,,,,,,,,,,,,,,,,,,,,,,,,,,,,,,,,,,,
2195,1999,4,2,9,30,136,0,,,,,,,,,,,,,,,,,,,,,,,,,,,,,,,,,,,,,,,
2196,1999,4,2,10,30,240,0,,,,,,,,,,,,,,,,,,,,,,,,,,,,,,,,,,,,,,,
2197,1999,4,2,11,30,418,5,,,,,,,,,,,,,,,,,,,,,,,,,,,,,,,,,,,,,,,
2198,1999,4,2,12,30,740,392,,,,,,,,,,,,,,,,,,,,,,,,,,,,,,,,,,,,,,,
2199,1999,4,2,13,30,37,0,,,,,,,,,,,,,,,,,,,,,,,,,,,,,,,,,,,,,,,
2200,1999,4,2,14,30,168,0,,,,,,,,,,,,,,,,,,,,,,,,,,,,,,,,,,,,,,,
2201,1999,4,2,15,30,509,471,,,,,,,,,,,,,,,,,,,,,,,,,,,,,,,,,,,,,,,
2202,1999,4,2,16,30,404,902,,,,,,,,,,,,,,,,,,,,,,,,,,,,,,,,,,,,,,,
2203,1999,4,2,17,30,168,708,,,,,,,,,,,,,,,,,,,,,,,,,,,,,,,,,,,,,,,
2204,1999,4,2,18,30,0,0,,,,,,,,,,,,,,,,,,,,,,,,,,,,,,,,,,,,,,,
2205,1999,4,2,19,30,0,0,,,,,,,,,,,,,,,,,,,,,,,,,,,,,,,,,,,,,,,
2206,1999,4,2,20,30,0,0,,,,,,,,,,,,,,,,,,,,,,,,,,,,,,,,,,,,,,,
2207,1999,4,2,21,30,0,0,,,,,,,,,,,,,,,,,,,,,,,,,,,,,,,,,,,,,,,
2208,1999,4,2,22,30,0,0,,,,,,,,,,,,,,,,,,,,,,,,,,,,,,,,,,,,,,,
2209,1999,4,2,23,30,0,0,,,,,,,,,,,,,,,,,,,,,,,,,,,,,,,,,,,,,,,
2210,1999,4,3,0,30,0,0,,,,,,,,,,,,,,,,,,,,,,,,,,,,,,,,,,,,,,,
2211,1999,4,3,1,30,0,0,,,,,,,,,,,,,,,,,,,,,,,,,,,,,,,,,,,,,,,
2212,1999,4,3,2,30,0,0,,,,,,,,,,,,,,,,,,,,,,,,,,,,,,,,,,,,,,,
2213,1999,4,3,3,30,0,0,,,,,,,,,,,,,,,,,,,,,,,,,,,,,,,,,,,,,,,
2214,1999,4,3,4,30,0,0,,,,,,,,,,,,,,,,,,,,,,,,,,,,,,,,,,,,,,,
2215,1999,4,3,5,30,0,0,,,,,,,,,,,,,,,,,,,,,,,,,,,,,,,,,,,,,,,
2216,1999,4,3,6,30,110,554,,,,,,,,,,,,,,,,,,,,,,,,,,,,,,,,,,,,,,,
2217,1999,4,3,7,30,342,832,,,,,,,,,,,,,,,,,,,,,,,,,,,,,,,,,,,,,,,
2218,1999,4,3,8,30,573,953,,,,,,,,,,,,,,,,,,,,,,,,,,,,,,,,,,,,,,,
2219,1999,4,3,9,30,768,1011,,,,,,,,,,,,,,,,,,,,,,,,,,,,,,,,,,,,,,,
2220,1999,4,3,10,30,911,1043,,,,,,,,,,,,,,,,,,,,,,,,,,,,,,,,,,,,,,,
2221,1999,4,3,11,30,991,1058,,,,,,,,,,,,,,,,,,,,,,,,,,,,,,,,,,,,,,,
2222,1999,4,3,12,30,744,221,,,,,,,,,,,,,,,,,,,,,,,,,,,,,,,,,,,,,,,
2223,1999,4,3,13,30,765,334,,,,,,,,,,,,,,,,,,,,,,,,,,,,,,,,,,,,,,,
2224,1999,4,3,14,30,810,1019,,,,,,,,,,,,,,,,,,,,,,,,,,,,,,,,,,,,,,,
2225,1999,4,3,15,30,287,45,,,,,,,,,,,,,,,,,,,,,,,,,,,,,,,,,,,,,,,
2226,1999,4,3,16,30,348,520,,,,,,,,,,,,,,,,,,,,,,,,,,,,,,,,,,,,,,,
2227,1999,4,3,17,30,41,0,,,,,,,,,,,,,,,,,,,,,,,,,,,,,,,,,,,,,,,
2228,1999,4,3,18,30,0,0,,,,,,,,,,,,,,,,,,,,,,,,,,,,,,,,,,,,,,,
2229,1999,4,3,19,30,0,0,,,,,,,,,,,,,,,,,,,,,,,,,,,,,,,,,,,,,,,
2230,1999,4,3,20,30,0,0,,,,,,,,,,,,,,,,,,,,,,,,,,,,,,,,,,,,,,,
2231,1999,4,3,21,30,0,0,,,,,,,,,,,,,,,,,,,,,,,,,,,,,,,,,,,,,,,
2232,1999,4,3,22,30,0,0,,,,,,,,,,,,,,,,,,,,,,,,,,,,,,,,,,,,,,,
2233,1999,4,3,23,30,0,0,,,,,,,,,,,,,,,,,,,,,,,,,,,,,,,,,,,,,,,
2234,1999,4,4,0,30,0,0,,,,,,,,,,,,,,,,,,,,,,,,,,,,,,,,,,,,,,,
2235,1999,4,4,1,30,0,0,,,,,,,,,,,,,,,,,,,,,,,,,,,,,,,,,,,,,,,
2236,1999,4,4,2,30,0,0,,,,,,,,,,,,,,,,,,,,,,,,,,,,,,,,,,,,,,,
2237,1999,4,4,3,30,0,0,,,,,,,,,,,,,,,,,,,,,,,,,,,,,,,,,,,,,,,
2238,1999,4,4,4,30,0,0,,,,,,,,,,,,,,,,,,,,,,,,,,,,,,,,,,,,,,,
2239,1999,4,4,5,30,0,0,,,,,,,,,,,,,,,,,,,,,,,,,,,,,,,,,,,,,,,
2240,1999,4,4,6,30,26,0,,,,,,,,,,,,,,,,,,,,,,,,,,,,,,,,,,,,,,,
2241,1999,4,4,7,30,41,0,,,,,,,,,,,,,,,,,,,,,,,,,,,,,,,,,,,,,,,
2242,1999,4,4,8,30,394,230,,,,,,,,,,,,,,,,,,,,,,,,,,,,,,,,,,,,,,,
2243,1999,4,4,9,30,222,0,,,,,,,,,,,,,,,,,,,,,,,,,,,,,,,,,,,,,,,
2244,1999,4,4,10,30,325,11,,,,,,,,,,,,,,,,,,,,,,,,,,,,,,,,,,,,,,,
2245,1999,4,4,11,30,290,4,,,,,,,,,,,,,,,,,,,,,,,,,,,,,,,,,,,,,,,
2246,1999,4,4,12,30,848,425,,,,,,,,,,,,,,,,,,,,,,,,,,,,,,,,,,,,,,,
2247,1999,4,4,13,30,927,1022,,,,,,,,,,,,,,,,,,,,,,,,,,,,,,,,,,,,,,,
2248,1999,4,4,14,30,627,415,,,,,,,,,,,,,,,,,,,,,,,,,,,,,,,,,,,,,,,
2249,1999,4,4,15,30,467,396,,,,,,,,,,,,,,,,,,,,,,,,,,,,,,,,,,,,,,,
2250,1999,4,4,16,30,299,149,,,,,,,,,,,,,,,,,,,,,,,,,,,,,,,,,,,,,,,
2251,1999,4,4,17,30,81,2,,,,,,,,,,,,,,,,,,,,,,,,,,,,,,,,,,,,,,,
2252,1999,4,4,18,30,0,0,,,,,,,,,,,,,,,,,,,,,,,,,,,,,,,,,,,,,,,
2253,1999,4,4,19,30,0,0,,,,,,,,,,,,,,,,,,,,,,,,,,,,,,,,,,,,,,,
2254,1999,4,4,20,30,0,0,,,,,,,,,,,,,,,,,,,,,,,,,,,,,,,,,,,,,,,
2255,1999,4,4,21,30,0,0,,,,,,,,,,,,,,,,,,,,,,,,,,,,,,,,,,,,,,,
2256,1999,4,4,22,30,0,0,,,,,,,,,,,,,,,,,,,,,,,,,,,,,,,,,,,,,,,
2257,1999,4,4,23,30,0,0,,,,,,,,,,,,,,,,,,,,,,,,,,,,,,,,,,,,,,,
2258,1999,4,5,0,30,0,0,,,,,,,,,,,,,,,,,,,,,,,,,,,,,,,,,,,,,,,
2259,1999,4,5,1,30,0,0,,,,,,,,,,,,,,,,,,,,,,,,,,,,,,,,,,,,,,,
2260,1999,4,5,2,30,0,0,,,,,,,,,,,,,,,,,,,,,,,,,,,,,,,,,,,,,,,
2261,1999,4,5,3,30,0,0,,,,,,,,,,,,,,,,,,,,,,,,,,,,,,,,,,,,,,,
2262,1999,4,5,4,30,0,0,,,,,,,,,,,,,,,,,,,,,,,,,,,,,,,,,,,,,,,
2263,1999,4,5,5,30,0,0,,,,,,,,,,,,,,,,,,,,,,,,,,,,,,,,,,,,,,,
2264,1999,4,5,6,30,67,2,,,,,,,,,,,,,,,,,,,,,,,,,,,,,,,,,,,,,,,
2265,1999,4,5,7,30,356,838,,,,,,,,,,,,,,,,,,,,,,,,,,,,,,,,,,,,,,,
2266,1999,4,5,8,30,587,952,,,,,,,,,,,,,,,,,,,,,,,,,,,,,,,,,,,,,,,
2267,1999,4,5,9,30,784,1013,,,,,,,,,,,,,,,,,,,,,,,,,,,,,,,,,,,,,,,
2268,1999,4,5,10,30,927,1044,,,,,,,,,,,,,,,,,,,,,,,,,,,,,,,,,,,,,,,
2269,1999,4,5,11,30,1006,1059,,,,,,,,,,,,,,,,,,,,,,,,,,,,,,,,,,,,,,,
2270,1999,4,5,12,30,1014,1062,,,,,,,,,,,,,,,,,,,,,,,,,,,,,,,,,,,,,,,
2271,1999,4,5,13,30,952,1052,,,,,,,,,,,,,,,,,,,,,,,,,,,,,,,,,,,,,,,
2272,1999,4,5,14,30,822,1022,,,,,,,,,,,,,,,,,,,,,,,,,,,,,,,,,,,,,,,
2273,1999,4,5,15,30,637,975,,,,,,,,,,,,,,,,,,,,,,,,,,,,,,,,,,,,,,,
2274,1999,4,5,16,30,413,882,,,,,,,,,,,,,,,,,,,,,,,,,,,,,,,,,,,,,,,
2275,1999,4,5,17,30,173,660,,,,,,,,,,,,,,,,,,,,,,,,,,,,,,,,,,,,,,,
2276,1999,4,5,18,30,0,0,,,,,,,,,,,,,,,,,,,,,,,,,,,,,,,,,,,,,,,
2277,1999,4,5,19,30,0,0,,,,,,,,,,,,,,,,,,,,,,,,,,,,,,,,,,,,,,,
2278,1999,4,5,20,30,0,0,,,,,,,,,,,,,,,,,,,,,,,,,,,,,,,,,,,,,,,
2279,1999,4,5,21,30,0,0,,,,,,,,,,,,,,,,,,,,,,,,,,,,,,,,,,,,,,,
2280,1999,4,5,22,30,0,0,,,,,,,,,,,,,,,,,,,,,,,,,,,,,,,,,,,,,,,
2281,1999,4,5,23,30,0,0,,,,,,,,,,,,,,,,,,,,,,,,,,,,,,,,,,,,,,,
2282,1999,4,6,0,30,0,0,,,,,,,,,,,,,,,,,,,,,,,,,,,,,,,,,,,,,,,
2283,1999,4,6,1,30,0,0,,,,,,,,,,,,,,,,,,,,,,,,,,,,,,,,,,,,,,,
2284,1999,4,6,2,30,0,0,,,,,,,,,,,,,,,,,,,,,,,,,,,,,,,,,,,,,,,
2285,1999,4,6,3,30,0,0,,,,,,,,,,,,,,,,,,,,,,,,,,,,,,,,,,,,,,,
2286,1999,4,6,4,30,0,0,,,,,,,,,,,,,,,,,,,,,,,,,,,,,,,,,,,,,,,
2287,1999,4,6,5,30,0,0,,,,,,,,,,,,,,,,,,,,,,,,,,,,,,,,,,,,,,,
2288,1999,4,6,6,30,126,612,,,,,,,,,,,,,,,,,,,,,,,,,,,,,,,,,,,,,,,
2289,1999,4,6,7,30,360,859,,,,,,,,,,,,,,,,,,,,,,,,,,,,,,,,,,,,,,,
2290,1999,4,6,8,30,595,973,,,,,,,,,,,,,,,,,,,,,,,,,,,,,,,,,,,,,,,
2291,1999,4,6,9,30,789,1023,,,,,,,,,,,,,,,,,,,,,,,,,,,,,,,,,,,,,,,
2292,1999,4,6,10,30,931,1052,,,,,,,,,,,,,,,,,,,,,,,,,,,,,,,,,,,,,,,
2293,1999,4,6,11,30,1010,1066,,,,,,,,,,,,,,,,,,,,,,,,,,,,,,,,,,,,,,,
2294,1999,4,6,12,30,1009,1057,,,,,,,,,,,,,,,,,,,,,,,,,,,,,,,,,,,,,,,
2295,1999,4,6,13,30,946,1047,,,,,,,,,,,,,,,,,,,,,,,,,,,,,,,,,,,,,,,
2296,1999,4,6,14,30,818,1022,,,,,,,,,,,,,,,,,,,,,,,,,,,,,,,,,,,,,,,
2297,1999,4,6,15,30,635,974,,,,,,,,,,,,,,,,,,,,,,,,,,,,,,,,,,,,,,,
2298,1999,4,6,16,30,412,884,,,,,,,,,,,,,,,,,,,,,,,,,,,,,,,,,,,,,,,
2299,1999,4,6,17,30,174,672,,,,,,,,,,,,,,,,,,,,,,,,,,,,,,,,,,,,,,,
2300,1999,4,6,18,30,0,0,,,,,,,,,,,,,,,,,,,,,,,,,,,,,,,,,,,,,,,
2301,1999,4,6,19,30,0,0,,,,,,,,,,,,,,,,,,,,,,,,,,,,,,,,,,,,,,,
2302,1999,4,6,20,30,0,0,,,,,,,,,,,,,,,,,,,,,,,,,,,,,,,,,,,,,,,
2303,1999,4,6,21,30,0,0,,,,,,,,,,,,,,,,,,,,,,,,,,,,,,,,,,,,,,,
2304,1999,4,6,22,30,0,0,,,,,,,,,,,,,,,,,,,,,,,,,,,,,,,,,,,,,,,
2305,1999,4,6,23,30,0,0,,,,,,,,,,,,,,,,,,,,,,,,,,,,,,,,,,,,,,,
2306,1999,4,7,0,30,0,0,,,,,,,,,,,,,,,,,,,,,,,,,,,,,,,,,,,,,,,
2307,1999,4,7,1,30,0,0,,,,,,,,,,,,,,,,,,,,,,,,,,,,,,,,,,,,,,,
2308,1999,4,7,2,30,0,0,,,,,,,,,,,,,,,,,,,,,,,,,,,,,,,,,,,,,,,
2309,1999,4,7,3,30,0,0,,,,,,,,,,,,,,,,,,,,,,,,,,,,,,,,,,,,,,,
2310,1999,4,7,4,30,0,0,,,,,,,,,,,,,,,,,,,,,,,,,,,,,,,,,,,,,,,
2311,1999,4,7,5,30,0,0,,,,,,,,,,,,,,,,,,,,,,,,,,,,,,,,,,,,,,,
2312,1999,4,7,6,30,25,0,,,,,,,,,,,,,,,,,,,,,,,,,,,,,,,,,,,,,,,
2313,1999,4,7,7,30,250,131,,,,,,,,,,,,,,,,,,,,,,,,,,,,,,,,,,,,,,,
2314,1999,4,7,8,30,364,139,,,,,,,,,,,,,,,,,,,,,,,,,,,,,,,,,,,,,,,
2315,1999,4,7,9,30,412,75,,,,,,,,,,,,,,,,,,,,,,,,,,,,,,,,,,,,,,,
2316,1999,4,7,10,30,463,64,,,,,,,,,,,,,,,,,,,,,,,,,,,,,,,,,,,,,,,
2317,1999,4,7,11,30,668,240,,,,,,,,,,,,,,,,,,,,,,,,,,,,,,,,,,,,,,,
2318,1999,4,7,12,30,921,785,,,,,,,,,,,,,,,,,,,,,,,,,,,,,,,,,,,,,,,
2319,1999,4,7,13,30,906,731,,,,,,,,,,,,,,,,,,,,,,,,,,,,,,,,,,,,,,,
2320,1999,4,7,14,30,623,409,,,,,,,,,,,,,,,,,,,,,,,,,,,,,,,,,,,,,,,
2321,1999,4,7,15,30,613,909,,,,,,,,,,,,,,,,,,,,,,,,,,,,,,,,,,,,,,,
2322,1999,4,7,16,30,401,837,,,,,,,,,,,,,,,,,,,,,,,,,,,,,,,,,,,,,,,
2323,1999,4,7,17,30,174,662,,,,,,,,,,,,,,,,,,,,,,,,,,,,,,,,,,,,,,,
2324,1999,4,7,18,30,0,0,,,,,,,,,,,,,,,,,,,,,,,,,,,,,,,,,,,,,,,
2325,1999,4,7,19,30,0,0,,,,,,,,,,,,,,,,,,,,,,,,,,,,,,,,,,,,,,,
2326,1999,4,7,20,30,0,0,,,,,,,,,,,,,,,,,,,,,,,,,,,,,,,,,,,,,,,
2327,1999,4,7,21,30,0,0,,,,,,,,,,,,,,,,,,,,,,,,,,,,,,,,,,,,,,,
2328,1999,4,7,22,30,0,0,,,,,,,,,,,,,,,,,,,,,,,,,,,,,,,,,,,,,,,
2329,1999,4,7,23,30,0,0,,,,,,,,,,,,,,,,,,,,,,,,,,,,,,,,,,,,,,,
2330,1999,4,8,0,30,0,0,,,,,,,,,,,,,,,,,,,,,,,,,,,,,,,,,,,,,,,
2331,1999,4,8,1,30,0,0,,,,,,,,,,,,,,,,,,,,,,,,,,,,,,,,,,,,,,,
2332,1999,4,8,2,30,0,0,,,,,,,,,,,,,,,,,,,,,,,,,,,,,,,,,,,,,,,
2333,1999,4,8,3,30,0,0,,,,,,,,,,,,,,,,,,,,,,,,,,,,,,,,,,,,,,,
2334,1999,4,8,4,30,0,0,,,,,,,,,,,,,,,,,,,,,,,,,,,,,,,,,,,,,,,
2335,1999,4,8,5,30,0,0,,,,,,,,,,,,,,,,,,,,,,,,,,,,,,,,,,,,,,,
2336,1999,4,8,6,30,101,43,,,,,,,,,,,,,,,,,,,,,,,,,,,,,,,,,,,,,,,
2337,1999,4,8,7,30,381,891,,,,,,,,,,,,,,,,,,,,,,,,,,,,,,,,,,,,,,,
2338,1999,4,8,8,30,613,991,,,,,,,,,,,,,,,,,,,,,,,,,,,,,,,,,,,,,,,
2339,1999,4,8,9,30,809,1040,,,,,,,,,,,,,,,,,,,,,,,,,,,,,,,,,,,,,,,
2340,1999,4,8,10,30,952,1069,,,,,,,,,,,,,,,,,,,,,,,,,,,,,,,,,,,,,,,
2341,1999,4,8,11,30,1031,1084,,,,,,,,,,,,,,,,,,,,,,,,,,,,,,,,,,,,,,,
2342,1999,4,8,12,30,1039,1086,,,,,,,,,,,,,,,,,,,,,,,,,,,,,,,,,,,,,,,
2343,1999,4,8,13,30,961,802,,,,,,,,,,,,,,,,,,,,,,,,,,,,,,,,,,,,,,,
2344,1999,4,8,14,30,844,1054,,,,,,,,,,,,,,,,,,,,,,,,,,,,,,,,,,,,,,,
2345,1999,4,8,15,30,658,1011,,,,,,,,,,,,,,,,,,,,,,,,,,,,,,,,,,,,,,,
2346,1999,4,8,16,30,426,915,,,,,,,,,,,,,,,,,,,,,,,,,,,,,,,,,,,,,,,
2347,1999,4,8,17,30,187,734,,,,,,,,,,,,,,,,,,,,,,,,,,,,,,,,,,,,,,,
2348,1999,4,8,18,30,0,0,,,,,,,,,,,,,,,,,,,,,,,,,,,,,,,,,,,,,,,
2349,1999,4,8,19,30,0,0,,,,,,,,,,,,,,,,,,,,,,,,,,,,,,,,,,,,,,,
2350,1999,4,8,20,30,0,0,,,,,,,,,,,,,,,,,,,,,,,,,,,,,,,,,,,,,,,
2351,1999,4,8,21,30,0,0,,,,,,,,,,,,,,,,,,,,,,,,,,,,,,,,,,,,,,,
2352,1999,4,8,22,30,0,0,,,,,,,,,,,,,,,,,,,,,,,,,,,,,,,,,,,,,,,
2353,1999,4,8,23,30,0,0,,,,,,,,,,,,,,,,,,,,,,,,,,,,,,,,,,,,,,,
2354,1999,4,9,0,30,0,0,,,,,,,,,,,,,,,,,,,,,,,,,,,,,,,,,,,,,,,
2355,1999,4,9,1,30,0,0,,,,,,,,,,,,,,,,,,,,,,,,,,,,,,,,,,,,,,,
2356,1999,4,9,2,30,0,0,,,,,,,,,,,,,,,,,,,,,,,,,,,,,,,,,,,,,,,
2357,1999,4,9,3,30,0,0,,,,,,,,,,,,,,,,,,,,,,,,,,,,,,,,,,,,,,,
2358,1999,4,9,4,30,0,0,,,,,,,,,,,,,,,,,,,,,,,,,,,,,,,,,,,,,,,
2359,1999,4,9,5,30,0,0,,,,,,,,,,,,,,,,,,,,,,,,,,,,,,,,,,,,,,,
2360,1999,4,9,6,30,66,1,,,,,,,,,,,,,,,,,,,,,,,,,,,,,,,,,,,,,,,
2361,1999,4,9,7,30,387,902,,,,,,,,,,,,,,,,,,,,,,,,,,,,,,,,,,,,,,,
2362,1999,4,9,8,30,620,998,,,,,,,,,,,,,,,,,,,,,,,,,,,,,,,,,,,,,,,
2363,1999,4,9,9,30,816,1050,,,,,,,,,,,,,,,,,,,,,,,,,,,,,,,,,,,,,,,
2364,1999,4,9,10,30,947,1063,,,,,,,,,,,,,,,,,,,,,,,,,,,,,,,,,,,,,,,
2365,1999,4,9,11,30,1024,1077,,,,,,,,,,,,,,,,,,,,,,,,,,,,,,,,,,,,,,,
2366,1999,4,9,12,30,1031,1077,,,,,,,,,,,,,,,,,,,,,,,,,,,,,,,,,,,,,,,
2367,1999,4,9,13,30,958,1055,,,,,,,,,,,,,,,,,,,,,,,,,,,,,,,,,,,,,,,
2368,1999,4,9,14,30,829,1028,,,,,,,,,,,,,,,,,,,,,,,,,,,,,,,,,,,,,,,
2369,1999,4,9,15,30,646,983,,,,,,,,,,,,,,,,,,,,,,,,,,,,,,,,,,,,,,,
2370,1999,4,9,16,30,428,910,,,,,,,,,,,,,,,,,,,,,,,,,,,,,,,,,,,,,,,
2371,1999,4,9,17,30,188,719,,,,,,,,,,,,,,,,,,,,,,,,,,,,,,,,,,,,,,,
2372,1999,4,9,18,30,0,0,,,,,,,,,,,,,,,,,,,,,,,,,,,,,,,,,,,,,,,
2373,1999,4,9,19,30,0,0,,,,,,,,,,,,,,,,,,,,,,,,,,,,,,,,,,,,,,,
2374,1999,4,9,20,30,0,0,,,,,,,,,,,,,,,,,,,,,,,,,,,,,,,,,,,,,,,
2375,1999,4,9,21,30,0,0,,,,,,,,,,,,,,,,,,,,,,,,,,,,,,,,,,,,,,,
2376,1999,4,9,22,30,0,0,,,,,,,,,,,,,,,,,,,,,,,,,,,,,,,,,,,,,,,
2377,1999,4,9,23,30,0,0,,,,,,,,,,,,,,,,,,,,,,,,,,,,,,,,,,,,,,,
2378,1999,4,10,0,30,0,0,,,,,,,,,,,,,,,,,,,,,,,,,,,,,,,,,,,,,,,
2379,1999,4,10,1,30,0,0,,,,,,,,,,,,,,,,,,,,,,,,,,,,,,,,,,,,,,,
2380,1999,4,10,2,30,0,0,,,,,,,,,,,,,,,,,,,,,,,,,,,,,,,,,,,,,,,
2381,1999,4,10,3,30,0,0,,,,,,,,,,,,,,,,,,,,,,,,,,,,,,,,,,,,,,,
2382,1999,4,10,4,30,0,0,,,,,,,,,,,,,,,,,,,,,,,,,,,,,,,,,,,,,,,
2383,1999,4,10,5,30,0,0,,,,,,,,,,,,,,,,,,,,,,,,,,,,,,,,,,,,,,,
2384,1999,4,10,6,30,150,665,,,,,,,,,,,,,,,,,,,,,,,,,,,,,,,,,,,,,,,
2385,1999,4,10,7,30,391,891,,,,,,,,,,,,,,,,,,,,,,,,,,,,,,,,,,,,,,,
2386,1999,4,10,8,30,623,990,,,,,,,,,,,,,,,,,,,,,,,,,,,,,,,,,,,,,,,
2387,1999,4,10,9,30,818,1038,,,,,,,,,,,,,,,,,,,,,,,,,,,,,,,,,,,,,,,
2388,1999,4,10,10,30,960,1064,,,,,,,,,,,,,,,,,,,,,,,,,,,,,,,,,,,,,,,
2389,1999,4,10,11,30,1038,1078,,,,,,,,,,,,,,,,,,,,,,,,,,,,,,,,,,,,,,,
2390,1999,4,10,12,30,1044,1078,,,,,,,,,,,,,,,,,,,,,,,,,,,,,,,,,,,,,,,
2391,1999,4,10,13,30,979,1067,,,,,,,,,,,,,,,,,,,,,,,,,,,,,,,,,,,,,,,
2392,1999,4,10,14,30,849,1044,,,,,,,,,,,,,,,,,,,,,,,,,,,,,,,,,,,,,,,
2393,1999,4,10,15,30,662,998,,,,,,,,,,,,,,,,,,,,,,,,,,,,,,,,,,,,,,,
2394,1999,4,10,16,30,435,912,,,,,,,,,,,,,,,,,,,,,,,,,,,,,,,,,,,,,,,
2395,1999,4,10,17,30,193,722,,,,,,,,,,,,,,,,,,,,,,,,,,,,,,,,,,,,,,,
2396,1999,4,10,18,30,0,0,,,,,,,,,,,,,,,,,,,,,,,,,,,,,,,,,,,,,,,
2397,1999,4,10,19,30,0,0,,,,,,,,,,,,,,,,,,,,,,,,,,,,,,,,,,,,,,,
2398,1999,4,10,20,30,0,0,,,,,,,,,,,,,,,,,,,,,,,,,,,,,,,,,,,,,,,
2399,1999,4,10,21,30,0,0,,,,,,,,,,,,,,,,,,,,,,,,,,,,,,,,,,,,,,,
2400,1999,4,10,22,30,0,0,,,,,,,,,,,,,,,,,,,,,,,,,,,,,,,,,,,,,,,
2401,1999,4,10,23,30,0,0,,,,,,,,,,,,,,,,,,,,,,,,,,,,,,,,,,,,,,,
2402,1999,4,11,0,30,0,0,,,,,,,,,,,,,,,,,,,,,,,,,,,,,,,,,,,,,,,
2403,1999,4,11,1,30,0,0,,,,,,,,,,,,,,,,,,,,,,,,,,,,,,,,,,,,,,,
2404,1999,4,11,2,30,0,0,,,,,,,,,,,,,,,,,,,,,,,,,,,,,,,,,,,,,,,
2405,1999,4,11,3,30,0,0,,,,,,,,,,,,,,,,,,,,,,,,,,,,,,,,,,,,,,,
2406,1999,4,11,4,30,0,0,,,,,,,,,,,,,,,,,,,,,,,,,,,,,,,,,,,,,,,
2407,1999,4,11,5,30,0,0,,,,,,,,,,,,,,,,,,,,,,,,,,,,,,,,,,,,,,,
2408,1999,4,11,6,30,109,80,,,,,,,,,,,,,,,,,,,,,,,,,,,,,,,,,,,,,,,
2409,1999,4,11,7,30,339,531,,,,,,,,,,,,,,,,,,,,,,,,,,,,,,,,,,,,,,,
2410,1999,4,11,8,30,552,636,,,,,,,,,,,,,,,,,,,,,,,,,,,,,,,,,,,,,,,
2411,1999,4,11,9,30,669,539,,,,,,,,,,,,,,,,,,,,,,,,,,,,,,,,,,,,,,,
2412,1999,4,11,10,30,680,304,,,,,,,,,,,,,,,,,,,,,,,,,,,,,,,,,,,,,,,
2413,1999,4,11,11,30,830,479,,,,,,,,,,,,,,,,,,,,,,,,,,,,,,,,,,,,,,,
2414,1999,4,11,12,30,922,714,,,,,,,,,,,,,,,,,,,,,,,,,,,,,,,,,,,,,,,
2415,1999,4,11,13,30,961,1040,,,,,,,,,,,,,,,,,,,,,,,,,,,,,,,,,,,,,,,
2416,1999,4,11,14,30,656,458,,,,,,,,,,,,,,,,,,,,,,,,,,,,,,,,,,,,,,,
2417,1999,4,11,15,30,648,966,,,,,,,,,,,,,,,,,,,,,,,,,,,,,,,,,,,,,,,
2418,1999,4,11,16,30,426,882,,,,,,,,,,,,,,,,,,,,,,,,,,,,,,,,,,,,,,,
2419,1999,4,11,17,30,187,683,,,,,,,,,,,,,,,,,,,,,,,,,,,,,,,,,,,,,,,
2420,1999,4,11,18,30,0,0,,,,,,,,,,,,,,,,,,,,,,,,,,,,,,,,,,,,,,,
2421,1999,4,11,19,30,0,0,,,,,,,,,,,,,,,,,,,,,,,,,,,,,,,,,,,,,,,
2422,1999,4,11,20,30,0,0,,,,,,,,,,,,,,,,,,,,,,,,,,,,,,,,,,,,,,,
2423,1999,4,11,21,30,0,0,,,,,,,,,,,,,,,,,,,,,,,,,,,,,,,,,,,,,,,
2424,1999,4,11,22,30,0,0,,,,,,,,,,,,,,,,,,,,,,,,,,,,,,,,,,,,,,,
2425,1999,4,11,23,30,0,0,,,,,,,,,,,,,,,,,,,,,,,,,,,,,,,,,,,,,,,
2426,1999,4,12,0,30,0,0,,,,,,,,,,,,,,,,,,,,,,,,,,,,,,,,,,,,,,,
2427,1999,4,12,1,30,0,0,,,,,,,,,,,,,,,,,,,,,,,,,,,,,,,,,,,,,,,
2428,1999,4,12,2,30,0,0,,,,,,,,,,,,,,,,,,,,,,,,,,,,,,,,,,,,,,,
2429,1999,4,12,3,30,0,0,,,,,,,,,,,,,,,,,,,,,,,,,,,,,,,,,,,,,,,
2430,1999,4,12,4,30,0,0,,,,,,,,,,,,,,,,,,,,,,,,,,,,,,,,,,,,,,,
2431,1999,4,12,5,30,0,0,,,,,,,,,,,,,,,,,,,,,,,,,,,,,,,,,,,,,,,
2432,1999,4,12,6,30,135,253,,,,,,,,,,,,,,,,,,,,,,,,,,,,,,,,,,,,,,,
2433,1999,4,12,7,30,278,203,,,,,,,,,,,,,,,,,,,,,,,,,,,,,,,,,,,,,,,
2434,1999,4,12,8,30,522,570,,,,,,,,,,,,,,,,,,,,,,,,,,,,,,,,,,,,,,,
2435,1999,4,12,9,30,770,791,,,,,,,,,,,,,,,,,,,,,,,,,,,,,,,,,,,,,,,
2436,1999,4,12,10,30,648,311,,,,,,,,,,,,,,,,,,,,,,,,,,,,,,,,,,,,,,,
2437,1999,4,12,11,30,886,664,,,,,,,,,,,,,,,,,,,,,,,,,,,,,,,,,,,,,,,
2438,1999,4,12,12,30,816,434,,,,,,,,,,,,,,,,,,,,,,,,,,,,,,,,,,,,,,,
2439,1999,4,12,13,30,621,215,,,,,,,,,,,,,,,,,,,,,,,,,,,,,,,,,,,,,,,
2440,1999,4,12,14,30,431,74,,,,,,,,,,,,,,,,,,,,,,,,,,,,,,,,,,,,,,,
2441,1999,4,12,15,30,469,265,,,,,,,,,,,,,,,,,,,,,,,,,,,,,,,,,,,,,,,
2442,1999,4,12,16,30,307,538,,,,,,,,,,,,,,,,,,,,,,,,,,,,,,,,,,,,,,,
2443,1999,4,12,17,30,53,3,,,,,,,,,,,,,,,,,,,,,,,,,,,,,,,,,,,,,,,
2444,1999,4,12,18,30,0,0,,,,,,,,,,,,,,,,,,,,,,,,,,,,,,,,,,,,,,,
2445,1999,4,12,19,30,0,0,,,,,,,,,,,,,,,,,,,,,,,,,,,,,,,,,,,,,,,
2446,1999,4,12,20,30,0,0,,,,,,,,,,,,,,,,,,,,,,,,,,,,,,,,,,,,,,,
2447,1999,4,12,21,30,0,0,,,,,,,,,,,,,,,,,,,,,,,,,,,,,,,,,,,,,,,
2448,1999,4,12,22,30,0,0,,,,,,,,,,,,,,,,,,,,,,,,,,,,,,,,,,,,,,,
2449,1999,4,12,23,30,0,0,,,,,,,,,,,,,,,,,,,,,,,,,,,,,,,,,,,,,,,
2450,1999,4,13,0,30,0,0,,,,,,,,,,,,,,,,,,,,,,,,,,,,,,,,,,,,,,,
2451,1999,4,13,1,30,0,0,,,,,,,,,,,,,,,,,,,,,,,,,,,,,,,,,,,,,,,
2452,1999,4,13,2,30,0,0,,,,,,,,,,,,,,,,,,,,,,,,,,,,,,,,,,,,,,,
2453,1999,4,13,3,30,0,0,,,,,,,,,,,,,,,,,,,,,,,,,,,,,,,,,,,,,,,
2454,1999,4,13,4,30,0,0,,,,,,,,,,,,,,,,,,,,,,,,,,,,,,,,,,,,,,,
2455,1999,4,13,5,30,0,0,,,,,,,,,,,,,,,,,,,,,,,,,,,,,,,,,,,,,,,
2456,1999,4,13,6,30,132,238,,,,,,,,,,,,,,,,,,,,,,,,,,,,,,,,,,,,,,,
2457,1999,4,13,7,30,314,387,,,,,,,,,,,,,,,,,,,,,,,,,,,,,,,,,,,,,,,
2458,1999,4,13,8,30,618,971,,,,,,,,,,,,,,,,,,,,,,,,,,,,,,,,,,,,,,,
2459,1999,4,13,9,30,808,1019,,,,,,,,,,,,,,,,,,,,,,,,,,,,,,,,,,,,,,,
2460,1999,4,13,10,30,945,1045,,,,,,,,,,,,,,,,,,,,,,,,,,,,,,,,,,,,,,,
2461,1999,4,13,11,30,1020,1057,,,,,,,,,,,,,,,,,,,,,,,,,,,,,,,,,,,,,,,
2462,1999,4,13,12,30,1026,1056,,,,,,,,,,,,,,,,,,,,,,,,,,,,,,,,,,,,,,,
2463,1999,4,13,13,30,955,1034,,,,,,,,,,,,,,,,,,,,,,,,,,,,,,,,,,,,,,,
2464,1999,4,13,14,30,770,753,,,,,,,,,,,,,,,,,,,,,,,,,,,,,,,,,,,,,,,
2465,1999,4,13,15,30,356,102,,,,,,,,,,,,,,,,,,,,,,,,,,,,,,,,,,,,,,,
2466,1999,4,13,16,30,349,414,,,,,,,,,,,,,,,,,,,,,,,,,,,,,,,,,,,,,,,
2467,1999,4,13,17,30,153,229,,,,,,,,,,,,,,,,,,,,,,,,,,,,,,,,,,,,,,,
2468,1999,4,13,18,30,0,0,,,,,,,,,,,,,,,,,,,,,,,,,,,,,,,,,,,,,,,
2469,1999,4,13,19,30,0,0,,,,,,,,,,,,,,,,,,,,,,,,,,,,,,,,,,,,,,,
2470,1999,4,13,20,30,0,0,,,,,,,,,,,,,,,,,,,,,,,,,,,,,,,,,,,,,,,
2471,1999,4,13,21,30,0,0,,,,,,,,,,,,,,,,,,,,,,,,,,,,,,,,,,,,,,,
2472,1999,4,13,22,30,0,0,,,,,,,,,,,,,,,,,,,,,,,,,,,,,,,,,,,,,,,
2473,1999,4,13,23,30,0,0,,,,,,,,,,,,,,,,,,,,,,,,,,,,,,,,,,,,,,,
2474,1999,4,14,0,30,0,0,,,,,,,,,,,,,,,,,,,,,,,,,,,,,,,,,,,,,,,
2475,1999,4,14,1,30,0,0,,,,,,,,,,,,,,,,,,,,,,,,,,,,,,,,,,,,,,,
2476,1999,4,14,2,30,0,0,,,,,,,,,,,,,,,,,,,,,,,,,,,,,,,,,,,,,,,
2477,1999,4,14,3,30,0,0,,,,,,,,,,,,,,,,,,,,,,,,,,,,,,,,,,,,,,,
2478,1999,4,14,4,30,0,0,,,,,,,,,,,,,,,,,,,,,,,,,,,,,,,,,,,,,,,
2479,1999,4,14,5,30,0,0,,,,,,,,,,,,,,,,,,,,,,,,,,,,,,,,,,,,,,,
2480,1999,4,14,6,30,155,600,,,,,,,,,,,,,,,,,,,,,,,,,,,,,,,,,,,,,,,
2481,1999,4,14,7,30,385,823,,,,,,,,,,,,,,,,,,,,,,,,,,,,,,,,,,,,,,,
2482,1999,4,14,8,30,612,932,,,,,,,,,,,,,,,,,,,,,,,,,,,,,,,,,,,,,,,
2483,1999,4,14,9,30,801,989,,,,,,,,,,,,,,,,,,,,,,,,,,,,,,,,,,,,,,,
2484,1999,4,14,10,30,945,1026,,,,,,,,,,,,,,,,,,,,,,,,,,,,,,,,,,,,,,,
2485,1999,4,14,11,30,1019,1040,,,,,,,,,,,,,,,,,,,,,,,,,,,,,,,,,,,,,,,
2486,1999,4,14,12,30,1025,1042,,,,,,,,,,,,,,,,,,,,,,,,,,,,,,,,,,,,,,,
2487,1999,4,14,13,30,961,1031,,,,,,,,,,,,,,,,,,,,,,,,,,,,,,,,,,,,,,,
2488,1999,4,14,14,30,806,823,,,,,,,,,,,,,,,,,,,,,,,,,,,,,,,,,,,,,,,
2489,1999,4,14,15,30,649,958,,,,,,,,,,,,,,,,,,,,,,,,,,,,,,,,,,,,,,,
2490,1999,4,14,16,30,364,461,,,,,,,,,,,,,,,,,,,,,,,,,,,,,,,,,,,,,,,
2491,1999,4,14,17,30,123,45,,,,,,,,,,,,,,,,,,,,,,,,,,,,,,,,,,,,,,,
2492,1999,4,14,18,30,0,0,,,,,,,,,,,,,,,,,,,,,,,,,,,,,,,,,,,,,,,
2493,1999,4,14,19,30,0,0,,,,,,,,,,,,,,,,,,,,,,,,,,,,,,,,,,,,,,,
2494,1999,4,14,20,30,0,0,,,,,,,,,,,,,,,,,,,,,,,,,,,,,,,,,,,,,,,
2495,1999,4,14,21,30,0,0,,,,,,,,,,,,,,,,,,,,,,,,,,,,,,,,,,,,,,,
2496,1999,4,14,22,30,0,0,,,,,,,,,,,,,,,,,,,,,,,,,,,,,,,,,,,,,,,
2497,1999,4,14,23,30,0,0,,,,,,,,,,,,,,,,,,,,,,,,,,,,,,,,,,,,,,,
2498,1999,4,15,0,30,0,0,,,,,,,,,,,,,,,,,,,,,,,,,,,,,,,,,,,,,,,
2499,1999,4,15,1,30,0,0,,,,,,,,,,,,,,,,,,,,,,,,,,,,,,,,,,,,,,,
2500,1999,4,15,2,30,0,0,,,,,,,,,,,,,,,,,,,,,,,,,,,,,,,,,,,,,,,
2501,1999,4,15,3,30,0,0,,,,,,,,,,,,,,,,,,,,,,,,,,,,,,,,,,,,,,,
2502,1999,4,15,4,30,0,0,,,,,,,,,,,,,,,,,,,,,,,,,,,,,,,,,,,,,,,
2503,1999,4,15,5,30,0,0,,,,,,,,,,,,,,,,,,,,,,,,,,,,,,,,,,,,,,,
2504,1999,4,15,6,30,75,1,,,,,,,,,,,,,,,,,,,,,,,,,,,,,,,,,,,,,,,
2505,1999,4,15,7,30,228,24,,,,,,,,,,,,,,,,,,,,,,,,,,,,,,,,,,,,,,,
2506,1999,4,15,8,30,402,77,,,,,,,,,,,,,,,,,,,,,,,,,,,,,,,,,,,,,,,
2507,1999,4,15,9,30,803,963,,,,,,,,,,,,,,,,,,,,,,,,,,,,,,,,,,,,,,,
2508,1999,4,15,10,30,941,997,,,,,,,,,,,,,,,,,,,,,,,,,,,,,,,,,,,,,,,
2509,1999,4,15,11,30,1013,1003,,,,,,,,,,,,,,,,,,,,,,,,,,,,,,,,,,,,,,,
2510,1999,4,15,12,30,1019,1009,,,,,,,,,,,,,,,,,,,,,,,,,,,,,,,,,,,,,,,
2511,1999,4,15,13,30,955,999,,,,,,,,,,,,,,,,,,,,,,,,,,,,,,,,,,,,,,,
2512,1999,4,15,14,30,817,826,,,,,,,,,,,,,,,,,,,,,,,,,,,,,,,,,,,,,,,
2513,1999,4,15,15,30,340,29,,,,,,,,,,,,,,,,,,,,,,,,,,,,,,,,,,,,,,,
2514,1999,4,15,16,30,434,859,,,,,,,,,,,,,,,,,,,,,,,,,,,,,,,,,,,,,,,
2515,1999,4,15,17,30,197,667,,,,,,,,,,,,,,,,,,,,,,,,,,,,,,,,,,,,,,,
2516,1999,4,15,18,30,0,0,,,,,,,,,,,,,,,,,,,,,,,,,,,,,,,,,,,,,,,
2517,1999,4,15,19,30,0,0,,,,,,,,,,,,,,,,,,,,,,,,,,,,,,,,,,,,,,,
2518,1999,4,15,20,30,0,0,,,,,,,,,,,,,,,,,,,,,,,,,,,,,,,,,,,,,,,
2519,1999,4,15,21,30,0,0,,,,,,,,,,,,,,,,,,,,,,,,,,,,,,,,,,,,,,,
2520,1999,4,15,22,30,0,0,,,,,,,,,,,,,,,,,,,,,,,,,,,,,,,,,,,,,,,
2521,1999,4,15,23,30,0,0,,,,,,,,,,,,,,,,,,,,,,,,,,,,,,,,,,,,,,,
2522,1999,4,16,0,30,0,0,,,,,,,,,,,,,,,,,,,,,,,,,,,,,,,,,,,,,,,
2523,1999,4,16,1,30,0,0,,,,,,,,,,,,,,,,,,,,,,,,,,,,,,,,,,,,,,,
2524,1999,4,16,2,30,0,0,,,,,,,,,,,,,,,,,,,,,,,,,,,,,,,,,,,,,,,
2525,1999,4,16,3,30,0,0,,,,,,,,,,,,,,,,,,,,,,,,,,,,,,,,,,,,,,,
2526,1999,4,16,4,30,0,0,,,,,,,,,,,,,,,,,,,,,,,,,,,,,,,,,,,,,,,
2527,1999,4,16,5,30,0,0,,,,,,,,,,,,,,,,,,,,,,,,,,,,,,,,,,,,,,,
2528,1999,4,16,6,30,168,640,,,,,,,,,,,,,,,,,,,,,,,,,,,,,,,,,,,,,,,
2529,1999,4,16,7,30,404,853,,,,,,,,,,,,,,,,,,,,,,,,,,,,,,,,,,,,,,,
2530,1999,4,16,8,30,629,949,,,,,,,,,,,,,,,,,,,,,,,,,,,,,,,,,,,,,,,
2531,1999,4,16,9,30,819,1000,,,,,,,,,,,,,,,,,,,,,,,,,,,,,,,,,,,,,,,
2532,1999,4,16,10,30,574,122,,,,,,,,,,,,,,,,,,,,,,,,,,,,,,,,,,,,,,,
2533,1999,4,16,11,30,1000,885,,,,,,,,,,,,,,,,,,,,,,,,,,,,,,,,,,,,,,,
2534,1999,4,16,12,30,1045,1059,,,,,,,,,,,,,,,,,,,,,,,,,,,,,,,,,,,,,,,
2535,1999,4,16,13,30,981,1051,,,,,,,,,,,,,,,,,,,,,,,,,,,,,,,,,,,,,,,
2536,1999,4,16,14,30,851,1031,,,,,,,,,,,,,,,,,,,,,,,,,,,,,,,,,,,,,,,
2537,1999,4,16,15,30,667,987,,,,,,,,,,,,,,,,,,,,,,,,,,,,,,,,,,,,,,,
2538,1999,4,16,16,30,444,906,,,,,,,,,,,,,,,,,,,,,,,,,,,,,,,,,,,,,,,
2539,1999,4,16,17,30,206,736,,,,,,,,,,,,,,,,,,,,,,,,,,,,,,,,,,,,,,,
2540,1999,4,16,18,30,0,0,,,,,,,,,,,,,,,,,,,,,,,,,,,,,,,,,,,,,,,
2541,1999,4,16,19,30,0,0,,,,,,,,,,,,,,,,,,,,,,,,,,,,,,,,,,,,,,,
2542,1999,4,16,20,30,0,0,,,,,,,,,,,,,,,,,,,,,,,,,,,,,,,,,,,,,,,
2543,1999,4,16,21,30,0,0,,,,,,,,,,,,,,,,,,,,,,,,,,,,,,,,,,,,,,,
2544,1999,4,16,22,30,0,0,,,,,,,,,,,,,,,,,,,,,,,,,,,,,,,,,,,,,,,
2545,1999,4,16,23,30,0,0,,,,,,,,,,,,,,,,,,,,,,,,,,,,,,,,,,,,,,,
2546,1999,4,17,0,30,0,0,,,,,,,,,,,,,,,,,,,,,,,,,,,,,,,,,,,,,,,
2547,1999,4,17,1,30,0,0,,,,,,,,,,,,,,,,,,,,,,,,,,,,,,,,,,,,,,,
2548,1999,4,17,2,30,0,0,,,,,,,,,,,,,,,,,,,,,,,,,,,,,,,,,,,,,,,
2549,1999,4,17,3,30,0,0,,,,,,,,,,,,,,,,,,,,,,,,,,,,,,,,,,,,,,,
2550,1999,4,17,4,30,0,0,,,,,,,,,,,,,,,,,,,,,,,,,,,,,,,,,,,,,,,
2551,1999,4,17,5,30,0,0,,,,,,,,,,,,,,,,,,,,,,,,,,,,,,,,,,,,,,,
2552,1999,4,17,6,30,47,0,,,,,,,,,,,,,,,,,,,,,,,,,,,,,,,,,,,,,,,
2553,1999,4,17,7,30,272,66,,,,,,,,,,,,,,,,,,,,,,,,,,,,,,,,,,,,,,,
2554,1999,4,17,8,30,636,966,,,,,,,,,,,,,,,,,,,,,,,,,,,,,,,,,,,,,,,
2555,1999,4,17,9,30,825,1014,,,,,,,,,,,,,,,,,,,,,,,,,,,,,,,,,,,,,,,
2556,1999,4,17,10,30,962,1041,,,,,,,,,,,,,,,,,,,,,,,,,,,,,,,,,,,,,,,
2557,1999,4,17,11,30,1036,1054,,,,,,,,,,,,,,,,,,,,,,,,,,,,,,,,,,,,,,,
2558,1999,4,17,12,30,1040,1055,,,,,,,,,,,,,,,,,,,,,,,,,,,,,,,,,,,,,,,
2559,1999,4,17,13,30,975,1044,,,,,,,,,,,,,,,,,,,,,,,,,,,,,,,,,,,,,,,
2560,1999,4,17,14,30,847,1025,,,,,,,,,,,,,,,,,,,,,,,,,,,,,,,,,,,,,,,
2561,1999,4,17,15,30,664,984,,,,,,,,,,,,,,,,,,,,,,,,,,,,,,,,,,,,,,,
2562,1999,4,17,16,30,443,905,,,,,,,,,,,,,,,,,,,,,,,,,,,,,,,,,,,,,,,
2563,1999,4,17,17,30,208,740,,,,,,,,,,,,,,,,,,,,,,,,,,,,,,,,,,,,,,,
2564,1999,4,17,18,30,15,216,,,,,,,,,,,,,,,,,,,,,,,,,,,,,,,,,,,,,,,
2565,1999,4,17,19,30,0,0,,,,,,,,,,,,,,,,,,,,,,,,,,,,,,,,,,,,,,,
2566,1999,4,17,20,30,0,0,,,,,,,,,,,,,,,,,,,,,,,,,,,,,,,,,,,,,,,
2567,1999,4,17,21,30,0,0,,,,,,,,,,,,,,,,,,,,,,,,,,,,,,,,,,,,,,,
2568,1999,4,17,22,30,0,0,,,,,,,,,,,,,,,,,,,,,,,,,,,,,,,,,,,,,,,
2569,1999,4,17,23,30,0,0,,,,,,,,,,,,,,,,,,,,,,,,,,,,,,,,,,,,,,,
2570,1999,4,18,0,30,0,0,,,,,,,,,,,,,,,,,,,,,,,,,,,,,,,,,,,,,,,
2571,1999,4,18,1,30,0,0,,,,,,,,,,,,,,,,,,,,,,,,,,,,,,,,,,,,,,,
2572,1999,4,18,2,30,0,0,,,,,,,,,,,,,,,,,,,,,,,,,,,,,,,,,,,,,,,
2573,1999,4,18,3,30,0,0,,,,,,,,,,,,,,,,,,,,,,,,,,,,,,,,,,,,,,,
2574,1999,4,18,4,30,0,0,,,,,,,,,,,,,,,,,,,,,,,,,,,,,,,,,,,,,,,
2575,1999,4,18,5,30,0,0,,,,,,,,,,,,,,,,,,,,,,,,,,,,,,,,,,,,,,,
2576,1999,4,18,6,30,133,69,,,,,,,,,,,,,,,,,,,,,,,,,,,,,,,,,,,,,,,
2577,1999,4,18,7,30,293,96,,,,,,,,,,,,,,,,,,,,,,,,,,,,,,,,,,,,,,,
2578,1999,4,18,8,30,519,307,,,,,,,,,,,,,,,,,,,,,,,,,,,,,,,,,,,,,,,
2579,1999,4,18,9,30,705,397,,,,,,,,,,,,,,,,,,,,,,,,,,,,,,,,,,,,,,,
2580,1999,4,18,10,30,843,450,,,,,,,,,,,,,,,,,,,,,,,,,,,,,,,,,,,,,,,
2581,1999,4,18,11,30,913,663,,,,,,,,,,,,,,,,,,,,,,,,,,,,,,,,,,,,,,,
2582,1999,4,18,12,30,902,444,,,,,,,,,,,,,,,,,,,,,,,,,,,,,,,,,,,,,,,
2583,1999,4,18,13,30,845,621,,,,,,,,,,,,,,,,,,,,,,,,,,,,,,,,,,,,,,,
2584,1999,4,18,14,30,681,501,,,,,,,,,,,,,,,,,,,,,,,,,,,,,,,,,,,,,,,
2585,1999,4,18,15,30,534,476,,,,,,,,,,,,,,,,,,,,,,,,,,,,,,,,,,,,,,,
2586,1999,4,18,16,30,355,362,,,,,,,,,,,,,,,,,,,,,,,,,,,,,,,,,,,,,,,
2587,1999,4,18,17,30,75,4,,,,,,,,,,,,,,,,,,,,,,,,,,,,,,,,,,,,,,,
2588,1999,4,18,18,30,15,139,,,,,,,,,,,,,,,,,,,,,,,,,,,,,,,,,,,,,,,
2589,1999,4,18,19,30,0,0,,,,,,,,,,,,,,,,,,,,,,,,,,,,,,,,,,,,,,,
2590,1999,4,18,20,30,0,0,,,,,,,,,,,,,,,,,,,,,,,,,,,,,,,,,,,,,,,
2591,1999,4,18,21,30,0,0,,,,,,,,,,,,,,,,,,,,,,,,,,,,,,,,,,,,,,,
2592,1999,4,18,22,30,0,0,,,,,,,,,,,,,,,,,,,,,,,,,,,,,,,,,,,,,,,
2593,1999,4,18,23,30,0,0,,,,,,,,,,,,,,,,,,,,,,,,,,,,,,,,,,,,,,,
2594,1999,4,19,0,30,0,0,,,,,,,,,,,,,,,,,,,,,,,,,,,,,,,,,,,,,,,
2595,1999,4,19,1,30,0,0,,,,,,,,,,,,,,,,,,,,,,,,,,,,,,,,,,,,,,,
2596,1999,4,19,2,30,0,0,,,,,,,,,,,,,,,,,,,,,,,,,,,,,,,,,,,,,,,
2597,1999,4,19,3,30,0,0,,,,,,,,,,,,,,,,,,,,,,,,,,,,,,,,,,,,,,,
2598,1999,4,19,4,30,0,0,,,,,,,,,,,,,,,,,,,,,,,,,,,,,,,,,,,,,,,
2599,1999,4,19,5,30,0,0,,,,,,,,,,,,,,,,,,,,,,,,,,,,,,,,,,,,,,,
2600,1999,4,19,6,30,180,651,,,,,,,,,,,,,,,,,,,,,,,,,,,,,,,,,,,,,,,
2601,1999,4,19,7,30,413,849,,,,,,,,,,,,,,,,,,,,,,,,,,,,,,,,,,,,,,,
2602,1999,4,19,8,30,635,937,,,,,,,,,,,,,,,,,,,,,,,,,,,,,,,,,,,,,,,
2603,1999,4,19,9,30,823,988,,,,,,,,,,,,,,,,,,,,,,,,,,,,,,,,,,,,,,,
2604,1999,4,19,10,30,958,1014,,,,,,,,,,,,,,,,,,,,,,,,,,,,,,,,,,,,,,,
2605,1999,4,19,11,30,1031,1027,,,,,,,,,,,,,,,,,,,,,,,,,,,,,,,,,,,,,,,
2606,1999,4,19,12,30,1034,1026,,,,,,,,,,,,,,,,,,,,,,,,,,,,,,,,,,,,,,,
2607,1999,4,19,13,30,969,1013,,,,,,,,,,,,,,,,,,,,,,,,,,,,,,,,,,,,,,,
2608,1999,4,19,14,30,840,985,,,,,,,,,,,,,,,,,,,,,,,,,,,,,,,,,,,,,,,
2609,1999,4,19,15,30,657,937,,,,,,,,,,,,,,,,,,,,,,,,,,,,,,,,,,,,,,,
2610,1999,4,19,16,30,209,29,,,,,,,,,,,,,,,,,,,,,,,,,,,,,,,,,,,,,,,
2611,1999,4,19,17,30,171,261,,,,,,,,,,,,,,,,,,,,,,,,,,,,,,,,,,,,,,,
2612,1999,4,19,18,30,16,149,,,,,,,,,,,,,,,,,,,,,,,,,,,,,,,,,,,,,,,
2613,1999,4,19,19,30,0,0,,,,,,,,,,,,,,,,,,,,,,,,,,,,,,,,,,,,,,,
2614,1999,4,19,20,30,0,0,,,,,,,,,,,,,,,,,,,,,,,,,,,,,,,,,,,,,,,
2615,1999,4,19,21,30,0,0,,,,,,,,,,,,,,,,,,,,,,,,,,,,,,,,,,,,,,,
2616,1999,4,19,22,30,0,0,,,,,,,,,,,,,,,,,,,,,,,,,,,,,,,,,,,,,,,
2617,1999,4,19,23,30,0,0,,,,,,,,,,,,,,,,,,,,,,,,,,,,,,,,,,,,,,,
2618,1999,4,20,0,30,0,0,,,,,,,,,,,,,,,,,,,,,,,,,,,,,,,,,,,,,,,
2619,1999,4,20,1,30,0,0,,,,,,,,,,,,,,,,,,,,,,,,,,,,,,,,,,,,,,,
2620,1999,4,20,2,30,0,0,,,,,,,,,,,,,,,,,,,,,,,,,,,,,,,,,,,,,,,
2621,1999,4,20,3,30,0,0,,,,,,,,,,,,,,,,,,,,,,,,,,,,,,,,,,,,,,,
2622,1999,4,20,4,30,0,0,,,,,,,,,,,,,,,,,,,,,,,,,,,,,,,,,,,,,,,
2623,1999,4,20,5,30,0,0,,,,,,,,,,,,,,,,,,,,,,,,,,,,,,,,,,,,,,,
2624,1999,4,20,6,30,183,644,,,,,,,,,,,,,,,,,,,,,,,,,,,,,,,,,,,,,,,
2625,1999,4,20,7,30,417,849,,,,,,,,,,,,,,,,,,,,,,,,,,,,,,,,,,,,,,,
2626,1999,4,20,8,30,641,944,,,,,,,,,,,,,,,,,,,,,,,,,,,,,,,,,,,,,,,
2627,1999,4,20,9,30,828,994,,,,,,,,,,,,,,,,,,,,,,,,,,,,,,,,,,,,,,,
2628,1999,4,20,10,30,963,1020,,,,,,,,,,,,,,,,,,,,,,,,,,,,,,,,,,,,,,,
2629,1999,4,20,11,30,1035,1031,,,,,,,,,,,,,,,,,,,,,,,,,,,,,,,,,,,,,,,
2630,1999,4,20,12,30,1039,1031,,,,,,,,,,,,,,,,,,,,,,,,,,,,,,,,,,,,,,,
2631,1999,4,20,13,30,973,1019,,,,,,,,,,,,,,,,,,,,,,,,,,,,,,,,,,,,,,,
2632,1999,4,20,14,30,839,988,,,,,,,,,,,,,,,,,,,,,,,,,,,,,,,,,,,,,,,
2633,1999,4,20,15,30,658,944,,,,,,,,,,,,,,,,,,,,,,,,,,,,,,,,,,,,,,,
2634,1999,4,20,16,30,436,850,,,,,,,,,,,,,,,,,,,,,,,,,,,,,,,,,,,,,,,
2635,1999,4,20,17,30,205,664,,,,,,,,,,,,,,,,,,,,,,,,,,,,,,,,,,,,,,,
2636,1999,4,20,18,30,10,0,,,,,,,,,,,,,,,,,,,,,,,,,,,,,,,,,,,,,,,
2637,1999,4,20,19,30,0,0,,,,,,,,,,,,,,,,,,,,,,,,,,,,,,,,,,,,,,,
2638,1999,4,20,20,30,0,0,,,,,,,,,,,,,,,,,,,,,,,,,,,,,,,,,,,,,,,
2639,1999,4,20,21,30,0,0,,,,,,,,,,,,,,,,,,,,,,,,,,,,,,,,,,,,,,,
2640,1999,4,20,22,30,0,0,,,,,,,,,,,,,,,,,,,,,,,,,,,,,,,,,,,,,,,
2641,1999,4,20,23,30,0,0,,,,,,,,,,,,,,,,,,,,,,,,,,,,,,,,,,,,,,,
2642,1999,4,21,0,30,0,0,,,,,,,,,,,,,,,,,,,,,,,,,,,,,,,,,,,,,,,
2643,1999,4,21,1,30,0,0,,,,,,,,,,,,,,,,,,,,,,,,,,,,,,,,,,,,,,,
2644,1999,4,21,2,30,0,0,,,,,,,,,,,,,,,,,,,,,,,,,,,,,,,,,,,,,,,
2645,1999,4,21,3,30,0,0,,,,,,,,,,,,,,,,,,,,,,,,,,,,,,,,,,,,,,,
2646,1999,4,21,4,30,0,0,,,,,,,,,,,,,,,,,,,,,,,,,,,,,,,,,,,,,,,
2647,1999,4,21,5,30,0,0,,,,,,,,,,,,,,,,,,,,,,,,,,,,,,,,,,,,,,,
2648,1999,4,21,6,30,101,11,,,,,,,,,,,,,,,,,,,,,,,,,,,,,,,,,,,,,,,
2649,1999,4,21,7,30,183,18,,,,,,,,,,,,,,,,,,,,,,,,,,,,,,,,,,,,,,,
2650,1999,4,21,8,30,484,198,,,,,,,,,,,,,,,,,,,,,,,,,,,,,,,,,,,,,,,
2651,1999,4,21,9,30,795,906,,,,,,,,,,,,,,,,,,,,,,,,,,,,,,,,,,,,,,,
2652,1999,4,21,10,30,866,693,,,,,,,,,,,,,,,,,,,,,,,,,,,,,,,,,,,,,,,
2653,1999,4,21,11,30,869,598,,,,,,,,,,,,,,,,,,,,,,,,,,,,,,,,,,,,,,,
2654,1999,4,21,12,30,860,531,,,,,,,,,,,,,,,,,,,,,,,,,,,,,,,,,,,,,,,
2655,1999,4,21,13,30,779,446,,,,,,,,,,,,,,,,,,,,,,,,,,,,,,,,,,,,,,,
2656,1999,4,21,14,30,616,336,,,,,,,,,,,,,,,,,,,,,,,,,,,,,,,,,,,,,,,
2657,1999,4,21,15,30,547,453,,,,,,,,,,,,,,,,,,,,,,,,,,,,,,,,,,,,,,,
2658,1999,4,21,16,30,260,71,,,,,,,,,,,,,,,,,,,,,,,,,,,,,,,,,,,,,,,
2659,1999,4,21,17,30,34,0,,,,,,,,,,,,,,,,,,,,,,,,,,,,,,,,,,,,,,,
2660,1999,4,21,18,30,8,0,,,,,,,,,,,,,,,,,,,,,,,,,,,,,,,,,,,,,,,
2661,1999,4,21,19,30,0,0,,,,,,,,,,,,,,,,,,,,,,,,,,,,,,,,,,,,,,,
2662,1999,4,21,20,30,0,0,,,,,,,,,,,,,,,,,,,,,,,,,,,,,,,,,,,,,,,
2663,1999,4,21,21,30,0,0,,,,,,,,,,,,,,,,,,,,,,,,,,,,,,,,,,,,,,,
2664,1999,4,21,22,30,0,0,,,,,,,,,,,,,,,,,,,,,,,,,,,,,,,,,,,,,,,
2665,1999,4,21,23,30,0,0,,,,,,,,,,,,,,,,,,,,,,,,,,,,,,,,,,,,,,,
2666,1999,4,22,0,30,0,0,,,,,,,,,,,,,,,,,,,,,,,,,,,,,,,,,,,,,,,
2667,1999,4,22,1,30,0,0,,,,,,,,,,,,,,,,,,,,,,,,,,,,,,,,,,,,,,,
2668,1999,4,22,2,30,0,0,,,,,,,,,,,,,,,,,,,,,,,,,,,,,,,,,,,,,,,
2669,1999,4,22,3,30,0,0,,,,,,,,,,,,,,,,,,,,,,,,,,,,,,,,,,,,,,,
2670,1999,4,22,4,30,0,0,,,,,,,,,,,,,,,,,,,,,,,,,,,,,,,,,,,,,,,
2671,1999,4,22,5,30,0,0,,,,,,,,,,,,,,,,,,,,,,,,,,,,,,,,,,,,,,,
2672,1999,4,22,6,30,181,592,,,,,,,,,,,,,,,,,,,,,,,,,,,,,,,,,,,,,,,
2673,1999,4,22,7,30,409,796,,,,,,,,,,,,,,,,,,,,,,,,,,,,,,,,,,,,,,,
2674,1999,4,22,8,30,628,901,,,,,,,,,,,,,,,,,,,,,,,,,,,,,,,,,,,,,,,
2675,1999,4,22,9,30,813,958,,,,,,,,,,,,,,,,,,,,,,,,,,,,,,,,,,,,,,,
2676,1999,4,22,10,30,946,992,,,,,,,,,,,,,,,,,,,,,,,,,,,,,,,,,,,,,,,
2677,1999,4,22,11,30,1018,1012,,,,,,,,,,,,,,,,,,,,,,,,,,,,,,,,,,,,,,,
2678,1999,4,22,12,30,1022,1015,,,,,,,,,,,,,,,,,,,,,,,,,,,,,,,,,,,,,,,
2679,1999,4,22,13,30,958,1007,,,,,,,,,,,,,,,,,,,,,,,,,,,,,,,,,,,,,,,
2680,1999,4,22,14,30,806,820,,,,,,,,,,,,,,,,,,,,,,,,,,,,,,,,,,,,,,,
2681,1999,4,22,15,30,79,0,,,,,,,,,,,,,,,,,,,,,,,,,,,,,,,,,,,,,,,
2682,1999,4,22,16,30,440,865,,,,,,,,,,,,,,,,,,,,,,,,,,,,,,,,,,,,,,,
2683,1999,4,22,17,30,211,695,,,,,,,,,,,,,,,,,,,,,,,,,,,,,,,,,,,,,,,
2684,1999,4,22,18,30,20,206,,,,,,,,,,,,,,,,,,,,,,,,,,,,,,,,,,,,,,,
2685,1999,4,22,19,30,0,0,,,,,,,,,,,,,,,,,,,,,,,,,,,,,,,,,,,,,,,
2686,1999,4,22,20,30,0,0,,,,,,,,,,,,,,,,,,,,,,,,,,,,,,,,,,,,,,,
2687,1999,4,22,21,30,0,0,,,,,,,,,,,,,,,,,,,,,,,,,,,,,,,,,,,,,,,
2688,1999,4,22,22,30,0,0,,,,,,,,,,,,,,,,,,,,,,,,,,,,,,,,,,,,,,,
2689,1999,4,22,23,30,0,0,,,,,,,,,,,,,,,,,,,,,,,,,,,,,,,,,,,,,,,
2690,1999,4,23,0,30,0,0,,,,,,,,,,,,,,,,,,,,,,,,,,,,,,,,,,,,,,,
2691,1999,4,23,1,30,0,0,,,,,,,,,,,,,,,,,,,,,,,,,,,,,,,,,,,,,,,
2692,1999,4,23,2,30,0,0,,,,,,,,,,,,,,,,,,,,,,,,,,,,,,,,,,,,,,,
2693,1999,4,23,3,30,0,0,,,,,,,,,,,,,,,,,,,,,,,,,,,,,,,,,,,,,,,
2694,1999,4,23,4,30,0,0,,,,,,,,,,,,,,,,,,,,,,,,,,,,,,,,,,,,,,,
2695,1999,4,23,5,30,0,0,,,,,,,,,,,,,,,,,,,,,,,,,,,,,,,,,,,,,,,
2696,1999,4,23,6,30,105,4,,,,,,,,,,,,,,,,,,,,,,,,,,,,,,,,,,,,,,,
2697,1999,4,23,7,30,251,36,,,,,,,,,,,,,,,,,,,,,,,,,,,,,,,,,,,,,,,
2698,1999,4,23,8,30,93,0,,,,,,,,,,,,,,,,,,,,,,,,,,,,,,,,,,,,,,,
2699,1999,4,23,9,30,134,0,,,,,,,,,,,,,,,,,,,,,,,,,,,,,,,,,,,,,,,
2700,1999,4,23,10,30,134,0,,,,,,,,,,,,,,,,,,,,,,,,,,,,,,,,,,,,,,,
2701,1999,4,23,11,30,168,0,,,,,,,,,,,,,,,,,,,,,,,,,,,,,,,,,,,,,,,
2702,1999,4,23,12,30,333,1,,,,,,,,,,,,,,,,,,,,,,,,,,,,,,,,,,,,,,,
2703,1999,4,23,13,30,189,0,,,,,,,,,,,,,,,,,,,,,,,,,,,,,,,,,,,,,,,
2704,1999,4,23,14,30,267,1,,,,,,,,,,,,,,,,,,,,,,,,,,,,,,,,,,,,,,,
2705,1999,4,23,15,30,476,165,,,,,,,,,,,,,,,,,,,,,,,,,,,,,,,,,,,,,,,
2706,1999,4,23,16,30,137,0,,,,,,,,,,,,,,,,,,,,,,,,,,,,,,,,,,,,,,,
2707,1999,4,23,17,30,119,7,,,,,,,,,,,,,,,,,,,,,,,,,,,,,,,,,,,,,,,
2708,1999,4,23,18,30,9,0,,,,,,,,,,,,,,,,,,,,,,,,,,,,,,,,,,,,,,,
2709,1999,4,23,19,30,0,0,,,,,,,,,,,,,,,,,,,,,,,,,,,,,,,,,,,,,,,
2710,1999,4,23,20,30,0,0,,,,,,,,,,,,,,,,,,,,,,,,,,,,,,,,,,,,,,,
2711,1999,4,23,21,30,0,0,,,,,,,,,,,,,,,,,,,,,,,,,,,,,,,,,,,,,,,
2712,1999,4,23,22,30,0,0,,,,,,,,,,,,,,,,,,,,,,,,,,,,,,,,,,,,,,,
2713,1999,4,23,23,30,0,0,,,,,,,,,,,,,,,,,,,,,,,,,,,,,,,,,,,,,,,
2714,1999,4,24,0,30,0,0,,,,,,,,,,,,,,,,,,,,,,,,,,,,,,,,,,,,,,,
2715,1999,4,24,1,30,0,0,,,,,,,,,,,,,,,,,,,,,,,,,,,,,,,,,,,,,,,
2716,1999,4,24,2,30,0,0,,,,,,,,,,,,,,,,,,,,,,,,,,,,,,,,,,,,,,,
2717,1999,4,24,3,30,0,0,,,,,,,,,,,,,,,,,,,,,,,,,,,,,,,,,,,,,,,
2718,1999,4,24,4,30,0,0,,,,,,,,,,,,,,,,,,,,,,,,,,,,,,,,,,,,,,,
2719,1999,4,24,5,30,4,0,,,,,,,,,,,,,,,,,,,,,,,,,,,,,,,,,,,,,,,
2720,1999,4,24,6,30,129,43,,,,,,,,,,,,,,,,,,,,,,,,,,,,,,,,,,,,,,,
2721,1999,4,24,7,30,212,40,,,,,,,,,,,,,,,,,,,,,,,,,,,,,,,,,,,,,,,
2722,1999,4,24,8,30,176,4,,,,,,,,,,,,,,,,,,,,,,,,,,,,,,,,,,,,,,,
2723,1999,4,24,9,30,323,16,,,,,,,,,,,,,,,,,,,,,,,,,,,,,,,,,,,,,,,
2724,1999,4,24,10,30,204,1,,,,,,,,,,,,,,,,,,,,,,,,,,,,,,,,,,,,,,,
2725,1999,4,24,11,30,45,0,,,,,,,,,,,,,,,,,,,,,,,,,,,,,,,,,,,,,,,
2726,1999,4,24,12,30,161,0,,,,,,,,,,,,,,,,,,,,,,,,,,,,,,,,,,,,,,,
2727,1999,4,24,13,30,260,0,,,,,,,,,,,,,,,,,,,,,,,,,,,,,,,,,,,,,,,
2728,1999,4,24,14,30,496,94,,,,,,,,,,,,,,,,,,,,,,,,,,,,,,,,,,,,,,,
2729,1999,4,24,15,30,396,68,,,,,,,,,,,,,,,,,,,,,,,,,,,,,,,,,,,,,,,
2730,1999,4,24,16,30,8,0,,,,,,,,,,,,,,,,,,,,,,,,,,,,,,,,,,,,,,,
2731,1999,4,24,17,30,50,1,,,,,,,,,,,,,,,,,,,,,,,,,,,,,,,,,,,,,,,
2732,1999,4,24,18,30,7,0,,,,,,,,,,,,,,,,,,,,,,,,,,,,,,,,,,,,,,,
2733,1999,4,24,19,30,0,0,,,,,,,,,,,,,,,,,,,,,,,,,,,,,,,,,,,,,,,
2734,1999,4,24,20,30,0,0,,,,,,,,,,,,,,,,,,,,,,,,,,,,,,,,,,,,,,,
2735,1999,4,24,21,30,0,0,,,,,,,,,,,,,,,,,,,,,,,,,,,,,,,,,,,,,,,
2736,1999,4,24,22,30,0,0,,,,,,,,,,,,,,,,,,,,,,,,,,,,,,,,,,,,,,,
2737,1999,4,24,23,30,0,0,,,,,,,,,,,,,,,,,,,,,,,,,,,,,,,,,,,,,,,
2738,1999,4,25,0,30,0,0,,,,,,,,,,,,,,,,,,,,,,,,,,,,,,,,,,,,,,,
2739,1999,4,25,1,30,0,0,,,,,,,,,,,,,,,,,,,,,,,,,,,,,,,,,,,,,,,
2740,1999,4,25,2,30,0,0,,,,,,,,,,,,,,,,,,,,,,,,,,,,,,,,,,,,,,,
2741,1999,4,25,3,30,0,0,,,,,,,,,,,,,,,,,,,,,,,,,,,,,,,,,,,,,,,
2742,1999,4,25,4,30,0,0,,,,,,,,,,,,,,,,,,,,,,,,,,,,,,,,,,,,,,,
2743,1999,4,25,5,30,16,146,,,,,,,,,,,,,,,,,,,,,,,,,,,,,,,,,,,,,,,
2744,1999,4,25,6,30,201,661,,,,,,,,,,,,,,,,,,,,,,,,,,,,,,,,,,,,,,,
2745,1999,4,25,7,30,393,597,,,,,,,,,,,,,,,,,,,,,,,,,,,,,,,,,,,,,,,
2746,1999,4,25,8,30,646,926,,,,,,,,,,,,,,,,,,,,,,,,,,,,,,,,,,,,,,,
2747,1999,4,25,9,30,527,112,,,,,,,,,,,,,,,,,,,,,,,,,,,,,,,,,,,,,,,
2748,1999,4,25,10,30,370,14,,,,,,,,,,,,,,,,,,,,,,,,,,,,,,,,,,,,,,,
2749,1999,4,25,11,30,803,408,,,,,,,,,,,,,,,,,,,,,,,,,,,,,,,,,,,,,,,
2750,1999,4,25,12,30,1033,1011,,,,,,,,,,,,,,,,,,,,,,,,,,,,,,,,,,,,,,,
2751,1999,4,25,13,30,413,19,,,,,,,,,,,,,,,,,,,,,,,,,,,,,,,,,,,,,,,
2752,1999,4,25,14,30,105,0,,,,,,,,,,,,,,,,,,,,,,,,,,,,,,,,,,,,,,,
2753,1999,4,25,15,30,660,934,,,,,,,,,,,,,,,,,,,,,,,,,,,,,,,,,,,,,,,
2754,1999,4,25,16,30,391,501,,,,,,,,,,,,,,,,,,,,,,,,,,,,,,,,,,,,,,,
2755,1999,4,25,17,30,217,694,,,,,,,,,,,,,,,,,,,,,,,,,,,,,,,,,,,,,,,
2756,1999,4,25,18,30,13,0,,,,,,,,,,,,,,,,,,,,,,,,,,,,,,,,,,,,,,,
2757,1999,4,25,19,30,0,0,,,,,,,,,,,,,,,,,,,,,,,,,,,,,,,,,,,,,,,
2758,1999,4,25,20,30,0,0,,,,,,,,,,,,,,,,,,,,,,,,,,,,,,,,,,,,,,,
2759,1999,4,25,21,30,0,0,,,,,,,,,,,,,,,,,,,,,,,,,,,,,,,,,,,,,,,
2760,1999,4,25,22,30,0,0,,,,,,,,,,,,,,,,,,,,,,,,,,,,,,,,,,,,,,,
2761,1999,4,25,23,30,0,0,,,,,,,,,,,,,,,,,,,,,,,,,,,,,,,,,,,,,,,
2762,1999,4,26,0,30,0,0,,,,,,,,,,,,,,,,,,,,,,,,,,,,,,,,,,,,,,,
2763,1999,4,26,1,30,0,0,,,,,,,,,,,,,,,,,,,,,,,,,,,,,,,,,,,,,,,
2764,1999,4,26,2,30,0,0,,,,,,,,,,,,,,,,,,,,,,,,,,,,,,,,,,,,,,,
2765,1999,4,26,3,30,0,0,,,,,,,,,,,,,,,,,,,,,,,,,,,,,,,,,,,,,,,
2766,1999,4,26,4,30,0,0,,,,,,,,,,,,,,,,,,,,,,,,,,,,,,,,,,,,,,,
2767,1999,4,26,5,30,5,0,,,,,,,,,,,,,,,,,,,,,,,,,,,,,,,,,,,,,,,
2768,1999,4,26,6,30,199,410,,,,,,,,,,,,,,,,,,,,,,,,,,,,,,,,,,,,,,,
2769,1999,4,26,7,30,431,855,,,,,,,,,,,,,,,,,,,,,,,,,,,,,,,,,,,,,,,
2770,1999,4,26,8,30,647,942,,,,,,,,,,,,,,,,,,,,,,,,,,,,,,,,,,,,,,,
2771,1999,4,26,9,30,826,983,,,,,,,,,,,,,,,,,,,,,,,,,,,,,,,,,,,,,,,
2772,1999,4,26,10,30,959,1010,,,,,,,,,,,,,,,,,,,,,,,,,,,,,,,,,,,,,,,
2773,1999,4,26,11,30,1029,1023,,,,,,,,,,,,,,,,,,,,,,,,,,,,,,,,,,,,,,,
2774,1999,4,26,12,30,1030,1020,,,,,,,,,,,,,,,,,,,,,,,,,,,,,,,,,,,,,,,
2775,1999,4,26,13,30,969,1013,,,,,,,,,,,,,,,,,,,,,,,,,,,,,,,,,,,,,,,
2776,1999,4,26,14,30,843,992,,,,,,,,,,,,,,,,,,,,,,,,,,,,,,,,,,,,,,,
2777,1999,4,26,15,30,665,949,,,,,,,,,,,,,,,,,,,,,,,,,,,,,,,,,,,,,,,
2778,1999,4,26,16,30,450,871,,,,,,,,,,,,,,,,,,,,,,,,,,,,,,,,,,,,,,,
2779,1999,4,26,17,30,193,316,,,,,,,,,,,,,,,,,,,,,,,,,,,,,,,,,,,,,,,
2780,1999,4,26,18,30,27,257,,,,,,,,,,,,,,,,,,,,,,,,,,,,,,,,,,,,,,,
2781,1999,4,26,19,30,0,0,,,,,,,,,,,,,,,,,,,,,,,,,,,,,,,,,,,,,,,
2782,1999,4,26,20,30,0,0,,,,,,,,,,,,,,,,,,,,,,,,,,,,,,,,,,,,,,,
2783,1999,4,26,21,30,0,0,,,,,,,,,,,,,,,,,,,,,,,,,,,,,,,,,,,,,,,
2784,1999,4,26,22,30,0,0,,,,,,,,,,,,,,,,,,,,,,,,,,,,,,,,,,,,,,,
2785,1999,4,26,23,30,0,0,,,,,,,,,,,,,,,,,,,,,,,,,,,,,,,,,,,,,,,
2786,1999,4,27,0,30,0,0,,,,,,,,,,,,,,,,,,,,,,,,,,,,,,,,,,,,,,,
2787,1999,4,27,1,30,0,0,,,,,,,,,,,,,,,,,,,,,,,,,,,,,,,,,,,,,,,
2788,1999,4,27,2,30,0,0,,,,,,,,,,,,,,,,,,,,,,,,,,,,,,,,,,,,,,,
2789,1999,4,27,3,30,0,0,,,,,,,,,,,,,,,,,,,,,,,,,,,,,,,,,,,,,,,
2790,1999,4,27,4,30,0,0,,,,,,,,,,,,,,,,,,,,,,,,,,,,,,,,,,,,,,,
2791,1999,4,27,5,30,21,231,,,,,,,,,,,,,,,,,,,,,,,,,,,,,,,,,,,,,,,
2792,1999,4,27,6,30,210,704,,,,,,,,,,,,,,,,,,,,,,,,,,,,,,,,,,,,,,,
2793,1999,4,27,7,30,439,868,,,,,,,,,,,,,,,,,,,,,,,,,,,,,,,,,,,,,,,
2794,1999,4,27,8,30,652,944,,,,,,,,,,,,,,,,,,,,,,,,,,,,,,,,,,,,,,,
2795,1999,4,27,9,30,832,986,,,,,,,,,,,,,,,,,,,,,,,,,,,,,,,,,,,,,,,
2796,1999,4,27,10,30,962,1008,,,,,,,,,,,,,,,,,,,,,,,,,,,,,,,,,,,,,,,
2797,1999,4,27,11,30,1031,1019,,,,,,,,,,,,,,,,,,,,,,,,,,,,,,,,,,,,,,,
2798,1999,4,27,12,30,1032,1016,,,,,,,,,,,,,,,,,,,,,,,,,,,,,,,,,,,,,,,
2799,1999,4,27,13,30,967,1001,,,,,,,,,,,,,,,,,,,,,,,,,,,,,,,,,,,,,,,
2800,1999,4,27,14,30,730,448,,,,,,,,,,,,,,,,,,,,,,,,,,,,,,,,,,,,,,,
2801,1999,4,27,15,30,663,936,,,,,,,,,,,,,,,,,,,,,,,,,,,,,,,,,,,,,,,
2802,1999,4,27,16,30,389,497,,,,,,,,,,,,,,,,,,,,,,,,,,,,,,,,,,,,,,,
2803,1999,4,27,17,30,221,691,,,,,,,,,,,,,,,,,,,,,,,,,,,,,,,,,,,,,,,
2804,1999,4,27,18,30,28,238,,,,,,,,,,,,,,,,,,,,,,,,,,,,,,,,,,,,,,,
2805,1999,4,27,19,30,0,0,,,,,,,,,,,,,,,,,,,,,,,,,,,,,,,,,,,,,,,
2806,1999,4,27,20,30,0,0,,,,,,,,,,,,,,,,,,,,,,,,,,,,,,,,,,,,,,,
2807,1999,4,27,21,30,0,0,,,,,,,,,,,,,,,,,,,,,,,,,,,,,,,,,,,,,,,
2808,1999,4,27,22,30,0,0,,,,,,,,,,,,,,,,,,,,,,,,,,,,,,,,,,,,,,,
2809,1999,4,27,23,30,0,0,,,,,,,,,,,,,,,,,,,,,,,,,,,,,,,,,,,,,,,
2810,1999,4,28,0,30,0,0,,,,,,,,,,,,,,,,,,,,,,,,,,,,,,,,,,,,,,,
2811,1999,4,28,1,30,0,0,,,,,,,,,,,,,,,,,,,,,,,,,,,,,,,,,,,,,,,
2812,1999,4,28,2,30,0,0,,,,,,,,,,,,,,,,,,,,,,,,,,,,,,,,,,,,,,,
2813,1999,4,28,3,30,0,0,,,,,,,,,,,,,,,,,,,,,,,,,,,,,,,,,,,,,,,
2814,1999,4,28,4,30,0,0,,,,,,,,,,,,,,,,,,,,,,,,,,,,,,,,,,,,,,,
2815,1999,4,28,5,30,12,0,,,,,,,,,,,,,,,,,,,,,,,,,,,,,,,,,,,,,,,
2816,1999,4,28,6,30,212,680,,,,,,,,,,,,,,,,,,,,,,,,,,,,,,,,,,,,,,,
2817,1999,4,28,7,30,315,209,,,,,,,,,,,,,,,,,,,,,,,,,,,,,,,,,,,,,,,
2818,1999,4,28,8,30,204,6,,,,,,,,,,,,,,,,,,,,,,,,,,,,,,,,,,,,,,,
2819,1999,4,28,9,30,258,4,,,,,,,,,,,,,,,,,,,,,,,,,,,,,,,,,,,,,,,
2820,1999,4,28,10,30,269,2,,,,,,,,,,,,,,,,,,,,,,,,,,,,,,,,,,,,,,,
2821,1999,4,28,11,30,176,0,,,,,,,,,,,,,,,,,,,,,,,,,,,,,,,,,,,,,,,
2822,1999,4,28,12,30,210,1,,,,,,,,,,,,,,,,,,,,,,,,,,,,,,,,,,,,,,,
2823,1999,4,28,13,30,101,0,,,,,,,,,,,,,,,,,,,,,,,,,,,,,,,,,,,,,,,
2824,1999,4,28,14,30,310,9,,,,,,,,,,,,,,,,,,,,,,,,,,,,,,,,,,,,,,,
2825,1999,4,28,15,30,229,9,,,,,,,,,,,,,,,,,,,,,,,,,,,,,,,,,,,,,,,
2826,1999,4,28,16,30,294,117,,,,,,,,,,,,,,,,,,,,,,,,,,,,,,,,,,,,,,,
2827,1999,4,28,17,30,216,620,,,,,,,,,,,,,,,,,,,,,,,,,,,,,,,,,,,,,,,
2828,1999,4,28,18,30,29,207,,,,,,,,,,,,,,,,,,,,,,,,,,,,,,,,,,,,,,,
2829,1999,4,28,19,30,0,0,,,,,,,,,,,,,,,,,,,,,,,,,,,,,,,,,,,,,,,
2830,1999,4,28,20,30,0,0,,,,,,,,,,,,,,,,,,,,,,,,,,,,,,,,,,,,,,,
2831,1999,4,28,21,30,0,0,,,,,,,,,,,,,,,,,,,,,,,,,,,,,,,,,,,,,,,
2832,1999,4,28,22,30,0,0,,,,,,,,,,,,,,,,,,,,,,,,,,,,,,,,,,,,,,,
2833,1999,4,28,23,30,0,0,,,,,,,,,,,,,,,,,,,,,,,,,,,,,,,,,,,,,,,
2834,1999,4,29,0,30,0,0,,,,,,,,,,,,,,,,,,,,,,,,,,,,,,,,,,,,,,,
2835,1999,4,29,1,30,0,0,,,,,,,,,,,,,,,,,,,,,,,,,,,,,,,,,,,,,,,
2836,1999,4,29,2,30,0,0,,,,,,,,,,,,,,,,,,,,,,,,,,,,,,,,,,,,,,,
2837,1999,4,29,3,30,0,0,,,,,,,,,,,,,,,,,,,,,,,,,,,,,,,,,,,,,,,
2838,1999,4,29,4,30,0,0,,,,,,,,,,,,,,,,,,,,,,,,,,,,,,,,,,,,,,,
2839,1999,4,29,5,30,15,1,,,,,,,,,,,,,,,,,,,,,,,,,,,,,,,,,,,,,,,
2840,1999,4,29,6,30,157,510,,,,,,,,,,,,,,,,,,,,,,,,,,,,,,,,,,,,,,,
2841,1999,4,29,7,30,147,6,,,,,,,,,,,,,,,,,,,,,,,,,,,,,,,,,,,,,,,
2842,1999,4,29,8,30,456,194,,,,,,,,,,,,,,,,,,,,,,,,,,,,,,,,,,,,,,,
2843,1999,4,29,9,30,583,229,,,,,,,,,,,,,,,,,,,,,,,,,,,,,,,,,,,,,,,
2844,1999,4,29,10,30,671,159,,,,,,,,,,,,,,,,,,,,,,,,,,,,,,,,,,,,,,,
2845,1999,4,29,11,30,687,154,,,,,,,,,,,,,,,,,,,,,,,,,,,,,,,,,,,,,,,
2846,1999,4,29,12,30,879,347,,,,,,,,,,,,,,,,,,,,,,,,,,,,,,,,,,,,,,,
2847,1999,4,29,13,30,193,0,,,,,,,,,,,,,,,,,,,,,,,,,,,,,,,,,,,,,,,
2848,1999,4,29,14,30,160,0,,,,,,,,,,,,,,,,,,,,,,,,,,,,,,,,,,,,,,,
2849,1999,4,29,15,30,253,19,,,,,,,,,,,,,,,,,,,,,,,,,,,,,,,,,,,,,,,
2850,1999,4,29,16,30,403,487,,,,,,,,,,,,,,,,,,,,,,,,,,,,,,,,,,,,,,,
2851,1999,4,29,17,30,171,110,,,,,,,,,,,,,,,,,,,,,,,,,,,,,,,,,,,,,,,
2852,1999,4,29,18,30,21,1,,,,,,,,,,,,,,,,,,,,,,,,,,,,,,,,,,,,,,,
2853,1999,4,29,19,30,0,0,,,,,,,,,,,,,,,,,,,,,,,,,,,,,,,,,,,,,,,
2854,1999,4,29,20,30,0,0,,,,,,,,,,,,,,,,,,,,,,,,,,,,,,,,,,,,,,,
2855,1999,4,29,21,30,0,0,,,,,,,,,,,,,,,,,,,,,,,,,,,,,,,,,,,,,,,
2856,1999,4,29,22,30,0,0,,,,,,,,,,,,,,,,,,,,,,,,,,,,,,,,,,,,,,,
2857,1999,4,29,23,30,0,0,,,,,,,,,,,,,,,,,,,,,,,,,,,,,,,,,,,,,,,
2858,1999,4,30,0,30,0,0,,,,,,,,,,,,,,,,,,,,,,,,,,,,,,,,,,,,,,,
2859,1999,4,30,1,30,0,0,,,,,,,,,,,,,,,,,,,,,,,,,,,,,,,,,,,,,,,
2860,1999,4,30,2,30,0,0,,,,,,,,,,,,,,,,,,,,,,,,,,,,,,,,,,,,,,,
2861,1999,4,30,3,30,0,0,,,,,,,,,,,,,,,,,,,,,,,,,,,,,,,,,,,,,,,
2862,1999,4,30,4,30,0,0,,,,,,,,,,,,,,,,,,,,,,,,,,,,,,,,,,,,,,,
2863,1999,4,30,5,30,9,0,,,,,,,,,,,,,,,,,,,,,,,,,,,,,,,,,,,,,,,
2864,1999,4,30,6,30,45,0,,,,,,,,,,,,,,,,,,,,,,,,,,,,,,,,,,,,,,,
2865,1999,4,30,7,30,426,744,,,,,,,,,,,,,,,,,,,,,,,,,,,,,,,,,,,,,,,
2866,1999,4,30,8,30,645,863,,,,,,,,,,,,,,,,,,,,,,,,,,,,,,,,,,,,,,,
2867,1999,4,30,9,30,830,931,,,,,,,,,,,,,,,,,,,,,,,,,,,,,,,,,,,,,,,
2868,1999,4,30,10,30,971,979,,,,,,,,,,,,,,,,,,,,,,,,,,,,,,,,,,,,,,,
2869,1999,4,30,11,30,1046,1005,,,,,,,,,,,,,,,,,,,,,,,,,,,,,,,,,,,,,,,
2870,1999,4,30,12,30,1055,1019,,,,,,,,,,,,,,,,,,,,,,,,,,,,,,,,,,,,,,,
2871,1999,4,30,13,30,990,1012,,,,,,,,,,,,,,,,,,,,,,,,,,,,,,,,,,,,,,,
2872,1999,4,30,14,30,869,998,,,,,,,,,,,,,,,,,,,,,,,,,,,,,,,,,,,,,,,
2873,1999,4,30,15,30,688,956,,,,,,,,,,,,,,,,,,,,,,,,,,,,,,,,,,,,,,,
2874,1999,4,30,16,30,469,871,,,,,,,,,,,,,,,,,,,,,,,,,,,,,,,,,,,,,,,
2875,1999,4,30,17,30,235,701,,,,,,,,,,,,,,,,,,,,,,,,,,,,,,,,,,,,,,,
2876,1999,4,30,18,30,33,251,,,,,,,,,,,,,,,,,,,,,,,,,,,,,,,,,,,,,,,
2877,1999,4,30,19,30,0,0,,,,,,,,,,,,,,,,,,,,,,,,,,,,,,,,,,,,,,,
2878,1999,4,30,20,30,0,0,,,,,,,,,,,,,,,,,,,,,,,,,,,,,,,,,,,,,,,
2879,1999,4,30,21,30,0,0,,,,,,,,,,,,,,,,,,,,,,,,,,,,,,,,,,,,,,,
2880,1999,4,30,22,30,0,0,,,,,,,,,,,,,,,,,,,,,,,,,,,,,,,,,,,,,,,
2881,1999,4,30,23,30,0,0,,,,,,,,,,,,,,,,,,,,,,,,,,,,,,,,,,,,,,,
2882,1999,5,1,0,30,0,0,,,,,,,,,,,,,,,,,,,,,,,,,,,,,,,,,,,,,,,
2883,1999,5,1,1,30,0,0,,,,,,,,,,,,,,,,,,,,,,,,,,,,,,,,,,,,,,,
2884,1999,5,1,2,30,0,0,,,,,,,,,,,,,,,,,,,,,,,,,,,,,,,,,,,,,,,
2885,1999,5,1,3,30,0,0,,,,,,,,,,,,,,,,,,,,,,,,,,,,,,,,,,,,,,,
2886,1999,5,1,4,30,0,0,,,,,,,,,,,,,,,,,,,,,,,,,,,,,,,,,,,,,,,
2887,1999,5,1,5,30,10,0,,,,,,,,,,,,,,,,,,,,,,,,,,,,,,,,,,,,,,,
2888,1999,5,1,6,30,133,13,,,,,,,,,,,,,,,,,,,,,,,,,,,,,,,,,,,,,,,
2889,1999,5,1,7,30,304,76,,,,,,,,,,,,,,,,,,,,,,,,,,,,,,,,,,,,,,,
2890,1999,5,1,8,30,523,430,,,,,,,,,,,,,,,,,,,,,,,,,,,,,,,,,,,,,,,
2891,1999,5,1,9,30,849,970,,,,,,,,,,,,,,,,,,,,,,,,,,,,,,,,,,,,,,,
2892,1999,5,1,10,30,979,994,,,,,,,,,,,,,,,,,,,,,,,,,,,,,,,,,,,,,,,
2893,1999,5,1,11,30,1046,995,,,,,,,,,,,,,,,,,,,,,,,,,,,,,,,,,,,,,,,
2894,1999,5,1,12,30,1040,981,,,,,,,,,,,,,,,,,,,,,,,,,,,,,,,,,,,,,,,
2895,1999,5,1,13,30,824,529,,,,,,,,,,,,,,,,,,,,,,,,,,,,,,,,,,,,,,,
2896,1999,5,1,14,30,645,337,,,,,,,,,,,,,,,,,,,,,,,,,,,,,,,,,,,,,,,
2897,1999,5,1,15,30,537,425,,,,,,,,,,,,,,,,,,,,,,,,,,,,,,,,,,,,,,,
2898,1999,5,1,16,30,116,2,,,,,,,,,,,,,,,,,,,,,,,,,,,,,,,,,,,,,,,
2899,1999,5,1,17,30,120,18,,,,,,,,,,,,,,,,,,,,,,,,,,,,,,,,,,,,,,,
2900,1999,5,1,18,30,23,2,,,,,,,,,,,,,,,,,,,,,,,,,,,,,,,,,,,,,,,
2901,1999,5,1,19,30,0,0,,,,,,,,,,,,,,,,,,,,,,,,,,,,,,,,,,,,,,,
2902,1999,5,1,20,30,0,0,,,,,,,,,,,,,,,,,,,,,,,,,,,,,,,,,,,,,,,
2903,1999,5,1,21,30,0,0,,,,,,,,,,,,,,,,,,,,,,,,,,,,,,,,,,,,,,,
2904,1999,5,1,22,30,0,0,,,,,,,,,,,,,,,,,,,,,,,,,,,,,,,,,,,,,,,
2905,1999,5,1,23,30,0,0,,,,,,,,,,,,,,,,,,,,,,,,,,,,,,,,,,,,,,,
2906,1999,5,2,0,30,0,0,,,,,,,,,,,,,,,,,,,,,,,,,,,,,,,,,,,,,,,
2907,1999,5,2,1,30,0,0,,,,,,,,,,,,,,,,,,,,,,,,,,,,,,,,,,,,,,,
2908,1999,5,2,2,30,0,0,,,,,,,,,,,,,,,,,,,,,,,,,,,,,,,,,,,,,,,
2909,1999,5,2,3,30,0,0,,,,,,,,,,,,,,,,,,,,,,,,,,,,,,,,,,,,,,,
2910,1999,5,2,4,30,0,0,,,,,,,,,,,,,,,,,,,,,,,,,,,,,,,,,,,,,,,
2911,1999,5,2,5,30,30,229,,,,,,,,,,,,,,,,,,,,,,,,,,,,,,,,,,,,,,,
2912,1999,5,2,6,30,226,679,,,,,,,,,,,,,,,,,,,,,,,,,,,,,,,,,,,,,,,
2913,1999,5,2,7,30,456,848,,,,,,,,,,,,,,,,,,,,,,,,,,,,,,,,,,,,,,,
2914,1999,5,2,8,30,673,931,,,,,,,,,,,,,,,,,,,,,,,,,,,,,,,,,,,,,,,
2915,1999,5,2,9,30,854,978,,,,,,,,,,,,,,,,,,,,,,,,,,,,,,,,,,,,,,,
2916,1999,5,2,10,30,984,1003,,,,,,,,,,,,,,,,,,,,,,,,,,,,,,,,,,,,,,,
2917,1999,5,2,11,30,1052,1014,,,,,,,,,,,,,,,,,,,,,,,,,,,,,,,,,,,,,,,
2918,1999,5,2,12,30,1053,1014,,,,,,,,,,,,,,,,,,,,,,,,,,,,,,,,,,,,,,,
2919,1999,5,2,13,30,988,1006,,,,,,,,,,,,,,,,,,,,,,,,,,,,,,,,,,,,,,,
2920,1999,5,2,14,30,861,982,,,,,,,,,,,,,,,,,,,,,,,,,,,,,,,,,,,,,,,
2921,1999,5,2,15,30,682,940,,,,,,,,,,,,,,,,,,,,,,,,,,,,,,,,,,,,,,,
2922,1999,5,2,16,30,467,864,,,,,,,,,,,,,,,,,,,,,,,,,,,,,,,,,,,,,,,
2923,1999,5,2,17,30,239,716,,,,,,,,,,,,,,,,,,,,,,,,,,,,,,,,,,,,,,,
2924,1999,5,2,18,30,37,290,,,,,,,,,,,,,,,,,,,,,,,,,,,,,,,,,,,,,,,
2925,1999,5,2,19,30,0,0,,,,,,,,,,,,,,,,,,,,,,,,,,,,,,,,,,,,,,,
2926,1999,5,2,20,30,0,0,,,,,,,,,,,,,,,,,,,,,,,,,,,,,,,,,,,,,,,
2927,1999,5,2,21,30,0,0,,,,,,,,,,,,,,,,,,,,,,,,,,,,,,,,,,,,,,,
2928,1999,5,2,22,30,0,0,,,,,,,,,,,,,,,,,,,,,,,,,,,,,,,,,,,,,,,
2929,1999,5,2,23,30,0,0,,,,,,,,,,,,,,,,,,,,,,,,,,,,,,,,,,,,,,,
2930,1999,5,3,0,30,0,0,,,,,,,,,,,,,,,,,,,,,,,,,,,,,,,,,,,,,,,
2931,1999,5,3,1,30,0,0,,,,,,,,,,,,,,,,,,,,,,,,,,,,,,,,,,,,,,,
2932,1999,5,3,2,30,0,0,,,,,,,,,,,,,,,,,,,,,,,,,,,,,,,,,,,,,,,
2933,1999,5,3,3,30,0,0,,,,,,,,,,,,,,,,,,,,,,,,,,,,,,,,,,,,,,,
2934,1999,5,3,4,30,0,0,,,,,,,,,,,,,,,,,,,,,,,,,,,,,,,,,,,,,,,
2935,1999,5,3,5,30,33,247,,,,,,,,,,,,,,,,,,,,,,,,,,,,,,,,,,,,,,,
2936,1999,5,3,6,30,226,671,,,,,,,,,,,,,,,,,,,,,,,,,,,,,,,,,,,,,,,
2937,1999,5,3,7,30,278,95,,,,,,,,,,,,,,,,,,,,,,,,,,,,,,,,,,,,,,,
2938,1999,5,3,8,30,247,13,,,,,,,,,,,,,,,,,,,,,,,,,,,,,,,,,,,,,,,
2939,1999,5,3,9,30,806,789,,,,,,,,,,,,,,,,,,,,,,,,,,,,,,,,,,,,,,,
2940,1999,5,3,10,30,814,591,,,,,,,,,,,,,,,,,,,,,,,,,,,,,,,,,,,,,,,
2941,1999,5,3,11,30,525,29,,,,,,,,,,,,,,,,,,,,,,,,,,,,,,,,,,,,,,,
2942,1999,5,3,12,30,700,169,,,,,,,,,,,,,,,,,,,,,,,,,,,,,,,,,,,,,,,
2943,1999,5,3,13,30,261,2,,,,,,,,,,,,,,,,,,,,,,,,,,,,,,,,,,,,,,,
2944,1999,5,3,14,30,245,3,,,,,,,,,,,,,,,,,,,,,,,,,,,,,,,,,,,,,,,
2945,1999,5,3,15,30,34,0,,,,,,,,,,,,,,,,,,,,,,,,,,,,,,,,,,,,,,,
2946,1999,5,3,16,30,10,0,,,,,,,,,,,,,,,,,,,,,,,,,,,,,,,,,,,,,,,
2947,1999,5,3,17,30,73,3,,,,,,,,,,,,,,,,,,,,,,,,,,,,,,,,,,,,,,,
2948,1999,5,3,18,30,16,0,,,,,,,,,,,,,,,,,,,,,,,,,,,,,,,,,,,,,,,
2949,1999,5,3,19,30,0,0,,,,,,,,,,,,,,,,,,,,,,,,,,,,,,,,,,,,,,,
2950,1999,5,3,20,30,0,0,,,,,,,,,,,,,,,,,,,,,,,,,,,,,,,,,,,,,,,
2951,1999,5,3,21,30,0,0,,,,,,,,,,,,,,,,,,,,,,,,,,,,,,,,,,,,,,,
2952,1999,5,3,22,30,0,0,,,,,,,,,,,,,,,,,,,,,,,,,,,,,,,,,,,,,,,
2953,1999,5,3,23,30,0,0,,,,,,,,,,,,,,,,,,,,,,,,,,,,,,,,,,,,,,,
2954,1999,5,4,0,30,0,0,,,,,,,,,,,,,,,,,,,,,,,,,,,,,,,,,,,,,,,
2955,1999,5,4,1,30,0,0,,,,,,,,,,,,,,,,,,,,,,,,,,,,,,,,,,,,,,,
2956,1999,5,4,2,30,0,0,,,,,,,,,,,,,,,,,,,,,,,,,,,,,,,,,,,,,,,
2957,1999,5,4,3,30,0,0,,,,,,,,,,,,,,,,,,,,,,,,,,,,,,,,,,,,,,,
2958,1999,5,4,4,30,0,0,,,,,,,,,,,,,,,,,,,,,,,,,,,,,,,,,,,,,,,
2959,1999,5,4,5,30,11,0,,,,,,,,,,,,,,,,,,,,,,,,,,,,,,,,,,,,,,,
2960,1999,5,4,6,30,11,0,,,,,,,,,,,,,,,,,,,,,,,,,,,,,,,,,,,,,,,
2961,1999,5,4,7,30,376,417,,,,,,,,,,,,,,,,,,,,,,,,,,,,,,,,,,,,,,,
2962,1999,5,4,8,30,533,243,,,,,,,,,,,,,,,,,,,,,,,,,,,,,,,,,,,,,,,
2963,1999,5,4,9,30,853,966,,,,,,,,,,,,,,,,,,,,,,,,,,,,,,,,,,,,,,,
2964,1999,5,4,10,30,982,994,,,,,,,,,,,,,,,,,,,,,,,,,,,,,,,,,,,,,,,
2965,1999,5,4,11,30,448,4,,,,,,,,,,,,,,,,,,,,,,,,,,,,,,,,,,,,,,,
2966,1999,5,4,12,30,823,373,,,,,,,,,,,,,,,,,,,,,,,,,,,,,,,,,,,,,,,
2967,1999,5,4,13,30,819,342,,,,,,,,,,,,,,,,,,,,,,,,,,,,,,,,,,,,,,,
2968,1999,5,4,14,30,584,237,,,,,,,,,,,,,,,,,,,,,,,,,,,,,,,,,,,,,,,
2969,1999,5,4,15,30,681,928,,,,,,,,,,,,,,,,,,,,,,,,,,,,,,,,,,,,,,,
2970,1999,5,4,16,30,264,30,,,,,,,,,,,,,,,,,,,,,,,,,,,,,,,,,,,,,,,
2971,1999,5,4,17,30,210,339,,,,,,,,,,,,,,,,,,,,,,,,,,,,,,,,,,,,,,,
2972,1999,5,4,18,30,40,292,,,,,,,,,,,,,,,,,,,,,,,,,,,,,,,,,,,,,,,
2973,1999,5,4,19,30,0,0,,,,,,,,,,,,,,,,,,,,,,,,,,,,,,,,,,,,,,,
2974,1999,5,4,20,30,0,0,,,,,,,,,,,,,,,,,,,,,,,,,,,,,,,,,,,,,,,
2975,1999,5,4,21,30,0,0,,,,,,,,,,,,,,,,,,,,,,,,,,,,,,,,,,,,,,,
2976,1999,5,4,22,30,0,0,,,,,,,,,,,,,,,,,,,,,,,,,,,,,,,,,,,,,,,
2977,1999,5,4,23,30,0,0,,,,,,,,,,,,,,,,,,,,,,,,,,,,,,,,,,,,,,,
2978,1999,5,5,0,30,0,0,,,,,,,,,,,,,,,,,,,,,,,,,,,,,,,,,,,,,,,
2979,1999,5,5,1,30,0,0,,,,,,,,,,,,,,,,,,,,,,,,,,,,,,,,,,,,,,,
2980,1999,5,5,2,30,0,0,,,,,,,,,,,,,,,,,,,,,,,,,,,,,,,,,,,,,,,
2981,1999,5,5,3,30,0,0,,,,,,,,,,,,,,,,,,,,,,,,,,,,,,,,,,,,,,,
2982,1999,5,5,4,30,0,0,,,,,,,,,,,,,,,,,,,,,,,,,,,,,,,,,,,,,,,
2983,1999,5,5,5,30,28,5,,,,,,,,,,,,,,,,,,,,,,,,,,,,,,,,,,,,,,,
2984,1999,5,5,6,30,180,113,,,,,,,,,,,,,,,,,,,,,,,,,,,,,,,,,,,,,,,
2985,1999,5,5,7,30,313,154,,,,,,,,,,,,,,,,,,,,,,,,,,,,,,,,,,,,,,,
2986,1999,5,5,8,30,705,996,,,,,,,,,,,,,,,,,,,,,,,,,,,,,,,,,,,,,,,
2987,1999,5,5,9,30,879,1021,,,,,,,,,,,,,,,,,,,,,,,,,,,,,,,,,,,,,,,
2988,1999,5,5,10,30,1008,1042,,,,,,,,,,,,,,,,,,,,,,,,,,,,,,,,,,,,,,,
2989,1999,5,5,11,30,1077,1057,,,,,,,,,,,,,,,,,,,,,,,,,,,,,,,,,,,,,,,
2990,1999,5,5,12,30,1078,1056,,,,,,,,,,,,,,,,,,,,,,,,,,,,,,,,,,,,,,,
2991,1999,5,5,13,30,1012,1045,,,,,,,,,,,,,,,,,,,,,,,,,,,,,,,,,,,,,,,
2992,1999,5,5,14,30,884,1027,,,,,,,,,,,,,,,,,,,,,,,,,,,,,,,,,,,,,,,
2993,1999,5,5,15,30,704,988,,,,,,,,,,,,,,,,,,,,,,,,,,,,,,,,,,,,,,,
2994,1999,5,5,16,30,488,919,,,,,,,,,,,,,,,,,,,,,,,,,,,,,,,,,,,,,,,
2995,1999,5,5,17,30,256,785,,,,,,,,,,,,,,,,,,,,,,,,,,,,,,,,,,,,,,,
2996,1999,5,5,18,30,47,410,,,,,,,,,,,,,,,,,,,,,,,,,,,,,,,,,,,,,,,
2997,1999,5,5,19,30,0,0,,,,,,,,,,,,,,,,,,,,,,,,,,,,,,,,,,,,,,,
2998,1999,5,5,20,30,0,0,,,,,,,,,,,,,,,,,,,,,,,,,,,,,,,,,,,,,,,
2999,1999,5,5,21,30,0,0,,,,,,,,,,,,,,,,,,,,,,,,,,,,,,,,,,,,,,,
3000,1999,5,5,22,30,0,0,,,,,,,,,,,,,,,,,,,,,,,,,,,,,,,,,,,,,,,
3001,1999,5,5,23,30,0,0,,,,,,,,,,,,,,,,,,,,,,,,,,,,,,,,,,,,,,,
3002,1999,5,6,0,30,0,0,,,,,,,,,,,,,,,,,,,,,,,,,,,,,,,,,,,,,,,
3003,1999,5,6,1,30,0,0,,,,,,,,,,,,,,,,,,,,,,,,,,,,,,,,,,,,,,,
3004,1999,5,6,2,30,0,0,,,,,,,,,,,,,,,,,,,,,,,,,,,,,,,,,,,,,,,
3005,1999,5,6,3,30,0,0,,,,,,,,,,,,,,,,,,,,,,,,,,,,,,,,,,,,,,,
3006,1999,5,6,4,30,0,0,,,,,,,,,,,,,,,,,,,,,,,,,,,,,,,,,,,,,,,
3007,1999,5,6,5,30,43,376,,,,,,,,,,,,,,,,,,,,,,,,,,,,,,,,,,,,,,,
3008,1999,5,6,6,30,253,782,,,,,,,,,,,,,,,,,,,,,,,,,,,,,,,,,,,,,,,
3009,1999,5,6,7,30,489,926,,,,,,,,,,,,,,,,,,,,,,,,,,,,,,,,,,,,,,,
3010,1999,5,6,8,30,708,1000,,,,,,,,,,,,,,,,,,,,,,,,,,,,,,,,,,,,,,,
3011,1999,5,6,9,30,891,1039,,,,,,,,,,,,,,,,,,,,,,,,,,,,,,,,,,,,,,,
3012,1999,5,6,10,30,1021,1062,,,,,,,,,,,,,,,,,,,,,,,,,,,,,,,,,,,,,,,
3013,1999,5,6,11,30,1089,1076,,,,,,,,,,,,,,,,,,,,,,,,,,,,,,,,,,,,,,,
3014,1999,5,6,12,30,1090,1075,,,,,,,,,,,,,,,,,,,,,,,,,,,,,,,,,,,,,,,
3015,1999,5,6,13,30,1024,1063,,,,,,,,,,,,,,,,,,,,,,,,,,,,,,,,,,,,,,,
3016,1999,5,6,14,30,895,1044,,,,,,,,,,,,,,,,,,,,,,,,,,,,,,,,,,,,,,,
3017,1999,5,6,15,30,715,1004,,,,,,,,,,,,,,,,,,,,,,,,,,,,,,,,,,,,,,,
3018,1999,5,6,16,30,490,921,,,,,,,,,,,,,,,,,,,,,,,,,,,,,,,,,,,,,,,
3019,1999,5,6,17,30,258,786,,,,,,,,,,,,,,,,,,,,,,,,,,,,,,,,,,,,,,,
3020,1999,5,6,18,30,49,419,,,,,,,,,,,,,,,,,,,,,,,,,,,,,,,,,,,,,,,
3021,1999,5,6,19,30,0,0,,,,,,,,,,,,,,,,,,,,,,,,,,,,,,,,,,,,,,,
3022,1999,5,6,20,30,0,0,,,,,,,,,,,,,,,,,,,,,,,,,,,,,,,,,,,,,,,
3023,1999,5,6,21,30,0,0,,,,,,,,,,,,,,,,,,,,,,,,,,,,,,,,,,,,,,,
3024,1999,5,6,22,30,0,0,,,,,,,,,,,,,,,,,,,,,,,,,,,,,,,,,,,,,,,
3025,1999,5,6,23,30,0,0,,,,,,,,,,,,,,,,,,,,,,,,,,,,,,,,,,,,,,,
3026,1999,5,7,0,30,0,0,,,,,,,,,,,,,,,,,,,,,,,,,,,,,,,,,,,,,,,
3027,1999,5,7,1,30,0,0,,,,,,,,,,,,,,,,,,,,,,,,,,,,,,,,,,,,,,,
3028,1999,5,7,2,30,0,0,,,,,,,,,,,,,,,,,,,,,,,,,,,,,,,,,,,,,,,
3029,1999,5,7,3,30,0,0,,,,,,,,,,,,,,,,,,,,,,,,,,,,,,,,,,,,,,,
3030,1999,5,7,4,30,0,0,,,,,,,,,,,,,,,,,,,,,,,,,,,,,,,,,,,,,,,
3031,1999,5,7,5,30,45,366,,,,,,,,,,,,,,,,,,,,,,,,,,,,,,,,,,,,,,,
3032,1999,5,7,6,30,251,748,,,,,,,,,,,,,,,,,,,,,,,,,,,,,,,,,,,,,,,
3033,1999,5,7,7,30,482,890,,,,,,,,,,,,,,,,,,,,,,,,,,,,,,,,,,,,,,,
3034,1999,5,7,8,30,695,960,,,,,,,,,,,,,,,,,,,,,,,,,,,,,,,,,,,,,,,
3035,1999,5,7,9,30,875,1004,,,,,,,,,,,,,,,,,,,,,,,,,,,,,,,,,,,,,,,
3036,1999,5,7,10,30,999,1029,,,,,,,,,,,,,,,,,,,,,,,,,,,,,,,,,,,,,,,
3037,1999,5,7,11,30,1067,1042,,,,,,,,,,,,,,,,,,,,,,,,,,,,,,,,,,,,,,,
3038,1999,5,7,12,30,1067,1039,,,,,,,,,,,,,,,,,,,,,,,,,,,,,,,,,,,,,,,
3039,1999,5,7,13,30,996,1020,,,,,,,,,,,,,,,,,,,,,,,,,,,,,,,,,,,,,,,
3040,1999,5,7,14,30,869,995,,,,,,,,,,,,,,,,,,,,,,,,,,,,,,,,,,,,,,,
3041,1999,5,7,15,30,690,946,,,,,,,,,,,,,,,,,,,,,,,,,,,,,,,,,,,,,,,
3042,1999,5,7,16,30,477,870,,,,,,,,,,,,,,,,,,,,,,,,,,,,,,,,,,,,,,,
3043,1999,5,7,17,30,179,153,,,,,,,,,,,,,,,,,,,,,,,,,,,,,,,,,,,,,,,
3044,1999,5,7,18,30,35,12,,,,,,,,,,,,,,,,,,,,,,,,,,,,,,,,,,,,,,,
3045,1999,5,7,19,30,0,0,,,,,,,,,,,,,,,,,,,,,,,,,,,,,,,,,,,,,,,
3046,1999,5,7,20,30,0,0,,,,,,,,,,,,,,,,,,,,,,,,,,,,,,,,,,,,,,,
3047,1999,5,7,21,30,0,0,,,,,,,,,,,,,,,,,,,,,,,,,,,,,,,,,,,,,,,
3048,1999,5,7,22,30,0,0,,,,,,,,,,,,,,,,,,,,,,,,,,,,,,,,,,,,,,,
3049,1999,5,7,23,30,0,0,,,,,,,,,,,,,,,,,,,,,,,,,,,,,,,,,,,,,,,
3050,1999,5,8,0,30,0,0,,,,,,,,,,,,,,,,,,,,,,,,,,,,,,,,,,,,,,,
3051,1999,5,8,1,30,0,0,,,,,,,,,,,,,,,,,,,,,,,,,,,,,,,,,,,,,,,
3052,1999,5,8,2,30,0,0,,,,,,,,,,,,,,,,,,,,,,,,,,,,,,,,,,,,,,,
3053,1999,5,8,3,30,0,0,,,,,,,,,,,,,,,,,,,,,,,,,,,,,,,,,,,,,,,
3054,1999,5,8,4,30,0,0,,,,,,,,,,,,,,,,,,,,,,,,,,,,,,,,,,,,,,,
3055,1999,5,8,5,30,46,376,,,,,,,,,,,,,,,,,,,,,,,,,,,,,,,,,,,,,,,
3056,1999,5,8,6,30,249,745,,,,,,,,,,,,,,,,,,,,,,,,,,,,,,,,,,,,,,,
3057,1999,5,8,7,30,477,886,,,,,,,,,,,,,,,,,,,,,,,,,,,,,,,,,,,,,,,
3058,1999,5,8,8,30,691,962,,,,,,,,,,,,,,,,,,,,,,,,,,,,,,,,,,,,,,,
3059,1999,5,8,9,30,868,1001,,,,,,,,,,,,,,,,,,,,,,,,,,,,,,,,,,,,,,,
3060,1999,5,8,10,30,996,1023,,,,,,,,,,,,,,,,,,,,,,,,,,,,,,,,,,,,,,,
3061,1999,5,8,11,30,1058,1032,,,,,,,,,,,,,,,,,,,,,,,,,,,,,,,,,,,,,,,
3062,1999,5,8,12,30,1058,1032,,,,,,,,,,,,,,,,,,,,,,,,,,,,,,,,,,,,,,,
3063,1999,5,8,13,30,993,1023,,,,,,,,,,,,,,,,,,,,,,,,,,,,,,,,,,,,,,,
3064,1999,5,8,14,30,868,1002,,,,,,,,,,,,,,,,,,,,,,,,,,,,,,,,,,,,,,,
3065,1999,5,8,15,30,696,968,,,,,,,,,,,,,,,,,,,,,,,,,,,,,,,,,,,,,,,
3066,1999,5,8,16,30,483,899,,,,,,,,,,,,,,,,,,,,,,,,,,,,,,,,,,,,,,,
3067,1999,5,8,17,30,255,756,,,,,,,,,,,,,,,,,,,,,,,,,,,,,,,,,,,,,,,
3068,1999,5,8,18,30,50,384,,,,,,,,,,,,,,,,,,,,,,,,,,,,,,,,,,,,,,,
3069,1999,5,8,19,30,0,0,,,,,,,,,,,,,,,,,,,,,,,,,,,,,,,,,,,,,,,
3070,1999,5,8,20,30,0,0,,,,,,,,,,,,,,,,,,,,,,,,,,,,,,,,,,,,,,,
3071,1999,5,8,21,30,0,0,,,,,,,,,,,,,,,,,,,,,,,,,,,,,,,,,,,,,,,
3072,1999,5,8,22,30,0,0,,,,,,,,,,,,,,,,,,,,,,,,,,,,,,,,,,,,,,,
3073,1999,5,8,23,30,0,0,,,,,,,,,,,,,,,,,,,,,,,,,,,,,,,,,,,,,,,
3074,1999,5,9,0,30,0,0,,,,,,,,,,,,,,,,,,,,,,,,,,,,,,,,,,,,,,,
3075,1999,5,9,1,30,0,0,,,,,,,,,,,,,,,,,,,,,,,,,,,,,,,,,,,,,,,
3076,1999,5,9,2,30,0,0,,,,,,,,,,,,,,,,,,,,,,,,,,,,,,,,,,,,,,,
3077,1999,5,9,3,30,0,0,,,,,,,,,,,,,,,,,,,,,,,,,,,,,,,,,,,,,,,
3078,1999,5,9,4,30,0,0,,,,,,,,,,,,,,,,,,,,,,,,,,,,,,,,,,,,,,,
3079,1999,5,9,5,30,29,0,,,,,,,,,,,,,,,,,,,,,,,,,,,,,,,,,,,,,,,
3080,1999,5,9,6,30,244,667,,,,,,,,,,,,,,,,,,,,,,,,,,,,,,,,,,,,,,,
3081,1999,5,9,7,30,441,580,,,,,,,,,,,,,,,,,,,,,,,,,,,,,,,,,,,,,,,
3082,1999,5,9,8,30,491,212,,,,,,,,,,,,,,,,,,,,,,,,,,,,,,,,,,,,,,,
3083,1999,5,9,9,30,664,319,,,,,,,,,,,,,,,,,,,,,,,,,,,,,,,,,,,,,,,
3084,1999,5,9,10,30,878,550,,,,,,,,,,,,,,,,,,,,,,,,,,,,,,,,,,,,,,,
3085,1999,5,9,11,30,997,816,,,,,,,,,,,,,,,,,,,,,,,,,,,,,,,,,,,,,,,
3086,1999,5,9,12,30,955,728,,,,,,,,,,,,,,,,,,,,,,,,,,,,,,,,,,,,,,,
3087,1999,5,9,13,30,1008,1024,,,,,,,,,,,,,,,,,,,,,,,,,,,,,,,,,,,,,,,
3088,1999,5,9,14,30,881,997,,,,,,,,,,,,,,,,,,,,,,,,,,,,,,,,,,,,,,,
3089,1999,5,9,15,30,701,952,,,,,,,,,,,,,,,,,,,,,,,,,,,,,,,,,,,,,,,
3090,1999,5,9,16,30,486,872,,,,,,,,,,,,,,,,,,,,,,,,,,,,,,,,,,,,,,,
3091,1999,5,9,17,30,254,707,,,,,,,,,,,,,,,,,,,,,,,,,,,,,,,,,,,,,,,
3092,1999,5,9,18,30,50,315,,,,,,,,,,,,,,,,,,,,,,,,,,,,,,,,,,,,,,,
3093,1999,5,9,19,30,0,0,,,,,,,,,,,,,,,,,,,,,,,,,,,,,,,,,,,,,,,
3094,1999,5,9,20,30,0,0,,,,,,,,,,,,,,,,,,,,,,,,,,,,,,,,,,,,,,,
3095,1999,5,9,21,30,0,0,,,,,,,,,,,,,,,,,,,,,,,,,,,,,,,,,,,,,,,
3096,1999,5,9,22,30,0,0,,,,,,,,,,,,,,,,,,,,,,,,,,,,,,,,,,,,,,,
3097,1999,5,9,23,30,0,0,,,,,,,,,,,,,,,,,,,,,,,,,,,,,,,,,,,,,,,
3098,1999,5,10,0,30,0,0,,,,,,,,,,,,,,,,,,,,,,,,,,,,,,,,,,,,,,,
3099,1999,5,10,1,30,0,0,,,,,,,,,,,,,,,,,,,,,,,,,,,,,,,,,,,,,,,
3100,1999,5,10,2,30,0,0,,,,,,,,,,,,,,,,,,,,,,,,,,,,,,,,,,,,,,,
3101,1999,5,10,3,30,0,0,,,,,,,,,,,,,,,,,,,,,,,,,,,,,,,,,,,,,,,
3102,1999,5,10,4,30,0,0,,,,,,,,,,,,,,,,,,,,,,,,,,,,,,,,,,,,,,,
3103,1999,5,10,5,30,46,261,,,,,,,,,,,,,,,,,,,,,,,,,,,,,,,,,,,,,,,
3104,1999,5,10,6,30,250,688,,,,,,,,,,,,,,,,,,,,,,,,,,,,,,,,,,,,,,,
3105,1999,5,10,7,30,480,854,,,,,,,,,,,,,,,,,,,,,,,,,,,,,,,,,,,,,,,
3106,1999,5,10,8,30,692,932,,,,,,,,,,,,,,,,,,,,,,,,,,,,,,,,,,,,,,,
3107,1999,5,10,9,30,871,978,,,,,,,,,,,,,,,,,,,,,,,,,,,,,,,,,,,,,,,
3108,1999,5,10,10,30,993,997,,,,,,,,,,,,,,,,,,,,,,,,,,,,,,,,,,,,,,,
3109,1999,5,10,11,30,1061,1013,,,,,,,,,,,,,,,,,,,,,,,,,,,,,,,,,,,,,,,
3110,1999,5,10,12,30,1061,1012,,,,,,,,,,,,,,,,,,,,,,,,,,,,,,,,,,,,,,,
3111,1999,5,10,13,30,888,658,,,,,,,,,,,,,,,,,,,,,,,,,,,,,,,,,,,,,,,
3112,1999,5,10,14,30,863,959,,,,,,,,,,,,,,,,,,,,,,,,,,,,,,,,,,,,,,,
3113,1999,5,10,15,30,685,906,,,,,,,,,,,,,,,,,,,,,,,,,,,,,,,,,,,,,,,
3114,1999,5,10,16,30,475,836,,,,,,,,,,,,,,,,,,,,,,,,,,,,,,,,,,,,,,,
3115,1999,5,10,17,30,210,318,,,,,,,,,,,,,,,,,,,,,,,,,,,,,,,,,,,,,,,
3116,1999,5,10,18,30,37,7,,,,,,,,,,,,,,,,,,,,,,,,,,,,,,,,,,,,,,,
3117,1999,5,10,19,30,0,0,,,,,,,,,,,,,,,,,,,,,,,,,,,,,,,,,,,,,,,
3118,1999,5,10,20,30,0,0,,,,,,,,,,,,,,,,,,,,,,,,,,,,,,,,,,,,,,,
3119,1999,5,10,21,30,0,0,,,,,,,,,,,,,,,,,,,,,,,,,,,,,,,,,,,,,,,
3120,1999,5,10,22,30,0,0,,,,,,,,,,,,,,,,,,,,,,,,,,,,,,,,,,,,,,,
3121,1999,5,10,23,30,0,0,,,,,,,,,,,,,,,,,,,,,,,,,,,,,,,,,,,,,,,
3122,1999,5,11,0,30,0,0,,,,,,,,,,,,,,,,,,,,,,,,,,,,,,,,,,,,,,,
3123,1999,5,11,1,30,0,0,,,,,,,,,,,,,,,,,,,,,,,,,,,,,,,,,,,,,,,
3124,1999,5,11,2,30,0,0,,,,,,,,,,,,,,,,,,,,,,,,,,,,,,,,,,,,,,,
3125,1999,5,11,3,30,0,0,,,,,,,,,,,,,,,,,,,,,,,,,,,,,,,,,,,,,,,
3126,1999,5,11,4,30,0,0,,,,,,,,,,,,,,,,,,,,,,,,,,,,,,,,,,,,,,,
3127,1999,5,11,5,30,21,0,,,,,,,,,,,,,,,,,,,,,,,,,,,,,,,,,,,,,,,
3128,1999,5,11,6,30,9,0,,,,,,,,,,,,,,,,,,,,,,,,,,,,,,,,,,,,,,,
3129,1999,5,11,7,30,110,1,,,,,,,,,,,,,,,,,,,,,,,,,,,,,,,,,,,,,,,
3130,1999,5,11,8,30,117,0,,,,,,,,,,,,,,,,,,,,,,,,,,,,,,,,,,,,,,,
3131,1999,5,11,9,30,547,173,,,,,,,,,,,,,,,,,,,,,,,,,,,,,,,,,,,,,,,
3132,1999,5,11,10,30,462,11,,,,,,,,,,,,,,,,,,,,,,,,,,,,,,,,,,,,,,,
3133,1999,5,11,11,30,191,1,,,,,,,,,,,,,,,,,,,,,,,,,,,,,,,,,,,,,,,
3134,1999,5,11,12,30,961,797,,,,,,,,,,,,,,,,,,,,,,,,,,,,,,,,,,,,,,,
3135,1999,5,11,13,30,988,989,,,,,,,,,,,,,,,,,,,,,,,,,,,,,,,,,,,,,,,
3136,1999,5,11,14,30,815,758,,,,,,,,,,,,,,,,,,,,,,,,,,,,,,,,,,,,,,,
3137,1999,5,11,15,30,562,307,,,,,,,,,,,,,,,,,,,,,,,,,,,,,,,,,,,,,,,
3138,1999,5,11,16,30,406,456,,,,,,,,,,,,,,,,,,,,,,,,,,,,,,,,,,,,,,,
3139,1999,5,11,17,30,256,725,,,,,,,,,,,,,,,,,,,,,,,,,,,,,,,,,,,,,,,
3140,1999,5,11,18,30,54,368,,,,,,,,,,,,,,,,,,,,,,,,,,,,,,,,,,,,,,,
3141,1999,5,11,19,30,0,0,,,,,,,,,,,,,,,,,,,,,,,,,,,,,,,,,,,,,,,
3142,1999,5,11,20,30,0,0,,,,,,,,,,,,,,,,,,,,,,,,,,,,,,,,,,,,,,,
3143,1999,5,11,21,30,0,0,,,,,,,,,,,,,,,,,,,,,,,,,,,,,,,,,,,,,,,
3144,1999,5,11,22,30,0,0,,,,,,,,,,,,,,,,,,,,,,,,,,,,,,,,,,,,,,,
3145,1999,5,11,23,30,0,0,,,,,,,,,,,,,,,,,,,,,,,,,,,,,,,,,,,,,,,
3146,1999,5,12,0,30,0,0,,,,,,,,,,,,,,,,,,,,,,,,,,,,,,,,,,,,,,,
3147,1999,5,12,1,30,0,0,,,,,,,,,,,,,,,,,,,,,,,,,,,,,,,,,,,,,,,
3148,1999,5,12,2,30,0,0,,,,,,,,,,,,,,,,,,,,,,,,,,,,,,,,,,,,,,,
3149,1999,5,12,3,30,0,0,,,,,,,,,,,,,,,,,,,,,,,,,,,,,,,,,,,,,,,
3150,1999,5,12,4,30,0,0,,,,,,,,,,,,,,,,,,,,,,,,,,,,,,,,,,,,,,,
3151,1999,5,12,5,30,52,354,,,,,,,,,,,,,,,,,,,,,,,,,,,,,,,,,,,,,,,
3152,1999,5,12,6,30,253,717,,,,,,,,,,,,,,,,,,,,,,,,,,,,,,,,,,,,,,,
3153,1999,5,12,7,30,478,862,,,,,,,,,,,,,,,,,,,,,,,,,,,,,,,,,,,,,,,
3154,1999,5,12,8,30,689,940,,,,,,,,,,,,,,,,,,,,,,,,,,,,,,,,,,,,,,,
3155,1999,5,12,9,30,865,982,,,,,,,,,,,,,,,,,,,,,,,,,,,,,,,,,,,,,,,
3156,1999,5,12,10,30,991,1006,,,,,,,,,,,,,,,,,,,,,,,,,,,,,,,,,,,,,,,
3157,1999,5,12,11,30,1057,1021,,,,,,,,,,,,,,,,,,,,,,,,,,,,,,,,,,,,,,,
3158,1999,5,12,12,30,1058,1021,,,,,,,,,,,,,,,,,,,,,,,,,,,,,,,,,,,,,,,
3159,1999,5,12,13,30,993,1011,,,,,,,,,,,,,,,,,,,,,,,,,,,,,,,,,,,,,,,
3160,1999,5,12,14,30,869,990,,,,,,,,,,,,,,,,,,,,,,,,,,,,,,,,,,,,,,,
3161,1999,5,12,15,30,694,949,,,,,,,,,,,,,,,,,,,,,,,,,,,,,,,,,,,,,,,
3162,1999,5,12,16,30,484,878,,,,,,,,,,,,,,,,,,,,,,,,,,,,,,,,,,,,,,,
3163,1999,5,12,17,30,257,733,,,,,,,,,,,,,,,,,,,,,,,,,,,,,,,,,,,,,,,
3164,1999,5,12,18,30,55,383,,,,,,,,,,,,,,,,,,,,,,,,,,,,,,,,,,,,,,,
3165,1999,5,12,19,30,0,0,,,,,,,,,,,,,,,,,,,,,,,,,,,,,,,,,,,,,,,
3166,1999,5,12,20,30,0,0,,,,,,,,,,,,,,,,,,,,,,,,,,,,,,,,,,,,,,,
3167,1999,5,12,21,30,0,0,,,,,,,,,,,,,,,,,,,,,,,,,,,,,,,,,,,,,,,
3168,1999,5,12,22,30,0,0,,,,,,,,,,,,,,,,,,,,,,,,,,,,,,,,,,,,,,,
3169,1999,5,12,23,30,0,0,,,,,,,,,,,,,,,,,,,,,,,,,,,,,,,,,,,,,,,
3170,1999,5,13,0,30,0,0,,,,,,,,,,,,,,,,,,,,,,,,,,,,,,,,,,,,,,,
3171,1999,5,13,1,30,0,0,,,,,,,,,,,,,,,,,,,,,,,,,,,,,,,,,,,,,,,
3172,1999,5,13,2,30,0,0,,,,,,,,,,,,,,,,,,,,,,,,,,,,,,,,,,,,,,,
3173,1999,5,13,3,30,0,0,,,,,,,,,,,,,,,,,,,,,,,,,,,,,,,,,,,,,,,
3174,1999,5,13,4,30,0,0,,,,,,,,,,,,,,,,,,,,,,,,,,,,,,,,,,,,,,,
3175,1999,5,13,5,30,54,375,,,,,,,,,,,,,,,,,,,,,,,,,,,,,,,,,,,,,,,
3176,1999,5,13,6,30,257,730,,,,,,,,,,,,,,,,,,,,,,,,,,,,,,,,,,,,,,,
3177,1999,5,13,7,30,484,872,,,,,,,,,,,,,,,,,,,,,,,,,,,,,,,,,,,,,,,
3178,1999,5,13,8,30,696,945,,,,,,,,,,,,,,,,,,,,,,,,,,,,,,,,,,,,,,,
3179,1999,5,13,9,30,873,987,,,,,,,,,,,,,,,,,,,,,,,,,,,,,,,,,,,,,,,
3180,1999,5,13,10,30,1000,1012,,,,,,,,,,,,,,,,,,,,,,,,,,,,,,,,,,,,,,,
3181,1999,5,13,11,30,1061,1018,,,,,,,,,,,,,,,,,,,,,,,,,,,,,,,,,,,,,,,
3182,1999,5,13,12,30,964,788,,,,,,,,,,,,,,,,,,,,,,,,,,,,,,,,,,,,,,,
3183,1999,5,13,13,30,887,704,,,,,,,,,,,,,,,,,,,,,,,,,,,,,,,,,,,,,,,
3184,1999,5,13,14,30,730,553,,,,,,,,,,,,,,,,,,,,,,,,,,,,,,,,,,,,,,,
3185,1999,5,13,15,30,525,387,,,,,,,,,,,,,,,,,,,,,,,,,,,,,,,,,,,,,,,
3186,1999,5,13,16,30,358,258,,,,,,,,,,,,,,,,,,,,,,,,,,,,,,,,,,,,,,,
3187,1999,5,13,17,30,107,11,,,,,,,,,,,,,,,,,,,,,,,,,,,,,,,,,,,,,,,
3188,1999,5,13,18,30,38,6,,,,,,,,,,,,,,,,,,,,,,,,,,,,,,,,,,,,,,,
3189,1999,5,13,19,30,0,0,,,,,,,,,,,,,,,,,,,,,,,,,,,,,,,,,,,,,,,
3190,1999,5,13,20,30,0,0,,,,,,,,,,,,,,,,,,,,,,,,,,,,,,,,,,,,,,,
3191,1999,5,13,21,30,0,0,,,,,,,,,,,,,,,,,,,,,,,,,,,,,,,,,,,,,,,
3192,1999,5,13,22,30,0,0,,,,,,,,,,,,,,,,,,,,,,,,,,,,,,,,,,,,,,,
3193,1999,5,13,23,30,0,0,,,,,,,,,,,,,,,,,,,,,,,,,,,,,,,,,,,,,,,
3194,1999,5,14,0,30,0,0,,,,,,,,,,,,,,,,,,,,,,,,,,,,,,,,,,,,,,,
3195,1999,5,14,1,30,0,0,,,,,,,,,,,,,,,,,,,,,,,,,,,,,,,,,,,,,,,
3196,1999,5,14,2,30,0,0,,,,,,,,,,,,,,,,,,,,,,,,,,,,,,,,,,,,,,,
3197,1999,5,14,3,30,0,0,,,,,,,,,,,,,,,,,,,,,,,,,,,,,,,,,,,,,,,
3198,1999,5,14,4,30,0,0,,,,,,,,,,,,,,,,,,,,,,,,,,,,,,,,,,,,,,,
3199,1999,5,14,5,30,57,402,,,,,,,,,,,,,,,,,,,,,,,,,,,,,,,,,,,,,,,
3200,1999,5,14,6,30,263,753,,,,,,,,,,,,,,,,,,,,,,,,,,,,,,,,,,,,,,,
3201,1999,5,14,7,30,489,888,,,,,,,,,,,,,,,,,,,,,,,,,,,,,,,,,,,,,,,
3202,1999,5,14,8,30,701,958,,,,,,,,,,,,,,,,,,,,,,,,,,,,,,,,,,,,,,,
3203,1999,5,14,9,30,873,991,,,,,,,,,,,,,,,,,,,,,,,,,,,,,,,,,,,,,,,
3204,1999,5,14,10,30,998,1014,,,,,,,,,,,,,,,,,,,,,,,,,,,,,,,,,,,,,,,
3205,1999,5,14,11,30,1063,1024,,,,,,,,,,,,,,,,,,,,,,,,,,,,,,,,,,,,,,,
3206,1999,5,14,12,30,1064,1024,,,,,,,,,,,,,,,,,,,,,,,,,,,,,,,,,,,,,,,
3207,1999,5,14,13,30,999,1015,,,,,,,,,,,,,,,,,,,,,,,,,,,,,,,,,,,,,,,
3208,1999,5,14,14,30,879,1000,,,,,,,,,,,,,,,,,,,,,,,,,,,,,,,,,,,,,,,
3209,1999,5,14,15,30,704,964,,,,,,,,,,,,,,,,,,,,,,,,,,,,,,,,,,,,,,,
3210,1999,5,14,16,30,467,539,,,,,,,,,,,,,,,,,,,,,,,,,,,,,,,,,,,,,,,
3211,1999,5,14,17,30,232,442,,,,,,,,,,,,,,,,,,,,,,,,,,,,,,,,,,,,,,,
3212,1999,5,14,18,30,62,446,,,,,,,,,,,,,,,,,,,,,,,,,,,,,,,,,,,,,,,
3213,1999,5,14,19,30,0,0,,,,,,,,,,,,,,,,,,,,,,,,,,,,,,,,,,,,,,,
3214,1999,5,14,20,30,0,0,,,,,,,,,,,,,,,,,,,,,,,,,,,,,,,,,,,,,,,
3215,1999,5,14,21,30,0,0,,,,,,,,,,,,,,,,,,,,,,,,,,,,,,,,,,,,,,,
3216,1999,5,14,22,30,0,0,,,,,,,,,,,,,,,,,,,,,,,,,,,,,,,,,,,,,,,
3217,1999,5,14,23,30,0,0,,,,,,,,,,,,,,,,,,,,,,,,,,,,,,,,,,,,,,,
3218,1999,5,15,0,30,0,0,,,,,,,,,,,,,,,,,,,,,,,,,,,,,,,,,,,,,,,
3219,1999,5,15,1,30,0,0,,,,,,,,,,,,,,,,,,,,,,,,,,,,,,,,,,,,,,,
3220,1999,5,15,2,30,0,0,,,,,,,,,,,,,,,,,,,,,,,,,,,,,,,,,,,,,,,
3221,1999,5,15,3,30,0,0,,,,,,,,,,,,,,,,,,,,,,,,,,,,,,,,,,,,,,,
3222,1999,5,15,4,30,0,0,,,,,,,,,,,,,,,,,,,,,,,,,,,,,,,,,,,,,,,
3223,1999,5,15,5,30,60,412,,,,,,,,,,,,,,,,,,,,,,,,,,,,,,,,,,,,,,,
3224,1999,5,15,6,30,265,748,,,,,,,,,,,,,,,,,,,,,,,,,,,,,,,,,,,,,,,
3225,1999,5,15,7,30,496,890,,,,,,,,,,,,,,,,,,,,,,,,,,,,,,,,,,,,,,,
3226,1999,5,15,8,30,709,961,,,,,,,,,,,,,,,,,,,,,,,,,,,,,,,,,,,,,,,
3227,1999,5,15,9,30,887,1003,,,,,,,,,,,,,,,,,,,,,,,,,,,,,,,,,,,,,,,
3228,1999,5,15,10,30,1014,1028,,,,,,,,,,,,,,,,,,,,,,,,,,,,,,,,,,,,,,,
3229,1999,5,15,11,30,1074,1034,,,,,,,,,,,,,,,,,,,,,,,,,,,,,,,,,,,,,,,
3230,1999,5,15,12,30,1075,1036,,,,,,,,,,,,,,,,,,,,,,,,,,,,,,,,,,,,,,,
3231,1999,5,15,13,30,1011,1028,,,,,,,,,,,,,,,,,,,,,,,,,,,,,,,,,,,,,,,
3232,1999,5,15,14,30,886,1006,,,,,,,,,,,,,,,,,,,,,,,,,,,,,,,,,,,,,,,
3233,1999,5,15,15,30,710,968,,,,,,,,,,,,,,,,,,,,,,,,,,,,,,,,,,,,,,,
3234,1999,5,15,16,30,502,907,,,,,,,,,,,,,,,,,,,,,,,,,,,,,,,,,,,,,,,
3235,1999,5,15,17,30,274,776,,,,,,,,,,,,,,,,,,,,,,,,,,,,,,,,,,,,,,,
3236,1999,5,15,18,30,64,444,,,,,,,,,,,,,,,,,,,,,,,,,,,,,,,,,,,,,,,
3237,1999,5,15,19,30,0,0,,,,,,,,,,,,,,,,,,,,,,,,,,,,,,,,,,,,,,,
3238,1999,5,15,20,30,0,0,,,,,,,,,,,,,,,,,,,,,,,,,,,,,,,,,,,,,,,
3239,1999,5,15,21,30,0,0,,,,,,,,,,,,,,,,,,,,,,,,,,,,,,,,,,,,,,,
3240,1999,5,15,22,30,0,0,,,,,,,,,,,,,,,,,,,,,,,,,,,,,,,,,,,,,,,
3241,1999,5,15,23,30,0,0,,,,,,,,,,,,,,,,,,,,,,,,,,,,,,,,,,,,,,,
3242,1999,5,16,0,30,0,0,,,,,,,,,,,,,,,,,,,,,,,,,,,,,,,,,,,,,,,
3243,1999,5,16,1,30,0,0,,,,,,,,,,,,,,,,,,,,,,,,,,,,,,,,,,,,,,,
3244,1999,5,16,2,30,0,0,,,,,,,,,,,,,,,,,,,,,,,,,,,,,,,,,,,,,,,
3245,1999,5,16,3,30,0,0,,,,,,,,,,,,,,,,,,,,,,,,,,,,,,,,,,,,,,,
3246,1999,5,16,4,30,0,0,,,,,,,,,,,,,,,,,,,,,,,,,,,,,,,,,,,,,,,
3247,1999,5,16,5,30,63,440,,,,,,,,,,,,,,,,,,,,,,,,,,,,,,,,,,,,,,,
3248,1999,5,16,6,30,272,773,,,,,,,,,,,,,,,,,,,,,,,,,,,,,,,,,,,,,,,
3249,1999,5,16,7,30,500,903,,,,,,,,,,,,,,,,,,,,,,,,,,,,,,,,,,,,,,,
3250,1999,5,16,8,30,712,969,,,,,,,,,,,,,,,,,,,,,,,,,,,,,,,,,,,,,,,
3251,1999,5,16,9,30,889,1005,,,,,,,,,,,,,,,,,,,,,,,,,,,,,,,,,,,,,,,
3252,1999,5,16,10,30,1008,1018,,,,,,,,,,,,,,,,,,,,,,,,,,,,,,,,,,,,,,,
3253,1999,5,16,11,30,1074,1026,,,,,,,,,,,,,,,,,,,,,,,,,,,,,,,,,,,,,,,
3254,1999,5,16,12,30,1074,1024,,,,,,,,,,,,,,,,,,,,,,,,,,,,,,,,,,,,,,,
3255,1999,5,16,13,30,1009,1011,,,,,,,,,,,,,,,,,,,,,,,,,,,,,,,,,,,,,,,
3256,1999,5,16,14,30,878,980,,,,,,,,,,,,,,,,,,,,,,,,,,,,,,,,,,,,,,,
3257,1999,5,16,15,30,577,453,,,,,,,,,,,,,,,,,,,,,,,,,,,,,,,,,,,,,,,
3258,1999,5,16,16,30,410,420,,,,,,,,,,,,,,,,,,,,,,,,,,,,,,,,,,,,,,,
3259,1999,5,16,17,30,38,0,,,,,,,,,,,,,,,,,,,,,,,,,,,,,,,,,,,,,,,
3260,1999,5,16,18,30,30,0,,,,,,,,,,,,,,,,,,,,,,,,,,,,,,,,,,,,,,,
3261,1999,5,16,19,30,0,0,,,,,,,,,,,,,,,,,,,,,,,,,,,,,,,,,,,,,,,
3262,1999,5,16,20,30,0,0,,,,,,,,,,,,,,,,,,,,,,,,,,,,,,,,,,,,,,,
3263,1999,5,16,21,30,0,0,,,,,,,,,,,,,,,,,,,,,,,,,,,,,,,,,,,,,,,
3264,1999,5,16,22,30,0,0,,,,,,,,,,,,,,,,,,,,,,,,,,,,,,,,,,,,,,,
3265,1999,5,16,23,30,0,0,,,,,,,,,,,,,,,,,,,,,,,,,,,,,,,,,,,,,,,
3266,1999,5,17,0,30,0,0,,,,,,,,,,,,,,,,,,,,,,,,,,,,,,,,,,,,,,,
3267,1999,5,17,1,30,0,0,,,,,,,,,,,,,,,,,,,,,,,,,,,,,,,,,,,,,,,
3268,1999,5,17,2,30,0,0,,,,,,,,,,,,,,,,,,,,,,,,,,,,,,,,,,,,,,,
3269,1999,5,17,3,30,0,0,,,,,,,,,,,,,,,,,,,,,,,,,,,,,,,,,,,,,,,
3270,1999,5,17,4,30,0,0,,,,,,,,,,,,,,,,,,,,,,,,,,,,,,,,,,,,,,,
3271,1999,5,17,5,30,64,431,,,,,,,,,,,,,,,,,,,,,,,,,,,,,,,,,,,,,,,
3272,1999,5,17,6,30,271,763,,,,,,,,,,,,,,,,,,,,,,,,,,,,,,,,,,,,,,,
3273,1999,5,17,7,30,498,896,,,,,,,,,,,,,,,,,,,,,,,,,,,,,,,,,,,,,,,
3274,1999,5,17,8,30,709,964,,,,,,,,,,,,,,,,,,,,,,,,,,,,,,,,,,,,,,,
3275,1999,5,17,9,30,885,1004,,,,,,,,,,,,,,,,,,,,,,,,,,,,,,,,,,,,,,,
3276,1999,5,17,10,30,1010,1025,,,,,,,,,,,,,,,,,,,,,,,,,,,,,,,,,,,,,,,
3277,1999,5,17,11,30,1076,1034,,,,,,,,,,,,,,,,,,,,,,,,,,,,,,,,,,,,,,,
3278,1999,5,17,12,30,1077,1035,,,,,,,,,,,,,,,,,,,,,,,,,,,,,,,,,,,,,,,
3279,1999,5,17,13,30,1012,1025,,,,,,,,,,,,,,,,,,,,,,,,,,,,,,,,,,,,,,,
3280,1999,5,17,14,30,888,1004,,,,,,,,,,,,,,,,,,,,,,,,,,,,,,,,,,,,,,,
3281,1999,5,17,15,30,713,966,,,,,,,,,,,,,,,,,,,,,,,,,,,,,,,,,,,,,,,
3282,1999,5,17,16,30,503,901,,,,,,,,,,,,,,,,,,,,,,,,,,,,,,,,,,,,,,,
3283,1999,5,17,17,30,276,770,,,,,,,,,,,,,,,,,,,,,,,,,,,,,,,,,,,,,,,
3284,1999,5,17,18,30,68,450,,,,,,,,,,,,,,,,,,,,,,,,,,,,,,,,,,,,,,,
3285,1999,5,17,19,30,0,0,,,,,,,,,,,,,,,,,,,,,,,,,,,,,,,,,,,,,,,
3286,1999,5,17,20,30,0,0,,,,,,,,,,,,,,,,,,,,,,,,,,,,,,,,,,,,,,,
3287,1999,5,17,21,30,0,0,,,,,,,,,,,,,,,,,,,,,,,,,,,,,,,,,,,,,,,
3288,1999,5,17,22,30,0,0,,,,,,,,,,,,,,,,,,,,,,,,,,,,,,,,,,,,,,,
3289,1999,5,17,23,30,0,0,,,,,,,,,,,,,,,,,,,,,,,,,,,,,,,,,,,,,,,
3290,1999,5,18,0,30,0,0,,,,,,,,,,,,,,,,,,,,,,,,,,,,,,,,,,,,,,,
3291,1999,5,18,1,30,0,0,,,,,,,,,,,,,,,,,,,,,,,,,,,,,,,,,,,,,,,
3292,1999,5,18,2,30,0,0,,,,,,,,,,,,,,,,,,,,,,,,,,,,,,,,,,,,,,,
3293,1999,5,18,3,30,0,0,,,,,,,,,,,,,,,,,,,,,,,,,,,,,,,,,,,,,,,
3294,1999,5,18,4,30,0,0,,,,,,,,,,,,,,,,,,,,,,,,,,,,,,,,,,,,,,,
3295,1999,5,18,5,30,63,399,,,,,,,,,,,,,,,,,,,,,,,,,,,,,,,,,,,,,,,
3296,1999,5,18,6,30,264,718,,,,,,,,,,,,,,,,,,,,,,,,,,,,,,,,,,,,,,,
3297,1999,5,18,7,30,286,40,,,,,,,,,,,,,,,,,,,,,,,,,,,,,,,,,,,,,,,
3298,1999,5,18,8,30,467,112,,,,,,,,,,,,,,,,,,,,,,,,,,,,,,,,,,,,,,,
3299,1999,5,18,9,30,865,966,,,,,,,,,,,,,,,,,,,,,,,,,,,,,,,,,,,,,,,
3300,1999,5,18,10,30,989,989,,,,,,,,,,,,,,,,,,,,,,,,,,,,,,,,,,,,,,,
3301,1999,5,18,11,30,919,678,,,,,,,,,,,,,,,,,,,,,,,,,,,,,,,,,,,,,,,
3302,1999,5,18,12,30,924,680,,,,,,,,,,,,,,,,,,,,,,,,,,,,,,,,,,,,,,,
3303,1999,5,18,13,30,806,497,,,,,,,,,,,,,,,,,,,,,,,,,,,,,,,,,,,,,,,
3304,1999,5,18,14,30,575,208,,,,,,,,,,,,,,,,,,,,,,,,,,,,,,,,,,,,,,,
3305,1999,5,18,15,30,593,520,,,,,,,,,,,,,,,,,,,,,,,,,,,,,,,,,,,,,,,
3306,1999,5,18,16,30,126,2,,,,,,,,,,,,,,,,,,,,,,,,,,,,,,,,,,,,,,,
3307,1999,5,18,17,30,176,79,,,,,,,,,,,,,,,,,,,,,,,,,,,,,,,,,,,,,,,
3308,1999,5,18,18,30,44,9,,,,,,,,,,,,,,,,,,,,,,,,,,,,,,,,,,,,,,,
3309,1999,5,18,19,30,0,0,,,,,,,,,,,,,,,,,,,,,,,,,,,,,,,,,,,,,,,
3310,1999,5,18,20,30,0,0,,,,,,,,,,,,,,,,,,,,,,,,,,,,,,,,,,,,,,,
3311,1999,5,18,21,30,0,0,,,,,,,,,,,,,,,,,,,,,,,,,,,,,,,,,,,,,,,
3312,1999,5,18,22,30,0,0,,,,,,,,,,,,,,,,,,,,,,,,,,,,,,,,,,,,,,,
3313,1999,5,18,23,30,0,0,,,,,,,,,,,,,,,,,,,,,,,,,,,,,,,,,,,,,,,
3314,1999,5,19,0,30,0,0,,,,,,,,,,,,,,,,,,,,,,,,,,,,,,,,,,,,,,,
3315,1999,5,19,1,30,0,0,,,,,,,,,,,,,,,,,,,,,,,,,,,,,,,,,,,,,,,
3316,1999,5,19,2,30,0,0,,,,,,,,,,,,,,,,,,,,,,,,,,,,,,,,,,,,,,,
3317,1999,5,19,3,30,0,0,,,,,,,,,,,,,,,,,,,,,,,,,,,,,,,,,,,,,,,
3318,1999,5,19,4,30,0,0,,,,,,,,,,,,,,,,,,,,,,,,,,,,,,,,,,,,,,,
3319,1999,5,19,5,30,61,343,,,,,,,,,,,,,,,,,,,,,,,,,,,,,,,,,,,,,,,
3320,1999,5,19,6,30,257,672,,,,,,,,,,,,,,,,,,,,,,,,,,,,,,,,,,,,,,,
3321,1999,5,19,7,30,477,820,,,,,,,,,,,,,,,,,,,,,,,,,,,,,,,,,,,,,,,
3322,1999,5,19,8,30,685,906,,,,,,,,,,,,,,,,,,,,,,,,,,,,,,,,,,,,,,,
3323,1999,5,19,9,30,860,954,,,,,,,,,,,,,,,,,,,,,,,,,,,,,,,,,,,,,,,
3324,1999,5,19,10,30,985,982,,,,,,,,,,,,,,,,,,,,,,,,,,,,,,,,,,,,,,,
3325,1999,5,19,11,30,1049,990,,,,,,,,,,,,,,,,,,,,,,,,,,,,,,,,,,,,,,,
3326,1999,5,19,12,30,1053,993,,,,,,,,,,,,,,,,,,,,,,,,,,,,,,,,,,,,,,,
3327,1999,5,19,13,30,993,987,,,,,,,,,,,,,,,,,,,,,,,,,,,,,,,,,,,,,,,
3328,1999,5,19,14,30,871,955,,,,,,,,,,,,,,,,,,,,,,,,,,,,,,,,,,,,,,,
3329,1999,5,19,15,30,707,928,,,,,,,,,,,,,,,,,,,,,,,,,,,,,,,,,,,,,,,
3330,1999,5,19,16,30,506,875,,,,,,,,,,,,,,,,,,,,,,,,,,,,,,,,,,,,,,,
3331,1999,5,19,17,30,278,737,,,,,,,,,,,,,,,,,,,,,,,,,,,,,,,,,,,,,,,
3332,1999,5,19,18,30,71,420,,,,,,,,,,,,,,,,,,,,,,,,,,,,,,,,,,,,,,,
3333,1999,5,19,19,30,0,0,,,,,,,,,,,,,,,,,,,,,,,,,,,,,,,,,,,,,,,
3334,1999,5,19,20,30,0,0,,,,,,,,,,,,,,,,,,,,,,,,,,,,,,,,,,,,,,,
3335,1999,5,19,21,30,0,0,,,,,,,,,,,,,,,,,,,,,,,,,,,,,,,,,,,,,,,
3336,1999,5,19,22,30,0,0,,,,,,,,,,,,,,,,,,,,,,,,,,,,,,,,,,,,,,,
3337,1999,5,19,23,30,0,0,,,,,,,,,,,,,,,,,,,,,,,,,,,,,,,,,,,,,,,
3338,1999,5,20,0,30,0,0,,,,,,,,,,,,,,,,,,,,,,,,,,,,,,,,,,,,,,,
3339,1999,5,20,1,30,0,0,,,,,,,,,,,,,,,,,,,,,,,,,,,,,,,,,,,,,,,
3340,1999,5,20,2,30,0,0,,,,,,,,,,,,,,,,,,,,,,,,,,,,,,,,,,,,,,,
3341,1999,5,20,3,30,0,0,,,,,,,,,,,,,,,,,,,,,,,,,,,,,,,,,,,,,,,
3342,1999,5,20,4,30,0,0,,,,,,,,,,,,,,,,,,,,,,,,,,,,,,,,,,,,,,,
3343,1999,5,20,5,30,62,279,,,,,,,,,,,,,,,,,,,,,,,,,,,,,,,,,,,,,,,
3344,1999,5,20,6,30,267,657,,,,,,,,,,,,,,,,,,,,,,,,,,,,,,,,,,,,,,,
3345,1999,5,20,7,30,495,821,,,,,,,,,,,,,,,,,,,,,,,,,,,,,,,,,,,,,,,
3346,1999,5,20,8,30,709,909,,,,,,,,,,,,,,,,,,,,,,,,,,,,,,,,,,,,,,,
3347,1999,5,20,9,30,881,951,,,,,,,,,,,,,,,,,,,,,,,,,,,,,,,,,,,,,,,
3348,1999,5,20,10,30,1008,979,,,,,,,,,,,,,,,,,,,,,,,,,,,,,,,,,,,,,,,
3349,1999,5,20,11,30,1074,991,,,,,,,,,,,,,,,,,,,,,,,,,,,,,,,,,,,,,,,
3350,1999,5,20,12,30,1075,993,,,,,,,,,,,,,,,,,,,,,,,,,,,,,,,,,,,,,,,
3351,1999,5,20,13,30,1011,983,,,,,,,,,,,,,,,,,,,,,,,,,,,,,,,,,,,,,,,
3352,1999,5,20,14,30,887,961,,,,,,,,,,,,,,,,,,,,,,,,,,,,,,,,,,,,,,,
3353,1999,5,20,15,30,712,920,,,,,,,,,,,,,,,,,,,,,,,,,,,,,,,,,,,,,,,
3354,1999,5,20,16,30,502,846,,,,,,,,,,,,,,,,,,,,,,,,,,,,,,,,,,,,,,,
3355,1999,5,20,17,30,276,705,,,,,,,,,,,,,,,,,,,,,,,,,,,,,,,,,,,,,,,
3356,1999,5,20,18,30,70,367,,,,,,,,,,,,,,,,,,,,,,,,,,,,,,,,,,,,,,,
3357,1999,5,20,19,30,0,0,,,,,,,,,,,,,,,,,,,,,,,,,,,,,,,,,,,,,,,
3358,1999,5,20,20,30,0,0,,,,,,,,,,,,,,,,,,,,,,,,,,,,,,,,,,,,,,,
3359,1999,5,20,21,30,0,0,,,,,,,,,,,,,,,,,,,,,,,,,,,,,,,,,,,,,,,
3360,1999,5,20,22,30,0,0,,,,,,,,,,,,,,,,,,,,,,,,,,,,,,,,,,,,,,,
3361,1999,5,20,23,30,0,0,,,,,,,,,,,,,,,,,,,,,,,,,,,,,,,,,,,,,,,
3362,1999,5,21,0,30,0,0,,,,,,,,,,,,,,,,,,,,,,,,,,,,,,,,,,,,,,,
3363,1999,5,21,1,30,0,0,,,,,,,,,,,,,,,,,,,,,,,,,,,,,,,,,,,,,,,
3364,1999,5,21,2,30,0,0,,,,,,,,,,,,,,,,,,,,,,,,,,,,,,,,,,,,,,,
3365,1999,5,21,3,30,0,0,,,,,,,,,,,,,,,,,,,,,,,,,,,,,,,,,,,,,,,
3366,1999,5,21,4,30,0,0,,,,,,,,,,,,,,,,,,,,,,,,,,,,,,,,,,,,,,,
3367,1999,5,21,5,30,34,0,,,,,,,,,,,,,,,,,,,,,,,,,,,,,,,,,,,,,,,
3368,1999,5,21,6,30,219,204,,,,,,,,,,,,,,,,,,,,,,,,,,,,,,,,,,,,,,,
3369,1999,5,21,7,30,407,297,,,,,,,,,,,,,,,,,,,,,,,,,,,,,,,,,,,,,,,
3370,1999,5,21,8,30,433,80,,,,,,,,,,,,,,,,,,,,,,,,,,,,,,,,,,,,,,,
3371,1999,5,21,9,30,874,972,,,,,,,,,,,,,,,,,,,,,,,,,,,,,,,,,,,,,,,
3372,1999,5,21,10,30,999,996,,,,,,,,,,,,,,,,,,,,,,,,,,,,,,,,,,,,,,,
3373,1999,5,21,11,30,1059,1003,,,,,,,,,,,,,,,,,,,,,,,,,,,,,,,,,,,,,,,
3374,1999,5,21,12,30,1056,997,,,,,,,,,,,,,,,,,,,,,,,,,,,,,,,,,,,,,,,
3375,1999,5,21,13,30,883,686,,,,,,,,,,,,,,,,,,,,,,,,,,,,,,,,,,,,,,,
3376,1999,5,21,14,30,640,324,,,,,,,,,,,,,,,,,,,,,,,,,,,,,,,,,,,,,,,
3377,1999,5,21,15,30,463,115,,,,,,,,,,,,,,,,,,,,,,,,,,,,,,,,,,,,,,,
3378,1999,5,21,16,30,364,244,,,,,,,,,,,,,,,,,,,,,,,,,,,,,,,,,,,,,,,
3379,1999,5,21,17,30,261,427,,,,,,,,,,,,,,,,,,,,,,,,,,,,,,,,,,,,,,,
3380,1999,5,21,18,30,47,7,,,,,,,,,,,,,,,,,,,,,,,,,,,,,,,,,,,,,,,
3381,1999,5,21,19,30,0,0,,,,,,,,,,,,,,,,,,,,,,,,,,,,,,,,,,,,,,,
3382,1999,5,21,20,30,0,0,,,,,,,,,,,,,,,,,,,,,,,,,,,,,,,,,,,,,,,
3383,1999,5,21,21,30,0,0,,,,,,,,,,,,,,,,,,,,,,,,,,,,,,,,,,,,,,,
3384,1999,5,21,22,30,0,0,,,,,,,,,,,,,,,,,,,,,,,,,,,,,,,,,,,,,,,
3385,1999,5,21,23,30,0,0,,,,,,,,,,,,,,,,,,,,,,,,,,,,,,,,,,,,,,,
3386,1999,5,22,0,30,0,0,,,,,,,,,,,,,,,,,,,,,,,,,,,,,,,,,,,,,,,
3387,1999,5,22,1,30,0,0,,,,,,,,,,,,,,,,,,,,,,,,,,,,,,,,,,,,,,,
3388,1999,5,22,2,30,0,0,,,,,,,,,,,,,,,,,,,,,,,,,,,,,,,,,,,,,,,
3389,1999,5,22,3,30,0,0,,,,,,,,,,,,,,,,,,,,,,,,,,,,,,,,,,,,,,,
3390,1999,5,22,4,30,0,0,,,,,,,,,,,,,,,,,,,,,,,,,,,,,,,,,,,,,,,
3391,1999,5,22,5,30,66,360,,,,,,,,,,,,,,,,,,,,,,,,,,,,,,,,,,,,,,,
3392,1999,5,22,6,30,264,682,,,,,,,,,,,,,,,,,,,,,,,,,,,,,,,,,,,,,,,
3393,1999,5,22,7,30,486,829,,,,,,,,,,,,,,,,,,,,,,,,,,,,,,,,,,,,,,,
3394,1999,5,22,8,30,690,898,,,,,,,,,,,,,,,,,,,,,,,,,,,,,,,,,,,,,,,
3395,1999,5,22,9,30,862,941,,,,,,,,,,,,,,,,,,,,,,,,,,,,,,,,,,,,,,,
3396,1999,5,22,10,30,985,967,,,,,,,,,,,,,,,,,,,,,,,,,,,,,,,,,,,,,,,
3397,1999,5,22,11,30,143,0,,,,,,,,,,,,,,,,,,,,,,,,,,,,,,,,,,,,,,,
3398,1999,5,22,12,30,601,146,,,,,,,,,,,,,,,,,,,,,,,,,,,,,,,,,,,,,,,
3399,1999,5,22,13,30,941,642,,,,,,,,,,,,,,,,,,,,,,,,,,,,,,,,,,,,,,,
3400,1999,5,22,14,30,619,273,,,,,,,,,,,,,,,,,,,,,,,,,,,,,,,,,,,,,,,
3401,1999,5,22,15,30,68,0,,,,,,,,,,,,,,,,,,,,,,,,,,,,,,,,,,,,,,,
3402,1999,5,22,16,30,377,287,,,,,,,,,,,,,,,,,,,,,,,,,,,,,,,,,,,,,,,
3403,1999,5,22,17,30,59,1,,,,,,,,,,,,,,,,,,,,,,,,,,,,,,,,,,,,,,,
3404,1999,5,22,18,30,42,3,,,,,,,,,,,,,,,,,,,,,,,,,,,,,,,,,,,,,,,
3405,1999,5,22,19,30,0,0,,,,,,,,,,,,,,,,,,,,,,,,,,,,,,,,,,,,,,,
3406,1999,5,22,20,30,0,0,,,,,,,,,,,,,,,,,,,,,,,,,,,,,,,,,,,,,,,
3407,1999,5,22,21,30,0,0,,,,,,,,,,,,,,,,,,,,,,,,,,,,,,,,,,,,,,,
3408,1999,5,22,22,30,0,0,,,,,,,,,,,,,,,,,,,,,,,,,,,,,,,,,,,,,,,
3409,1999,5,22,23,30,0,0,,,,,,,,,,,,,,,,,,,,,,,,,,,,,,,,,,,,,,,
3410,1999,5,23,0,30,0,0,,,,,,,,,,,,,,,,,,,,,,,,,,,,,,,,,,,,,,,
3411,1999,5,23,1,30,0,0,,,,,,,,,,,,,,,,,,,,,,,,,,,,,,,,,,,,,,,
3412,1999,5,23,2,30,0,0,,,,,,,,,,,,,,,,,,,,,,,,,,,,,,,,,,,,,,,
3413,1999,5,23,3,30,0,0,,,,,,,,,,,,,,,,,,,,,,,,,,,,,,,,,,,,,,,
3414,1999,5,23,4,30,0,0,,,,,,,,,,,,,,,,,,,,,,,,,,,,,,,,,,,,,,,
3415,1999,5,23,5,30,39,3,,,,,,,,,,,,,,,,,,,,,,,,,,,,,,,,,,,,,,,
3416,1999,5,23,6,30,42,0,,,,,,,,,,,,,,,,,,,,,,,,,,,,,,,,,,,,,,,
3417,1999,5,23,7,30,157,0,,,,,,,,,,,,,,,,,,,,,,,,,,,,,,,,,,,,,,,
3418,1999,5,23,8,30,675,857,,,,,,,,,,,,,,,,,,,,,,,,,,,,,,,,,,,,,,,
3419,1999,5,23,9,30,839,887,,,,,,,,,,,,,,,,,,,,,,,,,,,,,,,,,,,,,,,
3420,1999,5,23,10,30,950,886,,,,,,,,,,,,,,,,,,,,,,,,,,,,,,,,,,,,,,,
3421,1999,5,23,11,30,1013,897,,,,,,,,,,,,,,,,,,,,,,,,,,,,,,,,,,,,,,,
3422,1999,5,23,12,30,119,0,,,,,,,,,,,,,,,,,,,,,,,,,,,,,,,,,,,,,,,
3423,1999,5,23,13,30,675,233,,,,,,,,,,,,,,,,,,,,,,,,,,,,,,,,,,,,,,,
3424,1999,5,23,14,30,426,51,,,,,,,,,,,,,,,,,,,,,,,,,,,,,,,,,,,,,,,
3425,1999,5,23,15,30,37,0,,,,,,,,,,,,,,,,,,,,,,,,,,,,,,,,,,,,,,,
3426,1999,5,23,16,30,10,0,,,,,,,,,,,,,,,,,,,,,,,,,,,,,,,,,,,,,,,
3427,1999,5,23,17,30,7,0,,,,,,,,,,,,,,,,,,,,,,,,,,,,,,,,,,,,,,,
3428,1999,5,23,18,30,49,10,,,,,,,,,,,,,,,,,,,,,,,,,,,,,,,,,,,,,,,
3429,1999,5,23,19,30,0,0,,,,,,,,,,,,,,,,,,,,,,,,,,,,,,,,,,,,,,,
3430,1999,5,23,20,30,0,0,,,,,,,,,,,,,,,,,,,,,,,,,,,,,,,,,,,,,,,
3431,1999,5,23,21,30,0,0,,,,,,,,,,,,,,,,,,,,,,,,,,,,,,,,,,,,,,,
3432,1999,5,23,22,30,0,0,,,,,,,,,,,,,,,,,,,,,,,,,,,,,,,,,,,,,,,
3433,1999,5,23,23,30,0,0,,,,,,,,,,,,,,,,,,,,,,,,,,,,,,,,,,,,,,,
3434,1999,5,24,0,30,0,0,,,,,,,,,,,,,,,,,,,,,,,,,,,,,,,,,,,,,,,
3435,1999,5,24,1,30,0,0,,,,,,,,,,,,,,,,,,,,,,,,,,,,,,,,,,,,,,,
3436,1999,5,24,2,30,0,0,,,,,,,,,,,,,,,,,,,,,,,,,,,,,,,,,,,,,,,
3437,1999,5,24,3,30,0,0,,,,,,,,,,,,,,,,,,,,,,,,,,,,,,,,,,,,,,,
3438,1999,5,24,4,30,0,0,,,,,,,,,,,,,,,,,,,,,,,,,,,,,,,,,,,,,,,
3439,1999,5,24,5,30,40,1,,,,,,,,,,,,,,,,,,,,,,,,,,,,,,,,,,,,,,,
3440,1999,5,24,6,30,180,41,,,,,,,,,,,,,,,,,,,,,,,,,,,,,,,,,,,,,,,
3441,1999,5,24,7,30,468,752,,,,,,,,,,,,,,,,,,,,,,,,,,,,,,,,,,,,,,,
3442,1999,5,24,8,30,509,170,,,,,,,,,,,,,,,,,,,,,,,,,,,,,,,,,,,,,,,
3443,1999,5,24,9,30,724,368,,,,,,,,,,,,,,,,,,,,,,,,,,,,,,,,,,,,,,,
3444,1999,5,24,10,30,904,731,,,,,,,,,,,,,,,,,,,,,,,,,,,,,,,,,,,,,,,
3445,1999,5,24,11,30,907,616,,,,,,,,,,,,,,,,,,,,,,,,,,,,,,,,,,,,,,,
3446,1999,5,24,12,30,1024,932,,,,,,,,,,,,,,,,,,,,,,,,,,,,,,,,,,,,,,,
3447,1999,5,24,13,30,59,0,,,,,,,,,,,,,,,,,,,,,,,,,,,,,,,,,,,,,,,
3448,1999,5,24,14,30,54,0,,,,,,,,,,,,,,,,,,,,,,,,,,,,,,,,,,,,,,,
3449,1999,5,24,15,30,19,0,,,,,,,,,,,,,,,,,,,,,,,,,,,,,,,,,,,,,,,
3450,1999,5,24,16,30,10,0,,,,,,,,,,,,,,,,,,,,,,,,,,,,,,,,,,,,,,,
3451,1999,5,24,17,30,13,0,,,,,,,,,,,,,,,,,,,,,,,,,,,,,,,,,,,,,,,
3452,1999,5,24,18,30,24,0,,,,,,,,,,,,,,,,,,,,,,,,,,,,,,,,,,,,,,,
3453,1999,5,24,19,30,0,0,,,,,,,,,,,,,,,,,,,,,,,,,,,,,,,,,,,,,,,
3454,1999,5,24,20,30,0,0,,,,,,,,,,,,,,,,,,,,,,,,,,,,,,,,,,,,,,,
3455,1999,5,24,21,30,0,0,,,,,,,,,,,,,,,,,,,,,,,,,,,,,,,,,,,,,,,
3456,1999,5,24,22,30,0,0,,,,,,,,,,,,,,,,,,,,,,,,,,,,,,,,,,,,,,,
3457,1999,5,24,23,30,0,0,,,,,,,,,,,,,,,,,,,,,,,,,,,,,,,,,,,,,,,
3458,1999,5,25,0,30,0,0,,,,,,,,,,,,,,,,,,,,,,,,,,,,,,,,,,,,,,,
3459,1999,5,25,1,30,0,0,,,,,,,,,,,,,,,,,,,,,,,,,,,,,,,,,,,,,,,
3460,1999,5,25,2,30,0,0,,,,,,,,,,,,,,,,,,,,,,,,,,,,,,,,,,,,,,,
3461,1999,5,25,3,30,0,0,,,,,,,,,,,,,,,,,,,,,,,,,,,,,,,,,,,,,,,
3462,1999,5,25,4,30,0,0,,,,,,,,,,,,,,,,,,,,,,,,,,,,,,,,,,,,,,,
3463,1999,5,25,5,30,68,325,,,,,,,,,,,,,,,,,,,,,,,,,,,,,,,,,,,,,,,
3464,1999,5,25,6,30,264,650,,,,,,,,,,,,,,,,,,,,,,,,,,,,,,,,,,,,,,,
3465,1999,5,25,7,30,484,805,,,,,,,,,,,,,,,,,,,,,,,,,,,,,,,,,,,,,,,
3466,1999,5,25,8,30,689,886,,,,,,,,,,,,,,,,,,,,,,,,,,,,,,,,,,,,,,,
3467,1999,5,25,9,30,857,927,,,,,,,,,,,,,,,,,,,,,,,,,,,,,,,,,,,,,,,
3468,1999,5,25,10,30,979,952,,,,,,,,,,,,,,,,,,,,,,,,,,,,,,,,,,,,,,,
3469,1999,5,25,11,30,952,839,,,,,,,,,,,,,,,,,,,,,,,,,,,,,,,,,,,,,,,
3470,1999,5,25,12,30,1047,969,,,,,,,,,,,,,,,,,,,,,,,,,,,,,,,,,,,,,,,
3471,1999,5,25,13,30,984,956,,,,,,,,,,,,,,,,,,,,,,,,,,,,,,,,,,,,,,,
3472,1999,5,25,14,30,867,935,,,,,,,,,,,,,,,,,,,,,,,,,,,,,,,,,,,,,,,
3473,1999,5,25,15,30,61,0,,,,,,,,,,,,,,,,,,,,,,,,,,,,,,,,,,,,,,,
3474,1999,5,25,16,30,47,0,,,,,,,,,,,,,,,,,,,,,,,,,,,,,,,,,,,,,,,
3475,1999,5,25,17,30,168,17,,,,,,,,,,,,,,,,,,,,,,,,,,,,,,,,,,,,,,,
3476,1999,5,25,18,30,47,1,,,,,,,,,,,,,,,,,,,,,,,,,,,,,,,,,,,,,,,
3477,1999,5,25,19,30,0,0,,,,,,,,,,,,,,,,,,,,,,,,,,,,,,,,,,,,,,,
3478,1999,5,25,20,30,0,0,,,,,,,,,,,,,,,,,,,,,,,,,,,,,,,,,,,,,,,
3479,1999,5,25,21,30,0,0,,,,,,,,,,,,,,,,,,,,,,,,,,,,,,,,,,,,,,,
3480,1999,5,25,22,30,0,0,,,,,,,,,,,,,,,,,,,,,,,,,,,,,,,,,,,,,,,
3481,1999,5,25,23,30,0,0,,,,,,,,,,,,,,,,,,,,,,,,,,,,,,,,,,,,,,,
3482,1999,5,26,0,30,0,0,,,,,,,,,,,,,,,,,,,,,,,,,,,,,,,,,,,,,,,
3483,1999,5,26,1,30,0,0,,,,,,,,,,,,,,,,,,,,,,,,,,,,,,,,,,,,,,,
3484,1999,5,26,2,30,0,0,,,,,,,,,,,,,,,,,,,,,,,,,,,,,,,,,,,,,,,
3485,1999,5,26,3,30,0,0,,,,,,,,,,,,,,,,,,,,,,,,,,,,,,,,,,,,,,,
3486,1999,5,26,4,30,0,0,,,,,,,,,,,,,,,,,,,,,,,,,,,,,,,,,,,,,,,
3487,1999,5,26,5,30,35,0,,,,,,,,,,,,,,,,,,,,,,,,,,,,,,,,,,,,,,,
3488,1999,5,26,6,30,97,1,,,,,,,,,,,,,,,,,,,,,,,,,,,,,,,,,,,,,,,
3489,1999,5,26,7,30,206,3,,,,,,,,,,,,,,,,,,,,,,,,,,,,,,,,,,,,,,,
3490,1999,5,26,8,30,682,868,,,,,,,,,,,,,,,,,,,,,,,,,,,,,,,,,,,,,,,
3491,1999,5,26,9,30,801,707,,,,,,,,,,,,,,,,,,,,,,,,,,,,,,,,,,,,,,,
3492,1999,5,26,10,30,903,698,,,,,,,,,,,,,,,,,,,,,,,,,,,,,,,,,,,,,,,
3493,1999,5,26,11,30,365,7,,,,,,,,,,,,,,,,,,,,,,,,,,,,,,,,,,,,,,,
3494,1999,5,26,12,30,82,0,,,,,,,,,,,,,,,,,,,,,,,,,,,,,,,,,,,,,,,
3495,1999,5,26,13,30,462,27,,,,,,,,,,,,,,,,,,,,,,,,,,,,,,,,,,,,,,,
3496,1999,5,26,14,30,757,601,,,,,,,,,,,,,,,,,,,,,,,,,,,,,,,,,,,,,,,
3497,1999,5,26,15,30,686,860,,,,,,,,,,,,,,,,,,,,,,,,,,,,,,,,,,,,,,,
3498,1999,5,26,16,30,30,0,,,,,,,,,,,,,,,,,,,,,,,,,,,,,,,,,,,,,,,
3499,1999,5,26,17,30,182,76,,,,,,,,,,,,,,,,,,,,,,,,,,,,,,,,,,,,,,,
3500,1999,5,26,18,30,53,12,,,,,,,,,,,,,,,,,,,,,,,,,,,,,,,,,,,,,,,
3501,1999,5,26,19,30,0,0,,,,,,,,,,,,,,,,,,,,,,,,,,,,,,,,,,,,,,,
3502,1999,5,26,20,30,0,0,,,,,,,,,,,,,,,,,,,,,,,,,,,,,,,,,,,,,,,
3503,1999,5,26,21,30,0,0,,,,,,,,,,,,,,,,,,,,,,,,,,,,,,,,,,,,,,,
3504,1999,5,26,22,30,0,0,,,,,,,,,,,,,,,,,,,,,,,,,,,,,,,,,,,,,,,
3505,1999,5,26,23,30,0,0,,,,,,,,,,,,,,,,,,,,,,,,,,,,,,,,,,,,,,,
3506,1999,5,27,0,30,0,0,,,,,,,,,,,,,,,,,,,,,,,,,,,,,,,,,,,,,,,
3507,1999,5,27,1,30,0,0,,,,,,,,,,,,,,,,,,,,,,,,,,,,,,,,,,,,,,,
3508,1999,5,27,2,30,0,0,,,,,,,,,,,,,,,,,,,,,,,,,,,,,,,,,,,,,,,
3509,1999,5,27,3,30,0,0,,,,,,,,,,,,,,,,,,,,,,,,,,,,,,,,,,,,,,,
3510,1999,5,27,4,30,0,0,,,,,,,,,,,,,,,,,,,,,,,,,,,,,,,,,,,,,,,
3511,1999,5,27,5,30,42,1,,,,,,,,,,,,,,,,,,,,,,,,,,,,,,,,,,,,,,,
3512,1999,5,27,6,30,263,638,,,,,,,,,,,,,,,,,,,,,,,,,,,,,,,,,,,,,,,
3513,1999,5,27,7,30,478,783,,,,,,,,,,,,,,,,,,,,,,,,,,,,,,,,,,,,,,,
3514,1999,5,27,8,30,679,861,,,,,,,,,,,,,,,,,,,,,,,,,,,,,,,,,,,,,,,
3515,1999,5,27,9,30,847,902,,,,,,,,,,,,,,,,,,,,,,,,,,,,,,,,,,,,,,,
3516,1999,5,27,10,30,969,928,,,,,,,,,,,,,,,,,,,,,,,,,,,,,,,,,,,,,,,
3517,1999,5,27,11,30,465,7,,,,,,,,,,,,,,,,,,,,,,,,,,,,,,,,,,,,,,,
3518,1999,5,27,12,30,1034,944,,,,,,,,,,,,,,,,,,,,,,,,,,,,,,,,,,,,,,,
3519,1999,5,27,13,30,658,217,,,,,,,,,,,,,,,,,,,,,,,,,,,,,,,,,,,,,,,
3520,1999,5,27,14,30,76,0,,,,,,,,,,,,,,,,,,,,,,,,,,,,,,,,,,,,,,,
3521,1999,5,27,15,30,590,499,,,,,,,,,,,,,,,,,,,,,,,,,,,,,,,,,,,,,,,
3522,1999,5,27,16,30,424,448,,,,,,,,,,,,,,,,,,,,,,,,,,,,,,,,,,,,,,,
3523,1999,5,27,17,30,173,74,,,,,,,,,,,,,,,,,,,,,,,,,,,,,,,,,,,,,,,
3524,1999,5,27,18,30,40,2,,,,,,,,,,,,,,,,,,,,,,,,,,,,,,,,,,,,,,,
3525,1999,5,27,19,30,0,0,,,,,,,,,,,,,,,,,,,,,,,,,,,,,,,,,,,,,,,
3526,1999,5,27,20,30,0,0,,,,,,,,,,,,,,,,,,,,,,,,,,,,,,,,,,,,,,,
3527,1999,5,27,21,30,0,0,,,,,,,,,,,,,,,,,,,,,,,,,,,,,,,,,,,,,,,
3528,1999,5,27,22,30,0,0,,,,,,,,,,,,,,,,,,,,,,,,,,,,,,,,,,,,,,,
3529,1999,5,27,23,30,0,0,,,,,,,,,,,,,,,,,,,,,,,,,,,,,,,,,,,,,,,
3530,1999,5,28,0,30,0,0,,,,,,,,,,,,,,,,,,,,,,,,,,,,,,,,,,,,,,,
3531,1999,5,28,1,30,0,0,,,,,,,,,,,,,,,,,,,,,,,,,,,,,,,,,,,,,,,
3532,1999,5,28,2,30,0,0,,,,,,,,,,,,,,,,,,,,,,,,,,,,,,,,,,,,,,,
3533,1999,5,28,3,30,0,0,,,,,,,,,,,,,,,,,,,,,,,,,,,,,,,,,,,,,,,
3534,1999,5,28,4,30,0,0,,,,,,,,,,,,,,,,,,,,,,,,,,,,,,,,,,,,,,,
3535,1999,5,28,5,30,70,332,,,,,,,,,,,,,,,,,,,,,,,,,,,,,,,,,,,,,,,
3536,1999,5,28,6,30,211,148,,,,,,,,,,,,,,,,,,,,,,,,,,,,,,,,,,,,,,,
3537,1999,5,28,7,30,315,63,,,,,,,,,,,,,,,,,,,,,,,,,,,,,,,,,,,,,,,
3538,1999,5,28,8,30,329,15,,,,,,,,,,,,,,,,,,,,,,,,,,,,,,,,,,,,,,,
3539,1999,5,28,9,30,608,165,,,,,,,,,,,,,,,,,,,,,,,,,,,,,,,,,,,,,,,
3540,1999,5,28,10,30,966,935,,,,,,,,,,,,,,,,,,,,,,,,,,,,,,,,,,,,,,,
3541,1999,5,28,11,30,1032,957,,,,,,,,,,,,,,,,,,,,,,,,,,,,,,,,,,,,,,,
3542,1999,5,28,12,30,1034,958,,,,,,,,,,,,,,,,,,,,,,,,,,,,,,,,,,,,,,,
3543,1999,5,28,13,30,545,124,,,,,,,,,,,,,,,,,,,,,,,,,,,,,,,,,,,,,,,
3544,1999,5,28,14,30,531,189,,,,,,,,,,,,,,,,,,,,,,,,,,,,,,,,,,,,,,,
3545,1999,5,28,15,30,60,0,,,,,,,,,,,,,,,,,,,,,,,,,,,,,,,,,,,,,,,
3546,1999,5,28,16,30,11,0,,,,,,,,,,,,,,,,,,,,,,,,,,,,,,,,,,,,,,,
3547,1999,5,28,17,30,15,0,,,,,,,,,,,,,,,,,,,,,,,,,,,,,,,,,,,,,,,
3548,1999,5,28,18,30,23,0,,,,,,,,,,,,,,,,,,,,,,,,,,,,,,,,,,,,,,,
3549,1999,5,28,19,30,0,0,,,,,,,,,,,,,,,,,,,,,,,,,,,,,,,,,,,,,,,
3550,1999,5,28,20,30,0,0,,,,,,,,,,,,,,,,,,,,,,,,,,,,,,,,,,,,,,,
3551,1999,5,28,21,30,0,0,,,,,,,,,,,,,,,,,,,,,,,,,,,,,,,,,,,,,,,
3552,1999,5,28,22,30,0,0,,,,,,,,,,,,,,,,,,,,,,,,,,,,,,,,,,,,,,,
3553,1999,5,28,23,30,0,0,,,,,,,,,,,,,,,,,,,,,,,,,,,,,,,,,,,,,,,
3554,1999,5,29,0,30,0,0,,,,,,,,,,,,,,,,,,,,,,,,,,,,,,,,,,,,,,,
3555,1999,5,29,1,30,0,0,,,,,,,,,,,,,,,,,,,,,,,,,,,,,,,,,,,,,,,
3556,1999,5,29,2,30,0,0,,,,,,,,,,,,,,,,,,,,,,,,,,,,,,,,,,,,,,,
3557,1999,5,29,3,30,0,0,,,,,,,,,,,,,,,,,,,,,,,,,,,,,,,,,,,,,,,
3558,1999,5,29,4,30,0,0,,,,,,,,,,,,,,,,,,,,,,,,,,,,,,,,,,,,,,,
3559,1999,5,29,5,30,40,3,,,,,,,,,,,,,,,,,,,,,,,,,,,,,,,,,,,,,,,
3560,1999,5,29,6,30,148,26,,,,,,,,,,,,,,,,,,,,,,,,,,,,,,,,,,,,,,,
3561,1999,5,29,7,30,289,74,,,,,,,,,,,,,,,,,,,,,,,,,,,,,,,,,,,,,,,
3562,1999,5,29,8,30,595,494,,,,,,,,,,,,,,,,,,,,,,,,,,,,,,,,,,,,,,,
3563,1999,5,29,9,30,793,801,,,,,,,,,,,,,,,,,,,,,,,,,,,,,,,,,,,,,,,
3564,1999,5,29,10,30,896,823,,,,,,,,,,,,,,,,,,,,,,,,,,,,,,,,,,,,,,,
3565,1999,5,29,11,30,970,757,,,,,,,,,,,,,,,,,,,,,,,,,,,,,,,,,,,,,,,
3566,1999,5,29,12,30,980,798,,,,,,,,,,,,,,,,,,,,,,,,,,,,,,,,,,,,,,,
3567,1999,5,29,13,30,800,487,,,,,,,,,,,,,,,,,,,,,,,,,,,,,,,,,,,,,,,
3568,1999,5,29,14,30,798,698,,,,,,,,,,,,,,,,,,,,,,,,,,,,,,,,,,,,,,,
3569,1999,5,29,15,30,693,879,,,,,,,,,,,,,,,,,,,,,,,,,,,,,,,,,,,,,,,
3570,1999,5,29,16,30,455,583,,,,,,,,,,,,,,,,,,,,,,,,,,,,,,,,,,,,,,,
3571,1999,5,29,17,30,13,0,,,,,,,,,,,,,,,,,,,,,,,,,,,,,,,,,,,,,,,
3572,1999,5,29,18,30,47,3,,,,,,,,,,,,,,,,,,,,,,,,,,,,,,,,,,,,,,,
3573,1999,5,29,19,30,0,0,,,,,,,,,,,,,,,,,,,,,,,,,,,,,,,,,,,,,,,
3574,1999,5,29,20,30,0,0,,,,,,,,,,,,,,,,,,,,,,,,,,,,,,,,,,,,,,,
3575,1999,5,29,21,30,0,0,,,,,,,,,,,,,,,,,,,,,,,,,,,,,,,,,,,,,,,
3576,1999,5,29,22,30,0,0,,,,,,,,,,,,,,,,,,,,,,,,,,,,,,,,,,,,,,,
3577,1999,5,29,23,30,0,0,,,,,,,,,,,,,,,,,,,,,,,,,,,,,,,,,,,,,,,
3578,1999,5,30,0,30,0,0,,,,,,,,,,,,,,,,,,,,,,,,,,,,,,,,,,,,,,,
3579,1999,5,30,1,30,0,0,,,,,,,,,,,,,,,,,,,,,,,,,,,,,,,,,,,,,,,
3580,1999,5,30,2,30,0,0,,,,,,,,,,,,,,,,,,,,,,,,,,,,,,,,,,,,,,,
3581,1999,5,30,3,30,0,0,,,,,,,,,,,,,,,,,,,,,,,,,,,,,,,,,,,,,,,
3582,1999,5,30,4,30,0,0,,,,,,,,,,,,,,,,,,,,,,,,,,,,,,,,,,,,,,,
3583,1999,5,30,5,30,45,1,,,,,,,,,,,,,,,,,,,,,,,,,,,,,,,,,,,,,,,
3584,1999,5,30,6,30,278,713,,,,,,,,,,,,,,,,,,,,,,,,,,,,,,,,,,,,,,,
3585,1999,5,30,7,30,496,845,,,,,,,,,,,,,,,,,,,,,,,,,,,,,,,,,,,,,,,
3586,1999,5,30,8,30,700,919,,,,,,,,,,,,,,,,,,,,,,,,,,,,,,,,,,,,,,,
3587,1999,5,30,9,30,870,956,,,,,,,,,,,,,,,,,,,,,,,,,,,,,,,,,,,,,,,
3588,1999,5,30,10,30,995,982,,,,,,,,,,,,,,,,,,,,,,,,,,,,,,,,,,,,,,,
3589,1999,5,30,11,30,752,286,,,,,,,,,,,,,,,,,,,,,,,,,,,,,,,,,,,,,,,
3590,1999,5,30,12,30,869,319,,,,,,,,,,,,,,,,,,,,,,,,,,,,,,,,,,,,,,,
3591,1999,5,30,13,30,950,815,,,,,,,,,,,,,,,,,,,,,,,,,,,,,,,,,,,,,,,
3592,1999,5,30,14,30,679,234,,,,,,,,,,,,,,,,,,,,,,,,,,,,,,,,,,,,,,,
3593,1999,5,30,15,30,592,547,,,,,,,,,,,,,,,,,,,,,,,,,,,,,,,,,,,,,,,
3594,1999,5,30,16,30,348,168,,,,,,,,,,,,,,,,,,,,,,,,,,,,,,,,,,,,,,,
3595,1999,5,30,17,30,212,587,,,,,,,,,,,,,,,,,,,,,,,,,,,,,,,,,,,,,,,
3596,1999,5,30,18,30,61,15,,,,,,,,,,,,,,,,,,,,,,,,,,,,,,,,,,,,,,,
3597,1999,5,30,19,30,0,0,,,,,,,,,,,,,,,,,,,,,,,,,,,,,,,,,,,,,,,
3598,1999,5,30,20,30,0,0,,,,,,,,,,,,,,,,,,,,,,,,,,,,,,,,,,,,,,,
3599,1999,5,30,21,30,0,0,,,,,,,,,,,,,,,,,,,,,,,,,,,,,,,,,,,,,,,
3600,1999,5,30,22,30,0,0,,,,,,,,,,,,,,,,,,,,,,,,,,,,,,,,,,,,,,,
3601,1999,5,30,23,30,0,0,,,,,,,,,,,,,,,,,,,,,,,,,,,,,,,,,,,,,,,
3602,1999,5,31,0,30,0,0,,,,,,,,,,,,,,,,,,,,,,,,,,,,,,,,,,,,,,,
3603,1999,5,31,1,30,0,0,,,,,,,,,,,,,,,,,,,,,,,,,,,,,,,,,,,,,,,
3604,1999,5,31,2,30,0,0,,,,,,,,,,,,,,,,,,,,,,,,,,,,,,,,,,,,,,,
3605,1999,5,31,3,30,0,0,,,,,,,,,,,,,,,,,,,,,,,,,,,,,,,,,,,,,,,
3606,1999,5,31,4,30,0,0,,,,,,,,,,,,,,,,,,,,,,,,,,,,,,,,,,,,,,,
3607,1999,5,31,5,30,57,14,,,,,,,,,,,,,,,,,,,,,,,,,,,,,,,,,,,,,,,
3608,1999,5,31,6,30,258,446,,,,,,,,,,,,,,,,,,,,,,,,,,,,,,,,,,,,,,,
3609,1999,5,31,7,30,431,549,,,,,,,,,,,,,,,,,,,,,,,,,,,,,,,,,,,,,,,
3610,1999,5,31,8,30,703,929,,,,,,,,,,,,,,,,,,,,,,,,,,,,,,,,,,,,,,,
3611,1999,5,31,9,30,871,968,,,,,,,,,,,,,,,,,,,,,,,,,,,,,,,,,,,,,,,
3612,1999,5,31,10,30,659,230,,,,,,,,,,,,,,,,,,,,,,,,,,,,,,,,,,,,,,,
3613,1999,5,31,11,30,969,748,,,,,,,,,,,,,,,,,,,,,,,,,,,,,,,,,,,,,,,
3614,1999,5,31,12,30,894,580,,,,,,,,,,,,,,,,,,,,,,,,,,,,,,,,,,,,,,,
3615,1999,5,31,13,30,911,765,,,,,,,,,,,,,,,,,,,,,,,,,,,,,,,,,,,,,,,
3616,1999,5,31,14,30,669,422,,,,,,,,,,,,,,,,,,,,,,,,,,,,,,,,,,,,,,,
3617,1999,5,31,15,30,629,604,,,,,,,,,,,,,,,,,,,,,,,,,,,,,,,,,,,,,,,
3618,1999,5,31,16,30,439,481,,,,,,,,,,,,,,,,,,,,,,,,,,,,,,,,,,,,,,,
3619,1999,5,31,17,30,293,735,,,,,,,,,,,,,,,,,,,,,,,,,,,,,,,,,,,,,,,
3620,1999,5,31,18,30,89,462,,,,,,,,,,,,,,,,,,,,,,,,,,,,,,,,,,,,,,,
3621,1999,5,31,19,30,0,0,,,,,,,,,,,,,,,,,,,,,,,,,,,,,,,,,,,,,,,
3622,1999,5,31,20,30,0,0,,,,,,,,,,,,,,,,,,,,,,,,,,,,,,,,,,,,,,,
3623,1999,5,31,21,30,0,0,,,,,,,,,,,,,,,,,,,,,,,,,,,,,,,,,,,,,,,
3624,1999,5,31,22,30,0,0,,,,,,,,,,,,,,,,,,,,,,,,,,,,,,,,,,,,,,,
3625,1999,5,31,23,30,0,0,,,,,,,,,,,,,,,,,,,,,,,,,,,,,,,,,,,,,,,
3626,1999,6,1,0,30,0,0,,,,,,,,,,,,,,,,,,,,,,,,,,,,,,,,,,,,,,,
3627,1999,6,1,1,30,0,0,,,,,,,,,,,,,,,,,,,,,,,,,,,,,,,,,,,,,,,
3628,1999,6,1,2,30,0,0,,,,,,,,,,,,,,,,,,,,,,,,,,,,,,,,,,,,,,,
3629,1999,6,1,3,30,0,0,,,,,,,,,,,,,,,,,,,,,,,,,,,,,,,,,,,,,,,
3630,1999,6,1,4,30,0,0,,,,,,,,,,,,,,,,,,,,,,,,,,,,,,,,,,,,,,,
3631,1999,6,1,5,30,84,481,,,,,,,,,,,,,,,,,,,,,,,,,,,,,,,,,,,,,,,
3632,1999,6,1,6,30,291,773,,,,,,,,,,,,,,,,,,,,,,,,,,,,,,,,,,,,,,,
3633,1999,6,1,7,30,515,897,,,,,,,,,,,,,,,,,,,,,,,,,,,,,,,,,,,,,,,
3634,1999,6,1,8,30,723,962,,,,,,,,,,,,,,,,,,,,,,,,,,,,,,,,,,,,,,,
3635,1999,6,1,9,30,896,1000,,,,,,,,,,,,,,,,,,,,,,,,,,,,,,,,,,,,,,,
3636,1999,6,1,10,30,1021,1021,,,,,,,,,,,,,,,,,,,,,,,,,,,,,,,,,,,,,,,
3637,1999,6,1,11,30,1087,1033,,,,,,,,,,,,,,,,,,,,,,,,,,,,,,,,,,,,,,,
3638,1999,6,1,12,30,1083,1028,,,,,,,,,,,,,,,,,,,,,,,,,,,,,,,,,,,,,,,
3639,1999,6,1,13,30,982,723,,,,,,,,,,,,,,,,,,,,,,,,,,,,,,,,,,,,,,,
3640,1999,6,1,14,30,902,1003,,,,,,,,,,,,,,,,,,,,,,,,,,,,,,,,,,,,,,,
3641,1999,6,1,15,30,733,967,,,,,,,,,,,,,,,,,,,,,,,,,,,,,,,,,,,,,,,
3642,1999,6,1,16,30,525,899,,,,,,,,,,,,,,,,,,,,,,,,,,,,,,,,,,,,,,,
3643,1999,6,1,17,30,303,779,,,,,,,,,,,,,,,,,,,,,,,,,,,,,,,,,,,,,,,
3644,1999,6,1,18,30,95,507,,,,,,,,,,,,,,,,,,,,,,,,,,,,,,,,,,,,,,,
3645,1999,6,1,19,30,0,0,,,,,,,,,,,,,,,,,,,,,,,,,,,,,,,,,,,,,,,
3646,1999,6,1,20,30,0,0,,,,,,,,,,,,,,,,,,,,,,,,,,,,,,,,,,,,,,,
3647,1999,6,1,21,30,0,0,,,,,,,,,,,,,,,,,,,,,,,,,,,,,,,,,,,,,,,
3648,1999,6,1,22,30,0,0,,,,,,,,,,,,,,,,,,,,,,,,,,,,,,,,,,,,,,,
3649,1999,6,1,23,30,0,0,,,,,,,,,,,,,,,,,,,,,,,,,,,,,,,,,,,,,,,
3650,1999,6,2,0,30,0,0,,,,,,,,,,,,,,,,,,,,,,,,,,,,,,,,,,,,,,,
3651,1999,6,2,1,30,0,0,,,,,,,,,,,,,,,,,,,,,,,,,,,,,,,,,,,,,,,
3652,1999,6,2,2,30,0,0,,,,,,,,,,,,,,,,,,,,,,,,,,,,,,,,,,,,,,,
3653,1999,6,2,3,30,0,0,,,,,,,,,,,,,,,,,,,,,,,,,,,,,,,,,,,,,,,
3654,1999,6,2,4,30,0,0,,,,,,,,,,,,,,,,,,,,,,,,,,,,,,,,,,,,,,,
3655,1999,6,2,5,30,29,0,,,,,,,,,,,,,,,,,,,,,,,,,,,,,,,,,,,,,,,
3656,1999,6,2,6,30,194,121,,,,,,,,,,,,,,,,,,,,,,,,,,,,,,,,,,,,,,,
3657,1999,6,2,7,30,497,839,,,,,,,,,,,,,,,,,,,,,,,,,,,,,,,,,,,,,,,
3658,1999,6,2,8,30,700,911,,,,,,,,,,,,,,,,,,,,,,,,,,,,,,,,,,,,,,,
3659,1999,6,2,9,30,874,957,,,,,,,,,,,,,,,,,,,,,,,,,,,,,,,,,,,,,,,
3660,1999,6,2,10,30,950,667,,,,,,,,,,,,,,,,,,,,,,,,,,,,,,,,,,,,,,,
3661,1999,6,2,11,30,1062,998,,,,,,,,,,,,,,,,,,,,,,,,,,,,,,,,,,,,,,,
3662,1999,6,2,12,30,940,665,,,,,,,,,,,,,,,,,,,,,,,,,,,,,,,,,,,,,,,
3663,1999,6,2,13,30,1003,986,,,,,,,,,,,,,,,,,,,,,,,,,,,,,,,,,,,,,,,
3664,1999,6,2,14,30,886,963,,,,,,,,,,,,,,,,,,,,,,,,,,,,,,,,,,,,,,,
3665,1999,6,2,15,30,715,654,,,,,,,,,,,,,,,,,,,,,,,,,,,,,,,,,,,,,,,
3666,1999,6,2,16,30,514,855,,,,,,,,,,,,,,,,,,,,,,,,,,,,,,,,,,,,,,,
3667,1999,6,2,17,30,296,728,,,,,,,,,,,,,,,,,,,,,,,,,,,,,,,,,,,,,,,
3668,1999,6,2,18,30,58,2,,,,,,,,,,,,,,,,,,,,,,,,,,,,,,,,,,,,,,,
3669,1999,6,2,19,30,0,0,,,,,,,,,,,,,,,,,,,,,,,,,,,,,,,,,,,,,,,
3670,1999,6,2,20,30,0,0,,,,,,,,,,,,,,,,,,,,,,,,,,,,,,,,,,,,,,,
3671,1999,6,2,21,30,0,0,,,,,,,,,,,,,,,,,,,,,,,,,,,,,,,,,,,,,,,
3672,1999,6,2,22,30,0,0,,,,,,,,,,,,,,,,,,,,,,,,,,,,,,,,,,,,,,,
3673,1999,6,2,23,30,0,0,,,,,,,,,,,,,,,,,,,,,,,,,,,,,,,,,,,,,,,
3674,1999,6,3,0,30,0,0,,,,,,,,,,,,,,,,,,,,,,,,,,,,,,,,,,,,,,,
3675,1999,6,3,1,30,0,0,,,,,,,,,,,,,,,,,,,,,,,,,,,,,,,,,,,,,,,
3676,1999,6,3,2,30,0,0,,,,,,,,,,,,,,,,,,,,,,,,,,,,,,,,,,,,,,,
3677,1999,6,3,3,30,0,0,,,,,,,,,,,,,,,,,,,,,,,,,,,,,,,,,,,,,,,
3678,1999,6,3,4,30,0,0,,,,,,,,,,,,,,,,,,,,,,,,,,,,,,,,,,,,,,,
3679,1999,6,3,5,30,84,475,,,,,,,,,,,,,,,,,,,,,,,,,,,,,,,,,,,,,,,
3680,1999,6,3,6,30,289,760,,,,,,,,,,,,,,,,,,,,,,,,,,,,,,,,,,,,,,,
3681,1999,6,3,7,30,510,880,,,,,,,,,,,,,,,,,,,,,,,,,,,,,,,,,,,,,,,
3682,1999,6,3,8,30,715,946,,,,,,,,,,,,,,,,,,,,,,,,,,,,,,,,,,,,,,,
3683,1999,6,3,9,30,887,985,,,,,,,,,,,,,,,,,,,,,,,,,,,,,,,,,,,,,,,
3684,1999,6,3,10,30,1011,1007,,,,,,,,,,,,,,,,,,,,,,,,,,,,,,,,,,,,,,,
3685,1999,6,3,11,30,1077,1018,,,,,,,,,,,,,,,,,,,,,,,,,,,,,,,,,,,,,,,
3686,1999,6,3,12,30,1079,1019,,,,,,,,,,,,,,,,,,,,,,,,,,,,,,,,,,,,,,,
3687,1999,6,3,13,30,1023,1016,,,,,,,,,,,,,,,,,,,,,,,,,,,,,,,,,,,,,,,
3688,1999,6,3,14,30,903,996,,,,,,,,,,,,,,,,,,,,,,,,,,,,,,,,,,,,,,,
3689,1999,6,3,15,30,730,956,,,,,,,,,,,,,,,,,,,,,,,,,,,,,,,,,,,,,,,
3690,1999,6,3,16,30,527,894,,,,,,,,,,,,,,,,,,,,,,,,,,,,,,,,,,,,,,,
3691,1999,6,3,17,30,305,770,,,,,,,,,,,,,,,,,,,,,,,,,,,,,,,,,,,,,,,
3692,1999,6,3,18,30,98,513,,,,,,,,,,,,,,,,,,,,,,,,,,,,,,,,,,,,,,,
3693,1999,6,3,19,30,0,0,,,,,,,,,,,,,,,,,,,,,,,,,,,,,,,,,,,,,,,
3694,1999,6,3,20,30,0,0,,,,,,,,,,,,,,,,,,,,,,,,,,,,,,,,,,,,,,,
3695,1999,6,3,21,30,0,0,,,,,,,,,,,,,,,,,,,,,,,,,,,,,,,,,,,,,,,
3696,1999,6,3,22,30,0,0,,,,,,,,,,,,,,,,,,,,,,,,,,,,,,,,,,,,,,,
3697,1999,6,3,23,30,0,0,,,,,,,,,,,,,,,,,,,,,,,,,,,,,,,,,,,,,,,
3698,1999,6,4,0,30,0,0,,,,,,,,,,,,,,,,,,,,,,,,,,,,,,,,,,,,,,,
3699,1999,6,4,1,30,0,0,,,,,,,,,,,,,,,,,,,,,,,,,,,,,,,,,,,,,,,
3700,1999,6,4,2,30,0,0,,,,,,,,,,,,,,,,,,,,,,,,,,,,,,,,,,,,,,,
3701,1999,6,4,3,30,0,0,,,,,,,,,,,,,,,,,,,,,,,,,,,,,,,,,,,,,,,
3702,1999,6,4,4,30,0,0,,,,,,,,,,,,,,,,,,,,,,,,,,,,,,,,,,,,,,,
3703,1999,6,4,5,30,90,565,,,,,,,,,,,,,,,,,,,,,,,,,,,,,,,,,,,,,,,
3704,1999,6,4,6,30,301,826,,,,,,,,,,,,,,,,,,,,,,,,,,,,,,,,,,,,,,,
3705,1999,6,4,7,30,520,928,,,,,,,,,,,,,,,,,,,,,,,,,,,,,,,,,,,,,,,
3706,1999,6,4,8,30,722,982,,,,,,,,,,,,,,,,,,,,,,,,,,,,,,,,,,,,,,,
3707,1999,6,4,9,30,890,1010,,,,,,,,,,,,,,,,,,,,,,,,,,,,,,,,,,,,,,,
3708,1999,6,4,10,30,1018,1032,,,,,,,,,,,,,,,,,,,,,,,,,,,,,,,,,,,,,,,
3709,1999,6,4,11,30,1089,1039,,,,,,,,,,,,,,,,,,,,,,,,,,,,,,,,,,,,,,,
3710,1999,6,4,12,30,1097,1043,,,,,,,,,,,,,,,,,,,,,,,,,,,,,,,,,,,,,,,
3711,1999,6,4,13,30,1036,1031,,,,,,,,,,,,,,,,,,,,,,,,,,,,,,,,,,,,,,,
3712,1999,6,4,14,30,915,1006,,,,,,,,,,,,,,,,,,,,,,,,,,,,,,,,,,,,,,,
3713,1999,6,4,15,30,744,968,,,,,,,,,,,,,,,,,,,,,,,,,,,,,,,,,,,,,,,
3714,1999,6,4,16,30,533,899,,,,,,,,,,,,,,,,,,,,,,,,,,,,,,,,,,,,,,,
3715,1999,6,4,17,30,311,783,,,,,,,,,,,,,,,,,,,,,,,,,,,,,,,,,,,,,,,
3716,1999,6,4,18,30,100,516,,,,,,,,,,,,,,,,,,,,,,,,,,,,,,,,,,,,,,,
3717,1999,6,4,19,30,0,0,,,,,,,,,,,,,,,,,,,,,,,,,,,,,,,,,,,,,,,
3718,1999,6,4,20,30,0,0,,,,,,,,,,,,,,,,,,,,,,,,,,,,,,,,,,,,,,,
3719,1999,6,4,21,30,0,0,,,,,,,,,,,,,,,,,,,,,,,,,,,,,,,,,,,,,,,
3720,1999,6,4,22,30,0,0,,,,,,,,,,,,,,,,,,,,,,,,,,,,,,,,,,,,,,,
3721,1999,6,4,23,30,0,0,,,,,,,,,,,,,,,,,,,,,,,,,,,,,,,,,,,,,,,
3722,1999,6,5,0,30,0,0,,,,,,,,,,,,,,,,,,,,,,,,,,,,,,,,,,,,,,,
3723,1999,6,5,1,30,0,0,,,,,,,,,,,,,,,,,,,,,,,,,,,,,,,,,,,,,,,
3724,1999,6,5,2,30,0,0,,,,,,,,,,,,,,,,,,,,,,,,,,,,,,,,,,,,,,,
3725,1999,6,5,3,30,0,0,,,,,,,,,,,,,,,,,,,,,,,,,,,,,,,,,,,,,,,
3726,1999,6,5,4,30,0,0,,,,,,,,,,,,,,,,,,,,,,,,,,,,,,,,,,,,,,,
3727,1999,6,5,5,30,87,499,,,,,,,,,,,,,,,,,,,,,,,,,,,,,,,,,,,,,,,
3728,1999,6,5,6,30,297,786,,,,,,,,,,,,,,,,,,,,,,,,,,,,,,,,,,,,,,,
3729,1999,6,5,7,30,517,897,,,,,,,,,,,,,,,,,,,,,,,,,,,,,,,,,,,,,,,
3730,1999,6,5,8,30,723,958,,,,,,,,,,,,,,,,,,,,,,,,,,,,,,,,,,,,,,,
3731,1999,6,5,9,30,896,994,,,,,,,,,,,,,,,,,,,,,,,,,,,,,,,,,,,,,,,
3732,1999,6,5,10,30,1027,1022,,,,,,,,,,,,,,,,,,,,,,,,,,,,,,,,,,,,,,,
3733,1999,6,5,11,30,1093,1031,,,,,,,,,,,,,,,,,,,,,,,,,,,,,,,,,,,,,,,
3734,1999,6,5,12,30,1089,1025,,,,,,,,,,,,,,,,,,,,,,,,,,,,,,,,,,,,,,,
3735,1999,6,5,13,30,1028,1016,,,,,,,,,,,,,,,,,,,,,,,,,,,,,,,,,,,,,,,
3736,1999,6,5,14,30,908,996,,,,,,,,,,,,,,,,,,,,,,,,,,,,,,,,,,,,,,,
3737,1999,6,5,15,30,735,954,,,,,,,,,,,,,,,,,,,,,,,,,,,,,,,,,,,,,,,
3738,1999,6,5,16,30,531,891,,,,,,,,,,,,,,,,,,,,,,,,,,,,,,,,,,,,,,,
3739,1999,6,5,17,30,310,774,,,,,,,,,,,,,,,,,,,,,,,,,,,,,,,,,,,,,,,
3740,1999,6,5,18,30,100,502,,,,,,,,,,,,,,,,,,,,,,,,,,,,,,,,,,,,,,,
3741,1999,6,5,19,30,0,0,,,,,,,,,,,,,,,,,,,,,,,,,,,,,,,,,,,,,,,
3742,1999,6,5,20,30,0,0,,,,,,,,,,,,,,,,,,,,,,,,,,,,,,,,,,,,,,,
3743,1999,6,5,21,30,0,0,,,,,,,,,,,,,,,,,,,,,,,,,,,,,,,,,,,,,,,
3744,1999,6,5,22,30,0,0,,,,,,,,,,,,,,,,,,,,,,,,,,,,,,,,,,,,,,,
3745,1999,6,5,23,30,0,0,,,,,,,,,,,,,,,,,,,,,,,,,,,,,,,,,,,,,,,
3746,1999,6,6,0,30,0,0,,,,,,,,,,,,,,,,,,,,,,,,,,,,,,,,,,,,,,,
3747,1999,6,6,1,30,0,0,,,,,,,,,,,,,,,,,,,,,,,,,,,,,,,,,,,,,,,
3748,1999,6,6,2,30,0,0,,,,,,,,,,,,,,,,,,,,,,,,,,,,,,,,,,,,,,,
3749,1999,6,6,3,30,0,0,,,,,,,,,,,,,,,,,,,,,,,,,,,,,,,,,,,,,,,
3750,1999,6,6,4,30,0,0,,,,,,,,,,,,,,,,,,,,,,,,,,,,,,,,,,,,,,,
3751,1999,6,6,5,30,85,474,,,,,,,,,,,,,,,,,,,,,,,,,,,,,,,,,,,,,,,
3752,1999,6,6,6,30,294,772,,,,,,,,,,,,,,,,,,,,,,,,,,,,,,,,,,,,,,,
3753,1999,6,6,7,30,516,896,,,,,,,,,,,,,,,,,,,,,,,,,,,,,,,,,,,,,,,
3754,1999,6,6,8,30,724,963,,,,,,,,,,,,,,,,,,,,,,,,,,,,,,,,,,,,,,,
3755,1999,6,6,9,30,897,1001,,,,,,,,,,,,,,,,,,,,,,,,,,,,,,,,,,,,,,,
3756,1999,6,6,10,30,1021,1022,,,,,,,,,,,,,,,,,,,,,,,,,,,,,,,,,,,,,,,
3757,1999,6,6,11,30,1087,1032,,,,,,,,,,,,,,,,,,,,,,,,,,,,,,,,,,,,,,,
3758,1999,6,6,12,30,1090,1034,,,,,,,,,,,,,,,,,,,,,,,,,,,,,,,,,,,,,,,
3759,1999,6,6,13,30,1030,1026,,,,,,,,,,,,,,,,,,,,,,,,,,,,,,,,,,,,,,,
3760,1999,6,6,14,30,911,1007,,,,,,,,,,,,,,,,,,,,,,,,,,,,,,,,,,,,,,,
3761,1999,6,6,15,30,742,972,,,,,,,,,,,,,,,,,,,,,,,,,,,,,,,,,,,,,,,
3762,1999,6,6,16,30,538,913,,,,,,,,,,,,,,,,,,,,,,,,,,,,,,,,,,,,,,,
3763,1999,6,6,17,30,319,810,,,,,,,,,,,,,,,,,,,,,,,,,,,,,,,,,,,,,,,
3764,1999,6,6,18,30,105,546,,,,,,,,,,,,,,,,,,,,,,,,,,,,,,,,,,,,,,,
3765,1999,6,6,19,30,0,0,,,,,,,,,,,,,,,,,,,,,,,,,,,,,,,,,,,,,,,
3766,1999,6,6,20,30,0,0,,,,,,,,,,,,,,,,,,,,,,,,,,,,,,,,,,,,,,,
3767,1999,6,6,21,30,0,0,,,,,,,,,,,,,,,,,,,,,,,,,,,,,,,,,,,,,,,
3768,1999,6,6,22,30,0,0,,,,,,,,,,,,,,,,,,,,,,,,,,,,,,,,,,,,,,,
3769,1999,6,6,23,30,0,0,,,,,,,,,,,,,,,,,,,,,,,,,,,,,,,,,,,,,,,
3770,1999,6,7,0,30,0,0,,,,,,,,,,,,,,,,,,,,,,,,,,,,,,,,,,,,,,,
3771,1999,6,7,1,30,0,0,,,,,,,,,,,,,,,,,,,,,,,,,,,,,,,,,,,,,,,
3772,1999,6,7,2,30,0,0,,,,,,,,,,,,,,,,,,,,,,,,,,,,,,,,,,,,,,,
3773,1999,6,7,3,30,0,0,,,,,,,,,,,,,,,,,,,,,,,,,,,,,,,,,,,,,,,
3774,1999,6,7,4,30,0,0,,,,,,,,,,,,,,,,,,,,,,,,,,,,,,,,,,,,,,,
3775,1999,6,7,5,30,89,508,,,,,,,,,,,,,,,,,,,,,,,,,,,,,,,,,,,,,,,
3776,1999,6,7,6,30,298,789,,,,,,,,,,,,,,,,,,,,,,,,,,,,,,,,,,,,,,,
3777,1999,6,7,7,30,521,908,,,,,,,,,,,,,,,,,,,,,,,,,,,,,,,,,,,,,,,
3778,1999,6,7,8,30,729,970,,,,,,,,,,,,,,,,,,,,,,,,,,,,,,,,,,,,,,,
3779,1999,6,7,9,30,897,1001,,,,,,,,,,,,,,,,,,,,,,,,,,,,,,,,,,,,,,,
3780,1999,6,7,10,30,1021,1021,,,,,,,,,,,,,,,,,,,,,,,,,,,,,,,,,,,,,,,
3781,1999,6,7,11,30,1087,1032,,,,,,,,,,,,,,,,,,,,,,,,,,,,,,,,,,,,,,,
3782,1999,6,7,12,30,1085,1026,,,,,,,,,,,,,,,,,,,,,,,,,,,,,,,,,,,,,,,
3783,1999,6,7,13,30,1025,1017,,,,,,,,,,,,,,,,,,,,,,,,,,,,,,,,,,,,,,,
3784,1999,6,7,14,30,902,989,,,,,,,,,,,,,,,,,,,,,,,,,,,,,,,,,,,,,,,
3785,1999,6,7,15,30,734,952,,,,,,,,,,,,,,,,,,,,,,,,,,,,,,,,,,,,,,,
3786,1999,6,7,16,30,529,884,,,,,,,,,,,,,,,,,,,,,,,,,,,,,,,,,,,,,,,
3787,1999,6,7,17,30,309,766,,,,,,,,,,,,,,,,,,,,,,,,,,,,,,,,,,,,,,,
3788,1999,6,7,18,30,103,515,,,,,,,,,,,,,,,,,,,,,,,,,,,,,,,,,,,,,,,
3789,1999,6,7,19,30,0,0,,,,,,,,,,,,,,,,,,,,,,,,,,,,,,,,,,,,,,,
3790,1999,6,7,20,30,0,0,,,,,,,,,,,,,,,,,,,,,,,,,,,,,,,,,,,,,,,
3791,1999,6,7,21,30,0,0,,,,,,,,,,,,,,,,,,,,,,,,,,,,,,,,,,,,,,,
3792,1999,6,7,22,30,0,0,,,,,,,,,,,,,,,,,,,,,,,,,,,,,,,,,,,,,,,
3793,1999,6,7,23,30,0,0,,,,,,,,,,,,,,,,,,,,,,,,,,,,,,,,,,,,,,,
3794,1999,6,8,0,30,0,0,,,,,,,,,,,,,,,,,,,,,,,,,,,,,,,,,,,,,,,
3795,1999,6,8,1,30,0,0,,,,,,,,,,,,,,,,,,,,,,,,,,,,,,,,,,,,,,,
3796,1999,6,8,2,30,0,0,,,,,,,,,,,,,,,,,,,,,,,,,,,,,,,,,,,,,,,
3797,1999,6,8,3,30,0,0,,,,,,,,,,,,,,,,,,,,,,,,,,,,,,,,,,,,,,,
3798,1999,6,8,4,30,0,0,,,,,,,,,,,,,,,,,,,,,,,,,,,,,,,,,,,,,,,
3799,1999,6,8,5,30,85,465,,,,,,,,,,,,,,,,,,,,,,,,,,,,,,,,,,,,,,,
3800,1999,6,8,6,30,288,744,,,,,,,,,,,,,,,,,,,,,,,,,,,,,,,,,,,,,,,
3801,1999,6,8,7,30,504,860,,,,,,,,,,,,,,,,,,,,,,,,,,,,,,,,,,,,,,,
3802,1999,6,8,8,30,707,924,,,,,,,,,,,,,,,,,,,,,,,,,,,,,,,,,,,,,,,
3803,1999,6,8,9,30,874,958,,,,,,,,,,,,,,,,,,,,,,,,,,,,,,,,,,,,,,,
3804,1999,6,8,10,30,1000,985,,,,,,,,,,,,,,,,,,,,,,,,,,,,,,,,,,,,,,,
3805,1999,6,8,11,30,750,187,,,,,,,,,,,,,,,,,,,,,,,,,,,,,,,,,,,,,,,
3806,1999,6,8,12,30,1070,998,,,,,,,,,,,,,,,,,,,,,,,,,,,,,,,,,,,,,,,
3807,1999,6,8,13,30,1015,992,,,,,,,,,,,,,,,,,,,,,,,,,,,,,,,,,,,,,,,
3808,1999,6,8,14,30,828,716,,,,,,,,,,,,,,,,,,,,,,,,,,,,,,,,,,,,,,,
3809,1999,6,8,15,30,474,177,,,,,,,,,,,,,,,,,,,,,,,,,,,,,,,,,,,,,,,
3810,1999,6,8,16,30,143,4,,,,,,,,,,,,,,,,,,,,,,,,,,,,,,,,,,,,,,,
3811,1999,6,8,17,30,290,502,,,,,,,,,,,,,,,,,,,,,,,,,,,,,,,,,,,,,,,
3812,1999,6,8,18,30,102,477,,,,,,,,,,,,,,,,,,,,,,,,,,,,,,,,,,,,,,,
3813,1999,6,8,19,30,0,0,,,,,,,,,,,,,,,,,,,,,,,,,,,,,,,,,,,,,,,
3814,1999,6,8,20,30,0,0,,,,,,,,,,,,,,,,,,,,,,,,,,,,,,,,,,,,,,,
3815,1999,6,8,21,30,0,0,,,,,,,,,,,,,,,,,,,,,,,,,,,,,,,,,,,,,,,
3816,1999,6,8,22,30,0,0,,,,,,,,,,,,,,,,,,,,,,,,,,,,,,,,,,,,,,,
3817,1999,6,8,23,30,0,0,,,,,,,,,,,,,,,,,,,,,,,,,,,,,,,,,,,,,,,
3818,1999,6,9,0,30,0,0,,,,,,,,,,,,,,,,,,,,,,,,,,,,,,,,,,,,,,,
3819,1999,6,9,1,30,0,0,,,,,,,,,,,,,,,,,,,,,,,,,,,,,,,,,,,,,,,
3820,1999,6,9,2,30,0,0,,,,,,,,,,,,,,,,,,,,,,,,,,,,,,,,,,,,,,,
3821,1999,6,9,3,30,0,0,,,,,,,,,,,,,,,,,,,,,,,,,,,,,,,,,,,,,,,
3822,1999,6,9,4,30,0,0,,,,,,,,,,,,,,,,,,,,,,,,,,,,,,,,,,,,,,,
3823,1999,6,9,5,30,87,479,,,,,,,,,,,,,,,,,,,,,,,,,,,,,,,,,,,,,,,
3824,1999,6,9,6,30,293,764,,,,,,,,,,,,,,,,,,,,,,,,,,,,,,,,,,,,,,,
3825,1999,6,9,7,30,515,887,,,,,,,,,,,,,,,,,,,,,,,,,,,,,,,,,,,,,,,
3826,1999,6,9,8,30,722,954,,,,,,,,,,,,,,,,,,,,,,,,,,,,,,,,,,,,,,,
3827,1999,6,9,9,30,895,992,,,,,,,,,,,,,,,,,,,,,,,,,,,,,,,,,,,,,,,
3828,1999,6,9,10,30,1020,1013,,,,,,,,,,,,,,,,,,,,,,,,,,,,,,,,,,,,,,,
3829,1999,6,9,11,30,1087,1024,,,,,,,,,,,,,,,,,,,,,,,,,,,,,,,,,,,,,,,
3830,1999,6,9,12,30,1090,1026,,,,,,,,,,,,,,,,,,,,,,,,,,,,,,,,,,,,,,,
3831,1999,6,9,13,30,1031,1018,,,,,,,,,,,,,,,,,,,,,,,,,,,,,,,,,,,,,,,
3832,1999,6,9,14,30,912,999,,,,,,,,,,,,,,,,,,,,,,,,,,,,,,,,,,,,,,,
3833,1999,6,9,15,30,744,965,,,,,,,,,,,,,,,,,,,,,,,,,,,,,,,,,,,,,,,
3834,1999,6,9,16,30,541,907,,,,,,,,,,,,,,,,,,,,,,,,,,,,,,,,,,,,,,,
3835,1999,6,9,17,30,320,797,,,,,,,,,,,,,,,,,,,,,,,,,,,,,,,,,,,,,,,
3836,1999,6,9,18,30,109,548,,,,,,,,,,,,,,,,,,,,,,,,,,,,,,,,,,,,,,,
3837,1999,6,9,19,30,0,0,,,,,,,,,,,,,,,,,,,,,,,,,,,,,,,,,,,,,,,
3838,1999,6,9,20,30,0,0,,,,,,,,,,,,,,,,,,,,,,,,,,,,,,,,,,,,,,,
3839,1999,6,9,21,30,0,0,,,,,,,,,,,,,,,,,,,,,,,,,,,,,,,,,,,,,,,
3840,1999,6,9,22,30,0,0,,,,,,,,,,,,,,,,,,,,,,,,,,,,,,,,,,,,,,,
3841,1999,6,9,23,30,0,0,,,,,,,,,,,,,,,,,,,,,,,,,,,,,,,,,,,,,,,
3842,1999,6,10,0,30,0,0,,,,,,,,,,,,,,,,,,,,,,,,,,,,,,,,,,,,,,,
3843,1999,6,10,1,30,0,0,,,,,,,,,,,,,,,,,,,,,,,,,,,,,,,,,,,,,,,
3844,1999,6,10,2,30,0,0,,,,,,,,,,,,,,,,,,,,,,,,,,,,,,,,,,,,,,,
3845,1999,6,10,3,30,0,0,,,,,,,,,,,,,,,,,,,,,,,,,,,,,,,,,,,,,,,
3846,1999,6,10,4,30,0,0,,,,,,,,,,,,,,,,,,,,,,,,,,,,,,,,,,,,,,,
3847,1999,6,10,5,30,87,477,,,,,,,,,,,,,,,,,,,,,,,,,,,,,,,,,,,,,,,
3848,1999,6,10,6,30,294,769,,,,,,,,,,,,,,,,,,,,,,,,,,,,,,,,,,,,,,,
3849,1999,6,10,7,30,520,902,,,,,,,,,,,,,,,,,,,,,,,,,,,,,,,,,,,,,,,
3850,1999,6,10,8,30,728,968,,,,,,,,,,,,,,,,,,,,,,,,,,,,,,,,,,,,,,,
3851,1999,6,10,9,30,901,1005,,,,,,,,,,,,,,,,,,,,,,,,,,,,,,,,,,,,,,,
3852,1999,6,10,10,30,1026,1025,,,,,,,,,,,,,,,,,,,,,,,,,,,,,,,,,,,,,,,
3853,1999,6,10,11,30,1093,1034,,,,,,,,,,,,,,,,,,,,,,,,,,,,,,,,,,,,,,,
3854,1999,6,10,12,30,1090,1027,,,,,,,,,,,,,,,,,,,,,,,,,,,,,,,,,,,,,,,
3855,1999,6,10,13,30,1030,1018,,,,,,,,,,,,,,,,,,,,,,,,,,,,,,,,,,,,,,,
3856,1999,6,10,14,30,912,996,,,,,,,,,,,,,,,,,,,,,,,,,,,,,,,,,,,,,,,
3857,1999,6,10,15,30,744,961,,,,,,,,,,,,,,,,,,,,,,,,,,,,,,,,,,,,,,,
3858,1999,6,10,16,30,540,899,,,,,,,,,,,,,,,,,,,,,,,,,,,,,,,,,,,,,,,
3859,1999,6,10,17,30,319,783,,,,,,,,,,,,,,,,,,,,,,,,,,,,,,,,,,,,,,,
3860,1999,6,10,18,30,108,525,,,,,,,,,,,,,,,,,,,,,,,,,,,,,,,,,,,,,,,
3861,1999,6,10,19,30,0,0,,,,,,,,,,,,,,,,,,,,,,,,,,,,,,,,,,,,,,,
3862,1999,6,10,20,30,0,0,,,,,,,,,,,,,,,,,,,,,,,,,,,,,,,,,,,,,,,
3863,1999,6,10,21,30,0,0,,,,,,,,,,,,,,,,,,,,,,,,,,,,,,,,,,,,,,,
3864,1999,6,10,22,30,0,0,,,,,,,,,,,,,,,,,,,,,,,,,,,,,,,,,,,,,,,
3865,1999,6,10,23,30,0,0,,,,,,,,,,,,,,,,,,,,,,,,,,,,,,,,,,,,,,,
3866,1999,6,11,0,30,0,0,,,,,,,,,,,,,,,,,,,,,,,,,,,,,,,,,,,,,,,
3867,1999,6,11,1,30,0,0,,,,,,,,,,,,,,,,,,,,,,,,,,,,,,,,,,,,,,,
3868,1999,6,11,2,30,0,0,,,,,,,,,,,,,,,,,,,,,,,,,,,,,,,,,,,,,,,
3869,1999,6,11,3,30,0,0,,,,,,,,,,,,,,,,,,,,,,,,,,,,,,,,,,,,,,,
3870,1999,6,11,4,30,0,0,,,,,,,,,,,,,,,,,,,,,,,,,,,,,,,,,,,,,,,
3871,1999,6,11,5,30,87,482,,,,,,,,,,,,,,,,,,,,,,,,,,,,,,,,,,,,,,,
3872,1999,6,11,6,30,293,769,,,,,,,,,,,,,,,,,,,,,,,,,,,,,,,,,,,,,,,
3873,1999,6,11,7,30,516,893,,,,,,,,,,,,,,,,,,,,,,,,,,,,,,,,,,,,,,,
3874,1999,6,11,8,30,723,961,,,,,,,,,,,,,,,,,,,,,,,,,,,,,,,,,,,,,,,
3875,1999,6,11,9,30,896,996,,,,,,,,,,,,,,,,,,,,,,,,,,,,,,,,,,,,,,,
3876,1999,6,11,10,30,1020,1015,,,,,,,,,,,,,,,,,,,,,,,,,,,,,,,,,,,,,,,
3877,1999,6,11,11,30,1081,1018,,,,,,,,,,,,,,,,,,,,,,,,,,,,,,,,,,,,,,,
3878,1999,6,11,12,30,919,376,,,,,,,,,,,,,,,,,,,,,,,,,,,,,,,,,,,,,,,
3879,1999,6,11,13,30,928,707,,,,,,,,,,,,,,,,,,,,,,,,,,,,,,,,,,,,,,,
3880,1999,6,11,14,30,732,475,,,,,,,,,,,,,,,,,,,,,,,,,,,,,,,,,,,,,,,
3881,1999,6,11,15,30,741,955,,,,,,,,,,,,,,,,,,,,,,,,,,,,,,,,,,,,,,,
3882,1999,6,11,16,30,538,894,,,,,,,,,,,,,,,,,,,,,,,,,,,,,,,,,,,,,,,
3883,1999,6,11,17,30,321,790,,,,,,,,,,,,,,,,,,,,,,,,,,,,,,,,,,,,,,,
3884,1999,6,11,18,30,109,533,,,,,,,,,,,,,,,,,,,,,,,,,,,,,,,,,,,,,,,
3885,1999,6,11,19,30,0,0,,,,,,,,,,,,,,,,,,,,,,,,,,,,,,,,,,,,,,,
3886,1999,6,11,20,30,0,0,,,,,,,,,,,,,,,,,,,,,,,,,,,,,,,,,,,,,,,
3887,1999,6,11,21,30,0,0,,,,,,,,,,,,,,,,,,,,,,,,,,,,,,,,,,,,,,,
3888,1999,6,11,22,30,0,0,,,,,,,,,,,,,,,,,,,,,,,,,,,,,,,,,,,,,,,
3889,1999,6,11,23,30,0,0,,,,,,,,,,,,,,,,,,,,,,,,,,,,,,,,,,,,,,,
3890,1999,6,12,0,30,0,0,,,,,,,,,,,,,,,,,,,,,,,,,,,,,,,,,,,,,,,
3891,1999,6,12,1,30,0,0,,,,,,,,,,,,,,,,,,,,,,,,,,,,,,,,,,,,,,,
3892,1999,6,12,2,30,0,0,,,,,,,,,,,,,,,,,,,,,,,,,,,,,,,,,,,,,,,
3893,1999,6,12,3,30,0,0,,,,,,,,,,,,,,,,,,,,,,,,,,,,,,,,,,,,,,,
3894,1999,6,12,4,30,0,0,,,,,,,,,,,,,,,,,,,,,,,,,,,,,,,,,,,,,,,
3895,1999,6,12,5,30,38,0,,,,,,,,,,,,,,,,,,,,,,,,,,,,,,,,,,,,,,,
3896,1999,6,12,6,30,195,51,,,,,,,,,,,,,,,,,,,,,,,,,,,,,,,,,,,,,,,
3897,1999,6,12,7,30,355,112,,,,,,,,,,,,,,,,,,,,,,,,,,,,,,,,,,,,,,,
3898,1999,6,12,8,30,509,304,,,,,,,,,,,,,,,,,,,,,,,,,,,,,,,,,,,,,,,
3899,1999,6,12,9,30,623,168,,,,,,,,,,,,,,,,,,,,,,,,,,,,,,,,,,,,,,,
3900,1999,6,12,10,30,989,972,,,,,,,,,,,,,,,,,,,,,,,,,,,,,,,,,,,,,,,
3901,1999,6,12,11,30,1052,980,,,,,,,,,,,,,,,,,,,,,,,,,,,,,,,,,,,,,,,
3902,1999,6,12,12,30,998,660,,,,,,,,,,,,,,,,,,,,,,,,,,,,,,,,,,,,,,,
3903,1999,6,12,13,30,995,963,,,,,,,,,,,,,,,,,,,,,,,,,,,,,,,,,,,,,,,
3904,1999,6,12,14,30,876,935,,,,,,,,,,,,,,,,,,,,,,,,,,,,,,,,,,,,,,,
3905,1999,6,12,15,30,594,464,,,,,,,,,,,,,,,,,,,,,,,,,,,,,,,,,,,,,,,
3906,1999,6,12,16,30,400,295,,,,,,,,,,,,,,,,,,,,,,,,,,,,,,,,,,,,,,,
3907,1999,6,12,17,30,269,353,,,,,,,,,,,,,,,,,,,,,,,,,,,,,,,,,,,,,,,
3908,1999,6,12,18,30,48,18,,,,,,,,,,,,,,,,,,,,,,,,,,,,,,,,,,,,,,,
3909,1999,6,12,19,30,0,0,,,,,,,,,,,,,,,,,,,,,,,,,,,,,,,,,,,,,,,
3910,1999,6,12,20,30,0,0,,,,,,,,,,,,,,,,,,,,,,,,,,,,,,,,,,,,,,,
3911,1999,6,12,21,30,0,0,,,,,,,,,,,,,,,,,,,,,,,,,,,,,,,,,,,,,,,
3912,1999,6,12,22,30,0,0,,,,,,,,,,,,,,,,,,,,,,,,,,,,,,,,,,,,,,,
3913,1999,6,12,23,30,0,0,,,,,,,,,,,,,,,,,,,,,,,,,,,,,,,,,,,,,,,
3914,1999,6,13,0,30,0,0,,,,,,,,,,,,,,,,,,,,,,,,,,,,,,,,,,,,,,,
3915,1999,6,13,1,30,0,0,,,,,,,,,,,,,,,,,,,,,,,,,,,,,,,,,,,,,,,
3916,1999,6,13,2,30,0,0,,,,,,,,,,,,,,,,,,,,,,,,,,,,,,,,,,,,,,,
3917,1999,6,13,3,30,0,0,,,,,,,,,,,,,,,,,,,,,,,,,,,,,,,,,,,,,,,
3918,1999,6,13,4,30,0,0,,,,,,,,,,,,,,,,,,,,,,,,,,,,,,,,,,,,,,,
3919,1999,6,13,5,30,27,0,,,,,,,,,,,,,,,,,,,,,,,,,,,,,,,,,,,,,,,
3920,1999,6,13,6,30,208,88,,,,,,,,,,,,,,,,,,,,,,,,,,,,,,,,,,,,,,,
3921,1999,6,13,7,30,386,312,,,,,,,,,,,,,,,,,,,,,,,,,,,,,,,,,,,,,,,
3922,1999,6,13,8,30,614,609,,,,,,,,,,,,,,,,,,,,,,,,,,,,,,,,,,,,,,,
3923,1999,6,13,9,30,763,732,,,,,,,,,,,,,,,,,,,,,,,,,,,,,,,,,,,,,,,
3924,1999,6,13,10,30,887,691,,,,,,,,,,,,,,,,,,,,,,,,,,,,,,,,,,,,,,,
3925,1999,6,13,11,30,816,429,,,,,,,,,,,,,,,,,,,,,,,,,,,,,,,,,,,,,,,
3926,1999,6,13,12,30,945,682,,,,,,,,,,,,,,,,,,,,,,,,,,,,,,,,,,,,,,,
3927,1999,6,13,13,30,801,456,,,,,,,,,,,,,,,,,,,,,,,,,,,,,,,,,,,,,,,
3928,1999,6,13,14,30,509,124,,,,,,,,,,,,,,,,,,,,,,,,,,,,,,,,,,,,,,,
3929,1999,6,13,15,30,111,0,,,,,,,,,,,,,,,,,,,,,,,,,,,,,,,,,,,,,,,
3930,1999,6,13,16,30,350,157,,,,,,,,,,,,,,,,,,,,,,,,,,,,,,,,,,,,,,,
3931,1999,6,13,17,30,138,19,,,,,,,,,,,,,,,,,,,,,,,,,,,,,,,,,,,,,,,
3932,1999,6,13,18,30,96,169,,,,,,,,,,,,,,,,,,,,,,,,,,,,,,,,,,,,,,,
3933,1999,6,13,19,30,0,0,,,,,,,,,,,,,,,,,,,,,,,,,,,,,,,,,,,,,,,
3934,1999,6,13,20,30,0,0,,,,,,,,,,,,,,,,,,,,,,,,,,,,,,,,,,,,,,,
3935,1999,6,13,21,30,0,0,,,,,,,,,,,,,,,,,,,,,,,,,,,,,,,,,,,,,,,
3936,1999,6,13,22,30,0,0,,,,,,,,,,,,,,,,,,,,,,,,,,,,,,,,,,,,,,,
3937,1999,6,13,23,30,0,0,,,,,,,,,,,,,,,,,,,,,,,,,,,,,,,,,,,,,,,
3938,1999,6,14,0,30,0,0,,,,,,,,,,,,,,,,,,,,,,,,,,,,,,,,,,,,,,,
3939,1999,6,14,1,30,0,0,,,,,,,,,,,,,,,,,,,,,,,,,,,,,,,,,,,,,,,
3940,1999,6,14,2,30,0,0,,,,,,,,,,,,,,,,,,,,,,,,,,,,,,,,,,,,,,,
3941,1999,6,14,3,30,0,0,,,,,,,,,,,,,,,,,,,,,,,,,,,,,,,,,,,,,,,
3942,1999,6,14,4,30,0,0,,,,,,,,,,,,,,,,,,,,,,,,,,,,,,,,,,,,,,,
3943,1999,6,14,5,30,81,422,,,,,,,,,,,,,,,,,,,,,,,,,,,,,,,,,,,,,,,
3944,1999,6,14,6,30,276,699,,,,,,,,,,,,,,,,,,,,,,,,,,,,,,,,,,,,,,,
3945,1999,6,14,7,30,489,826,,,,,,,,,,,,,,,,,,,,,,,,,,,,,,,,,,,,,,,
3946,1999,6,14,8,30,480,129,,,,,,,,,,,,,,,,,,,,,,,,,,,,,,,,,,,,,,,
3947,1999,6,14,9,30,405,12,,,,,,,,,,,,,,,,,,,,,,,,,,,,,,,,,,,,,,,
3948,1999,6,14,10,30,795,309,,,,,,,,,,,,,,,,,,,,,,,,,,,,,,,,,,,,,,,
3949,1999,6,14,11,30,1047,981,,,,,,,,,,,,,,,,,,,,,,,,,,,,,,,,,,,,,,,
3950,1999,6,14,12,30,1052,985,,,,,,,,,,,,,,,,,,,,,,,,,,,,,,,,,,,,,,,
3951,1999,6,14,13,30,995,977,,,,,,,,,,,,,,,,,,,,,,,,,,,,,,,,,,,,,,,
3952,1999,6,14,14,30,881,956,,,,,,,,,,,,,,,,,,,,,,,,,,,,,,,,,,,,,,,
3953,1999,6,14,15,30,719,920,,,,,,,,,,,,,,,,,,,,,,,,,,,,,,,,,,,,,,,
3954,1999,6,14,16,30,523,861,,,,,,,,,,,,,,,,,,,,,,,,,,,,,,,,,,,,,,,
3955,1999,6,14,17,30,310,752,,,,,,,,,,,,,,,,,,,,,,,,,,,,,,,,,,,,,,,
3956,1999,6,14,18,30,108,517,,,,,,,,,,,,,,,,,,,,,,,,,,,,,,,,,,,,,,,
3957,1999,6,14,19,30,0,0,,,,,,,,,,,,,,,,,,,,,,,,,,,,,,,,,,,,,,,
3958,1999,6,14,20,30,0,0,,,,,,,,,,,,,,,,,,,,,,,,,,,,,,,,,,,,,,,
3959,1999,6,14,21,30,0,0,,,,,,,,,,,,,,,,,,,,,,,,,,,,,,,,,,,,,,,
3960,1999,6,14,22,30,0,0,,,,,,,,,,,,,,,,,,,,,,,,,,,,,,,,,,,,,,,
3961,1999,6,14,23,30,0,0,,,,,,,,,,,,,,,,,,,,,,,,,,,,,,,,,,,,,,,
3962,1999,6,15,0,30,0,0,,,,,,,,,,,,,,,,,,,,,,,,,,,,,,,,,,,,,,,
3963,1999,6,15,1,30,0,0,,,,,,,,,,,,,,,,,,,,,,,,,,,,,,,,,,,,,,,
3964,1999,6,15,2,30,0,0,,,,,,,,,,,,,,,,,,,,,,,,,,,,,,,,,,,,,,,
3965,1999,6,15,3,30,0,0,,,,,,,,,,,,,,,,,,,,,,,,,,,,,,,,,,,,,,,
3966,1999,6,15,4,30,0,0,,,,,,,,,,,,,,,,,,,,,,,,,,,,,,,,,,,,,,,
3967,1999,6,15,5,30,79,409,,,,,,,,,,,,,,,,,,,,,,,,,,,,,,,,,,,,,,,
3968,1999,6,15,6,30,272,687,,,,,,,,,,,,,,,,,,,,,,,,,,,,,,,,,,,,,,,
3969,1999,6,15,7,30,484,814,,,,,,,,,,,,,,,,,,,,,,,,,,,,,,,,,,,,,,,
3970,1999,6,15,8,30,663,730,,,,,,,,,,,,,,,,,,,,,,,,,,,,,,,,,,,,,,,
3971,1999,6,15,9,30,851,936,,,,,,,,,,,,,,,,,,,,,,,,,,,,,,,,,,,,,,,
3972,1999,6,15,10,30,976,966,,,,,,,,,,,,,,,,,,,,,,,,,,,,,,,,,,,,,,,
3973,1999,6,15,11,30,1042,981,,,,,,,,,,,,,,,,,,,,,,,,,,,,,,,,,,,,,,,
3974,1999,6,15,12,30,1047,984,,,,,,,,,,,,,,,,,,,,,,,,,,,,,,,,,,,,,,,
3975,1999,6,15,13,30,991,974,,,,,,,,,,,,,,,,,,,,,,,,,,,,,,,,,,,,,,,
3976,1999,6,15,14,30,599,277,,,,,,,,,,,,,,,,,,,,,,,,,,,,,,,,,,,,,,,
3977,1999,6,15,15,30,488,227,,,,,,,,,,,,,,,,,,,,,,,,,,,,,,,,,,,,,,,
3978,1999,6,15,16,30,472,534,,,,,,,,,,,,,,,,,,,,,,,,,,,,,,,,,,,,,,,
3979,1999,6,15,17,30,115,8,,,,,,,,,,,,,,,,,,,,,,,,,,,,,,,,,,,,,,,
3980,1999,6,15,18,30,47,2,,,,,,,,,,,,,,,,,,,,,,,,,,,,,,,,,,,,,,,
3981,1999,6,15,19,30,0,0,,,,,,,,,,,,,,,,,,,,,,,,,,,,,,,,,,,,,,,
3982,1999,6,15,20,30,0,0,,,,,,,,,,,,,,,,,,,,,,,,,,,,,,,,,,,,,,,
3983,1999,6,15,21,30,0,0,,,,,,,,,,,,,,,,,,,,,,,,,,,,,,,,,,,,,,,
3984,1999,6,15,22,30,0,0,,,,,,,,,,,,,,,,,,,,,,,,,,,,,,,,,,,,,,,
3985,1999,6,15,23,30,0,0,,,,,,,,,,,,,,,,,,,,,,,,,,,,,,,,,,,,,,,
3986,1999,6,16,0,30,0,0,,,,,,,,,,,,,,,,,,,,,,,,,,,,,,,,,,,,,,,
3987,1999,6,16,1,30,0,0,,,,,,,,,,,,,,,,,,,,,,,,,,,,,,,,,,,,,,,
3988,1999,6,16,2,30,0,0,,,,,,,,,,,,,,,,,,,,,,,,,,,,,,,,,,,,,,,
3989,1999,6,16,3,30,0,0,,,,,,,,,,,,,,,,,,,,,,,,,,,,,,,,,,,,,,,
3990,1999,6,16,4,30,0,0,,,,,,,,,,,,,,,,,,,,,,,,,,,,,,,,,,,,,,,
3991,1999,6,16,5,30,74,329,,,,,,,,,,,,,,,,,,,,,,,,,,,,,,,,,,,,,,,
3992,1999,6,16,6,30,262,617,,,,,,,,,,,,,,,,,,,,,,,,,,,,,,,,,,,,,,,
3993,1999,6,16,7,30,324,76,,,,,,,,,,,,,,,,,,,,,,,,,,,,,,,,,,,,,,,
3994,1999,6,16,8,30,501,170,,,,,,,,,,,,,,,,,,,,,,,,,,,,,,,,,,,,,,,
3995,1999,6,16,9,30,839,903,,,,,,,,,,,,,,,,,,,,,,,,,,,,,,,,,,,,,,,
3996,1999,6,16,10,30,960,927,,,,,,,,,,,,,,,,,,,,,,,,,,,,,,,,,,,,,,,
3997,1999,6,16,11,30,1025,938,,,,,,,,,,,,,,,,,,,,,,,,,,,,,,,,,,,,,,,
3998,1999,6,16,12,30,1030,937,,,,,,,,,,,,,,,,,,,,,,,,,,,,,,,,,,,,,,,
3999,1999,6,16,13,30,973,927,,,,,,,,,,,,,,,,,,,,,,,,,,,,,,,,,,,,,,,
4000,1999,6,16,14,30,861,906,,,,,,,,,,,,,,,,,,,,,,,,,,,,,,,,,,,,,,,
4001,1999,6,16,15,30,23,0,,,,,,,,,,,,,,,,,,,,,,,,,,,,,,,,,,,,,,,
4002,1999,6,16,16,30,14,0,,,,,,,,,,,,,,,,,,,,,,,,,,,,,,,,,,,,,,,
4003,1999,6,16,17,30,10,0,,,,,,,,,,,,,,,,,,,,,,,,,,,,,,,,,,,,,,,
4004,1999,6,16,18,30,23,0,,,,,,,,,,,,,,,,,,,,,,,,,,,,,,,,,,,,,,,
4005,1999,6,16,19,30,0,0,,,,,,,,,,,,,,,,,,,,,,,,,,,,,,,,,,,,,,,
4006,1999,6,16,20,30,0,0,,,,,,,,,,,,,,,,,,,,,,,,,,,,,,,,,,,,,,,
4007,1999,6,16,21,30,0,0,,,,,,,,,,,,,,,,,,,,,,,,,,,,,,,,,,,,,,,
4008,1999,6,16,22,30,0,0,,,,,,,,,,,,,,,,,,,,,,,,,,,,,,,,,,,,,,,
4009,1999,6,16,23,30,0,0,,,,,,,,,,,,,,,,,,,,,,,,,,,,,,,,,,,,,,,
4010,1999,6,17,0,30,0,0,,,,,,,,,,,,,,,,,,,,,,,,,,,,,,,,,,,,,,,
4011,1999,6,17,1,30,0,0,,,,,,,,,,,,,,,,,,,,,,,,,,,,,,,,,,,,,,,
4012,1999,6,17,2,30,0,0,,,,,,,,,,,,,,,,,,,,,,,,,,,,,,,,,,,,,,,
4013,1999,6,17,3,30,0,0,,,,,,,,,,,,,,,,,,,,,,,,,,,,,,,,,,,,,,,
4014,1999,6,17,4,30,0,0,,,,,,,,,,,,,,,,,,,,,,,,,,,,,,,,,,,,,,,
4015,1999,6,17,5,30,31,1,,,,,,,,,,,,,,,,,,,,,,,,,,,,,,,,,,,,,,,
4016,1999,6,17,6,30,93,7,,,,,,,,,,,,,,,,,,,,,,,,,,,,,,,,,,,,,,,
4017,1999,6,17,7,30,366,249,,,,,,,,,,,,,,,,,,,,,,,,,,,,,,,,,,,,,,,
4018,1999,6,17,8,30,535,386,,,,,,,,,,,,,,,,,,,,,,,,,,,,,,,,,,,,,,,
4019,1999,6,17,9,30,634,362,,,,,,,,,,,,,,,,,,,,,,,,,,,,,,,,,,,,,,,
4020,1999,6,17,10,30,605,197,,,,,,,,,,,,,,,,,,,,,,,,,,,,,,,,,,,,,,,
4021,1999,6,17,11,30,528,55,,,,,,,,,,,,,,,,,,,,,,,,,,,,,,,,,,,,,,,
4022,1999,6,17,12,30,771,322,,,,,,,,,,,,,,,,,,,,,,,,,,,,,,,,,,,,,,,
4023,1999,6,17,13,30,759,346,,,,,,,,,,,,,,,,,,,,,,,,,,,,,,,,,,,,,,,
4024,1999,6,17,14,30,760,598,,,,,,,,,,,,,,,,,,,,,,,,,,,,,,,,,,,,,,,
4025,1999,6,17,15,30,449,131,,,,,,,,,,,,,,,,,,,,,,,,,,,,,,,,,,,,,,,
4026,1999,6,17,16,30,155,4,,,,,,,,,,,,,,,,,,,,,,,,,,,,,,,,,,,,,,,
4027,1999,6,17,17,30,217,116,,,,,,,,,,,,,,,,,,,,,,,,,,,,,,,,,,,,,,,
4028,1999,6,17,18,30,92,384,,,,,,,,,,,,,,,,,,,,,,,,,,,,,,,,,,,,,,,
4029,1999,6,17,19,30,0,0,,,,,,,,,,,,,,,,,,,,,,,,,,,,,,,,,,,,,,,
4030,1999,6,17,20,30,0,0,,,,,,,,,,,,,,,,,,,,,,,,,,,,,,,,,,,,,,,
4031,1999,6,17,21,30,0,0,,,,,,,,,,,,,,,,,,,,,,,,,,,,,,,,,,,,,,,
4032,1999,6,17,22,30,0,0,,,,,,,,,,,,,,,,,,,,,,,,,,,,,,,,,,,,,,,
4033,1999,6,17,23,30,0,0,,,,,,,,,,,,,,,,,,,,,,,,,,,,,,,,,,,,,,,
4034,1999,6,18,0,30,0,0,,,,,,,,,,,,,,,,,,,,,,,,,,,,,,,,,,,,,,,
4035,1999,6,18,1,30,0,0,,,,,,,,,,,,,,,,,,,,,,,,,,,,,,,,,,,,,,,
4036,1999,6,18,2,30,0,0,,,,,,,,,,,,,,,,,,,,,,,,,,,,,,,,,,,,,,,
4037,1999,6,18,3,30,0,0,,,,,,,,,,,,,,,,,,,,,,,,,,,,,,,,,,,,,,,
4038,1999,6,18,4,30,0,0,,,,,,,,,,,,,,,,,,,,,,,,,,,,,,,,,,,,,,,
4039,1999,6,18,5,30,42,3,,,,,,,,,,,,,,,,,,,,,,,,,,,,,,,,,,,,,,,
4040,1999,6,18,6,30,249,385,,,,,,,,,,,,,,,,,,,,,,,,,,,,,,,,,,,,,,,
4041,1999,6,18,7,30,420,433,,,,,,,,,,,,,,,,,,,,,,,,,,,,,,,,,,,,,,,
4042,1999,6,18,8,30,679,864,,,,,,,,,,,,,,,,,,,,,,,,,,,,,,,,,,,,,,,
4043,1999,6,18,9,30,850,915,,,,,,,,,,,,,,,,,,,,,,,,,,,,,,,,,,,,,,,
4044,1999,6,18,10,30,926,787,,,,,,,,,,,,,,,,,,,,,,,,,,,,,,,,,,,,,,,
4045,1999,6,18,11,30,831,494,,,,,,,,,,,,,,,,,,,,,,,,,,,,,,,,,,,,,,,
4046,1999,6,18,12,30,879,638,,,,,,,,,,,,,,,,,,,,,,,,,,,,,,,,,,,,,,,
4047,1999,6,18,13,30,779,377,,,,,,,,,,,,,,,,,,,,,,,,,,,,,,,,,,,,,,,
4048,1999,6,18,14,30,792,632,,,,,,,,,,,,,,,,,,,,,,,,,,,,,,,,,,,,,,,
4049,1999,6,18,15,30,666,735,,,,,,,,,,,,,,,,,,,,,,,,,,,,,,,,,,,,,,,
4050,1999,6,18,16,30,298,80,,,,,,,,,,,,,,,,,,,,,,,,,,,,,,,,,,,,,,,
4051,1999,6,18,17,30,11,0,,,,,,,,,,,,,,,,,,,,,,,,,,,,,,,,,,,,,,,
4052,1999,6,18,18,30,66,10,,,,,,,,,,,,,,,,,,,,,,,,,,,,,,,,,,,,,,,
4053,1999,6,18,19,30,0,0,,,,,,,,,,,,,,,,,,,,,,,,,,,,,,,,,,,,,,,
4054,1999,6,18,20,30,0,0,,,,,,,,,,,,,,,,,,,,,,,,,,,,,,,,,,,,,,,
4055,1999,6,18,21,30,0,0,,,,,,,,,,,,,,,,,,,,,,,,,,,,,,,,,,,,,,,
4056,1999,6,18,22,30,0,0,,,,,,,,,,,,,,,,,,,,,,,,,,,,,,,,,,,,,,,
4057,1999,6,18,23,30,0,0,,,,,,,,,,,,,,,,,,,,,,,,,,,,,,,,,,,,,,,
4058,1999,6,19,0,30,0,0,,,,,,,,,,,,,,,,,,,,,,,,,,,,,,,,,,,,,,,
4059,1999,6,19,1,30,0,0,,,,,,,,,,,,,,,,,,,,,,,,,,,,,,,,,,,,,,,
4060,1999,6,19,2,30,0,0,,,,,,,,,,,,,,,,,,,,,,,,,,,,,,,,,,,,,,,
4061,1999,6,19,3,30,0,0,,,,,,,,,,,,,,,,,,,,,,,,,,,,,,,,,,,,,,,
4062,1999,6,19,4,30,0,0,,,,,,,,,,,,,,,,,,,,,,,,,,,,,,,,,,,,,,,
4063,1999,6,19,5,30,47,1,,,,,,,,,,,,,,,,,,,,,,,,,,,,,,,,,,,,,,,
4064,1999,6,19,6,30,212,231,,,,,,,,,,,,,,,,,,,,,,,,,,,,,,,,,,,,,,,
4065,1999,6,19,7,30,467,586,,,,,,,,,,,,,,,,,,,,,,,,,,,,,,,,,,,,,,,
4066,1999,6,19,8,30,672,860,,,,,,,,,,,,,,,,,,,,,,,,,,,,,,,,,,,,,,,
4067,1999,6,19,9,30,839,903,,,,,,,,,,,,,,,,,,,,,,,,,,,,,,,,,,,,,,,
4068,1999,6,19,10,30,911,759,,,,,,,,,,,,,,,,,,,,,,,,,,,,,,,,,,,,,,,
4069,1999,6,19,11,30,956,755,,,,,,,,,,,,,,,,,,,,,,,,,,,,,,,,,,,,,,,
4070,1999,6,19,12,30,960,806,,,,,,,,,,,,,,,,,,,,,,,,,,,,,,,,,,,,,,,
4071,1999,6,19,13,30,796,463,,,,,,,,,,,,,,,,,,,,,,,,,,,,,,,,,,,,,,,
4072,1999,6,19,14,30,651,329,,,,,,,,,,,,,,,,,,,,,,,,,,,,,,,,,,,,,,,
4073,1999,6,19,15,30,119,1,,,,,,,,,,,,,,,,,,,,,,,,,,,,,,,,,,,,,,,
4074,1999,6,19,16,30,49,0,,,,,,,,,,,,,,,,,,,,,,,,,,,,,,,,,,,,,,,
4075,1999,6,19,17,30,180,438,,,,,,,,,,,,,,,,,,,,,,,,,,,,,,,,,,,,,,,
4076,1999,6,19,18,30,103,414,,,,,,,,,,,,,,,,,,,,,,,,,,,,,,,,,,,,,,,
4077,1999,6,19,19,30,0,0,,,,,,,,,,,,,,,,,,,,,,,,,,,,,,,,,,,,,,,
4078,1999,6,19,20,30,0,0,,,,,,,,,,,,,,,,,,,,,,,,,,,,,,,,,,,,,,,
4079,1999,6,19,21,30,0,0,,,,,,,,,,,,,,,,,,,,,,,,,,,,,,,,,,,,,,,
4080,1999,6,19,22,30,0,0,,,,,,,,,,,,,,,,,,,,,,,,,,,,,,,,,,,,,,,
4081,1999,6,19,23,30,0,0,,,,,,,,,,,,,,,,,,,,,,,,,,,,,,,,,,,,,,,
4082,1999,6,20,0,30,0,0,,,,,,,,,,,,,,,,,,,,,,,,,,,,,,,,,,,,,,,
4083,1999,6,20,1,30,0,0,,,,,,,,,,,,,,,,,,,,,,,,,,,,,,,,,,,,,,,
4084,1999,6,20,2,30,0,0,,,,,,,,,,,,,,,,,,,,,,,,,,,,,,,,,,,,,,,
4085,1999,6,20,3,30,0,0,,,,,,,,,,,,,,,,,,,,,,,,,,,,,,,,,,,,,,,
4086,1999,6,20,4,30,0,0,,,,,,,,,,,,,,,,,,,,,,,,,,,,,,,,,,,,,,,
4087,1999,6,20,5,30,33,0,,,,,,,,,,,,,,,,,,,,,,,,,,,,,,,,,,,,,,,
4088,1999,6,20,6,30,192,68,,,,,,,,,,,,,,,,,,,,,,,,,,,,,,,,,,,,,,,
4089,1999,6,20,7,30,239,17,,,,,,,,,,,,,,,,,,,,,,,,,,,,,,,,,,,,,,,
4090,1999,6,20,8,30,678,888,,,,,,,,,,,,,,,,,,,,,,,,,,,,,,,,,,,,,,,
4091,1999,6,20,9,30,846,934,,,,,,,,,,,,,,,,,,,,,,,,,,,,,,,,,,,,,,,
4092,1999,6,20,10,30,971,962,,,,,,,,,,,,,,,,,,,,,,,,,,,,,,,,,,,,,,,
4093,1999,6,20,11,30,729,295,,,,,,,,,,,,,,,,,,,,,,,,,,,,,,,,,,,,,,,
4094,1999,6,20,12,30,802,260,,,,,,,,,,,,,,,,,,,,,,,,,,,,,,,,,,,,,,,
4095,1999,6,20,13,30,882,709,,,,,,,,,,,,,,,,,,,,,,,,,,,,,,,,,,,,,,,
4096,1999,6,20,14,30,62,0,,,,,,,,,,,,,,,,,,,,,,,,,,,,,,,,,,,,,,,
4097,1999,6,20,15,30,223,5,,,,,,,,,,,,,,,,,,,,,,,,,,,,,,,,,,,,,,,
4098,1999,6,20,16,30,172,8,,,,,,,,,,,,,,,,,,,,,,,,,,,,,,,,,,,,,,,
4099,1999,6,20,17,30,172,49,,,,,,,,,,,,,,,,,,,,,,,,,,,,,,,,,,,,,,,
4100,1999,6,20,18,30,67,75,,,,,,,,,,,,,,,,,,,,,,,,,,,,,,,,,,,,,,,
4101,1999,6,20,19,30,0,0,,,,,,,,,,,,,,,,,,,,,,,,,,,,,,,,,,,,,,,
4102,1999,6,20,20,30,0,0,,,,,,,,,,,,,,,,,,,,,,,,,,,,,,,,,,,,,,,
4103,1999,6,20,21,30,0,0,,,,,,,,,,,,,,,,,,,,,,,,,,,,,,,,,,,,,,,
4104,1999,6,20,22,30,0,0,,,,,,,,,,,,,,,,,,,,,,,,,,,,,,,,,,,,,,,
4105,1999,6,20,23,30,0,0,,,,,,,,,,,,,,,,,,,,,,,,,,,,,,,,,,,,,,,
4106,1999,6,21,0,30,0,0,,,,,,,,,,,,,,,,,,,,,,,,,,,,,,,,,,,,,,,
4107,1999,6,21,1,30,0,0,,,,,,,,,,,,,,,,,,,,,,,,,,,,,,,,,,,,,,,
4108,1999,6,21,2,30,0,0,,,,,,,,,,,,,,,,,,,,,,,,,,,,,,,,,,,,,,,
4109,1999,6,21,3,30,0,0,,,,,,,,,,,,,,,,,,,,,,,,,,,,,,,,,,,,,,,
4110,1999,6,21,4,30,0,0,,,,,,,,,,,,,,,,,,,,,,,,,,,,,,,,,,,,,,,
4111,1999,6,21,5,30,45,1,,,,,,,,,,,,,,,,,,,,,,,,,,,,,,,,,,,,,,,
4112,1999,6,21,6,30,30,0,,,,,,,,,,,,,,,,,,,,,,,,,,,,,,,,,,,,,,,
4113,1999,6,21,7,30,105,0,,,,,,,,,,,,,,,,,,,,,,,,,,,,,,,,,,,,,,,
4114,1999,6,21,8,30,302,9,,,,,,,,,,,,,,,,,,,,,,,,,,,,,,,,,,,,,,,
4115,1999,6,21,9,30,835,918,,,,,,,,,,,,,,,,,,,,,,,,,,,,,,,,,,,,,,,
4116,1999,6,21,10,30,522,61,,,,,,,,,,,,,,,,,,,,,,,,,,,,,,,,,,,,,,,
4117,1999,6,21,11,30,878,637,,,,,,,,,,,,,,,,,,,,,,,,,,,,,,,,,,,,,,,
4118,1999,6,21,12,30,297,1,,,,,,,,,,,,,,,,,,,,,,,,,,,,,,,,,,,,,,,
4119,1999,6,21,13,30,166,0,,,,,,,,,,,,,,,,,,,,,,,,,,,,,,,,,,,,,,,
4120,1999,6,21,14,30,131,0,,,,,,,,,,,,,,,,,,,,,,,,,,,,,,,,,,,,,,,
4121,1999,6,21,15,30,143,1,,,,,,,,,,,,,,,,,,,,,,,,,,,,,,,,,,,,,,,
4122,1999,6,21,16,30,13,0,,,,,,,,,,,,,,,,,,,,,,,,,,,,,,,,,,,,,,,
4123,1999,6,21,17,30,203,140,,,,,,,,,,,,,,,,,,,,,,,,,,,,,,,,,,,,,,,
4124,1999,6,21,18,30,63,2,,,,,,,,,,,,,,,,,,,,,,,,,,,,,,,,,,,,,,,
4125,1999,6,21,19,30,0,0,,,,,,,,,,,,,,,,,,,,,,,,,,,,,,,,,,,,,,,
4126,1999,6,21,20,30,0,0,,,,,,,,,,,,,,,,,,,,,,,,,,,,,,,,,,,,,,,
4127,1999,6,21,21,30,0,0,,,,,,,,,,,,,,,,,,,,,,,,,,,,,,,,,,,,,,,
4128,1999,6,21,22,30,0,0,,,,,,,,,,,,,,,,,,,,,,,,,,,,,,,,,,,,,,,
4129,1999,6,21,23,30,0,0,,,,,,,,,,,,,,,,,,,,,,,,,,,,,,,,,,,,,,,
4130,1999,6,22,0,30,0,0,,,,,,,,,,,,,,,,,,,,,,,,,,,,,,,,,,,,,,,
4131,1999,6,22,1,30,0,0,,,,,,,,,,,,,,,,,,,,,,,,,,,,,,,,,,,,,,,
4132,1999,6,22,2,30,0,0,,,,,,,,,,,,,,,,,,,,,,,,,,,,,,,,,,,,,,,
4133,1999,6,22,3,30,0,0,,,,,,,,,,,,,,,,,,,,,,,,,,,,,,,,,,,,,,,
4134,1999,6,22,4,30,0,0,,,,,,,,,,,,,,,,,,,,,,,,,,,,,,,,,,,,,,,
4135,1999,6,22,5,30,76,391,,,,,,,,,,,,,,,,,,,,,,,,,,,,,,,,,,,,,,,
4136,1999,6,22,6,30,270,688,,,,,,,,,,,,,,,,,,,,,,,,,,,,,,,,,,,,,,,
4137,1999,6,22,7,30,483,824,,,,,,,,,,,,,,,,,,,,,,,,,,,,,,,,,,,,,,,
4138,1999,6,22,8,30,686,899,,,,,,,,,,,,,,,,,,,,,,,,,,,,,,,,,,,,,,,
4139,1999,6,22,9,30,855,942,,,,,,,,,,,,,,,,,,,,,,,,,,,,,,,,,,,,,,,
4140,1999,6,22,10,30,981,972,,,,,,,,,,,,,,,,,,,,,,,,,,,,,,,,,,,,,,,
4141,1999,6,22,11,30,1052,988,,,,,,,,,,,,,,,,,,,,,,,,,,,,,,,,,,,,,,,
4142,1999,6,22,12,30,1062,994,,,,,,,,,,,,,,,,,,,,,,,,,,,,,,,,,,,,,,,
4143,1999,6,22,13,30,1007,987,,,,,,,,,,,,,,,,,,,,,,,,,,,,,,,,,,,,,,,
4144,1999,6,22,14,30,893,966,,,,,,,,,,,,,,,,,,,,,,,,,,,,,,,,,,,,,,,
4145,1999,6,22,15,30,732,930,,,,,,,,,,,,,,,,,,,,,,,,,,,,,,,,,,,,,,,
4146,1999,6,22,16,30,535,870,,,,,,,,,,,,,,,,,,,,,,,,,,,,,,,,,,,,,,,
4147,1999,6,22,17,30,321,763,,,,,,,,,,,,,,,,,,,,,,,,,,,,,,,,,,,,,,,
4148,1999,6,22,18,30,100,164,,,,,,,,,,,,,,,,,,,,,,,,,,,,,,,,,,,,,,,
4149,1999,6,22,19,30,0,0,,,,,,,,,,,,,,,,,,,,,,,,,,,,,,,,,,,,,,,
4150,1999,6,22,20,30,0,0,,,,,,,,,,,,,,,,,,,,,,,,,,,,,,,,,,,,,,,
4151,1999,6,22,21,30,0,0,,,,,,,,,,,,,,,,,,,,,,,,,,,,,,,,,,,,,,,
4152,1999,6,22,22,30,0,0,,,,,,,,,,,,,,,,,,,,,,,,,,,,,,,,,,,,,,,
4153,1999,6,22,23,30,0,0,,,,,,,,,,,,,,,,,,,,,,,,,,,,,,,,,,,,,,,
4154,1999,6,23,0,30,0,0,,,,,,,,,,,,,,,,,,,,,,,,,,,,,,,,,,,,,,,
4155,1999,6,23,1,30,0,0,,,,,,,,,,,,,,,,,,,,,,,,,,,,,,,,,,,,,,,
4156,1999,6,23,2,30,0,0,,,,,,,,,,,,,,,,,,,,,,,,,,,,,,,,,,,,,,,
4157,1999,6,23,3,30,0,0,,,,,,,,,,,,,,,,,,,,,,,,,,,,,,,,,,,,,,,
4158,1999,6,23,4,30,0,0,,,,,,,,,,,,,,,,,,,,,,,,,,,,,,,,,,,,,,,
4159,1999,6,23,5,30,84,494,,,,,,,,,,,,,,,,,,,,,,,,,,,,,,,,,,,,,,,
4160,1999,6,23,6,30,286,770,,,,,,,,,,,,,,,,,,,,,,,,,,,,,,,,,,,,,,,
4161,1999,6,23,7,30,503,884,,,,,,,,,,,,,,,,,,,,,,,,,,,,,,,,,,,,,,,
4162,1999,6,23,8,30,706,944,,,,,,,,,,,,,,,,,,,,,,,,,,,,,,,,,,,,,,,
4163,1999,6,23,9,30,878,980,,,,,,,,,,,,,,,,,,,,,,,,,,,,,,,,,,,,,,,
4164,1999,6,23,10,30,998,996,,,,,,,,,,,,,,,,,,,,,,,,,,,,,,,,,,,,,,,
4165,1999,6,23,11,30,1066,1005,,,,,,,,,,,,,,,,,,,,,,,,,,,,,,,,,,,,,,,
4166,1999,6,23,12,30,1073,1005,,,,,,,,,,,,,,,,,,,,,,,,,,,,,,,,,,,,,,,
4167,1999,6,23,13,30,1021,999,,,,,,,,,,,,,,,,,,,,,,,,,,,,,,,,,,,,,,,
4168,1999,6,23,14,30,906,978,,,,,,,,,,,,,,,,,,,,,,,,,,,,,,,,,,,,,,,
4169,1999,6,23,15,30,743,942,,,,,,,,,,,,,,,,,,,,,,,,,,,,,,,,,,,,,,,
4170,1999,6,23,16,30,543,880,,,,,,,,,,,,,,,,,,,,,,,,,,,,,,,,,,,,,,,
4171,1999,6,23,17,30,326,769,,,,,,,,,,,,,,,,,,,,,,,,,,,,,,,,,,,,,,,
4172,1999,6,23,18,30,115,296,,,,,,,,,,,,,,,,,,,,,,,,,,,,,,,,,,,,,,,
4173,1999,6,23,19,30,0,0,,,,,,,,,,,,,,,,,,,,,,,,,,,,,,,,,,,,,,,
4174,1999,6,23,20,30,0,0,,,,,,,,,,,,,,,,,,,,,,,,,,,,,,,,,,,,,,,
4175,1999,6,23,21,30,0,0,,,,,,,,,,,,,,,,,,,,,,,,,,,,,,,,,,,,,,,
4176,1999,6,23,22,30,0,0,,,,,,,,,,,,,,,,,,,,,,,,,,,,,,,,,,,,,,,
4177,1999,6,23,23,30,0,0,,,,,,,,,,,,,,,,,,,,,,,,,,,,,,,,,,,,,,,
4178,1999,6,24,0,30,0,0,,,,,,,,,,,,,,,,,,,,,,,,,,,,,,,,,,,,,,,
4179,1999,6,24,1,30,0,0,,,,,,,,,,,,,,,,,,,,,,,,,,,,,,,,,,,,,,,
4180,1999,6,24,2,30,0,0,,,,,,,,,,,,,,,,,,,,,,,,,,,,,,,,,,,,,,,
4181,1999,6,24,3,30,0,0,,,,,,,,,,,,,,,,,,,,,,,,,,,,,,,,,,,,,,,
4182,1999,6,24,4,30,0,0,,,,,,,,,,,,,,,,,,,,,,,,,,,,,,,,,,,,,,,
4183,1999,6,24,5,30,78,428,,,,,,,,,,,,,,,,,,,,,,,,,,,,,,,,,,,,,,,
4184,1999,6,24,6,30,277,721,,,,,,,,,,,,,,,,,,,,,,,,,,,,,,,,,,,,,,,
4185,1999,6,24,7,30,494,850,,,,,,,,,,,,,,,,,,,,,,,,,,,,,,,,,,,,,,,
4186,1999,6,24,8,30,698,919,,,,,,,,,,,,,,,,,,,,,,,,,,,,,,,,,,,,,,,
4187,1999,6,24,9,30,870,960,,,,,,,,,,,,,,,,,,,,,,,,,,,,,,,,,,,,,,,
4188,1999,6,24,10,30,992,979,,,,,,,,,,,,,,,,,,,,,,,,,,,,,,,,,,,,,,,
4189,1999,6,24,11,30,1060,988,,,,,,,,,,,,,,,,,,,,,,,,,,,,,,,,,,,,,,,
4190,1999,6,24,12,30,1067,990,,,,,,,,,,,,,,,,,,,,,,,,,,,,,,,,,,,,,,,
4191,1999,6,24,13,30,1011,980,,,,,,,,,,,,,,,,,,,,,,,,,,,,,,,,,,,,,,,
4192,1999,6,24,14,30,898,960,,,,,,,,,,,,,,,,,,,,,,,,,,,,,,,,,,,,,,,
4193,1999,6,24,15,30,735,924,,,,,,,,,,,,,,,,,,,,,,,,,,,,,,,,,,,,,,,
4194,1999,6,24,16,30,537,864,,,,,,,,,,,,,,,,,,,,,,,,,,,,,,,,,,,,,,,
4195,1999,6,24,17,30,322,754,,,,,,,,,,,,,,,,,,,,,,,,,,,,,,,,,,,,,,,
4196,1999,6,24,18,30,116,515,,,,,,,,,,,,,,,,,,,,,,,,,,,,,,,,,,,,,,,
4197,1999,6,24,19,30,0,0,,,,,,,,,,,,,,,,,,,,,,,,,,,,,,,,,,,,,,,
4198,1999,6,24,20,30,0,0,,,,,,,,,,,,,,,,,,,,,,,,,,,,,,,,,,,,,,,
4199,1999,6,24,21,30,0,0,,,,,,,,,,,,,,,,,,,,,,,,,,,,,,,,,,,,,,,
4200,1999,6,24,22,30,0,0,,,,,,,,,,,,,,,,,,,,,,,,,,,,,,,,,,,,,,,
4201,1999,6,24,23,30,0,0,,,,,,,,,,,,,,,,,,,,,,,,,,,,,,,,,,,,,,,
4202,1999,6,25,0,30,0,0,,,,,,,,,,,,,,,,,,,,,,,,,,,,,,,,,,,,,,,
4203,1999,6,25,1,30,0,0,,,,,,,,,,,,,,,,,,,,,,,,,,,,,,,,,,,,,,,
4204,1999,6,25,2,30,0,0,,,,,,,,,,,,,,,,,,,,,,,,,,,,,,,,,,,,,,,
4205,1999,6,25,3,30,0,0,,,,,,,,,,,,,,,,,,,,,,,,,,,,,,,,,,,,,,,
4206,1999,6,25,4,30,0,0,,,,,,,,,,,,,,,,,,,,,,,,,,,,,,,,,,,,,,,
4207,1999,6,25,5,30,75,408,,,,,,,,,,,,,,,,,,,,,,,,,,,,,,,,,,,,,,,
4208,1999,6,25,6,30,264,684,,,,,,,,,,,,,,,,,,,,,,,,,,,,,,,,,,,,,,,
4209,1999,6,25,7,30,473,808,,,,,,,,,,,,,,,,,,,,,,,,,,,,,,,,,,,,,,,
4210,1999,6,25,8,30,669,877,,,,,,,,,,,,,,,,,,,,,,,,,,,,,,,,,,,,,,,
4211,1999,6,25,9,30,838,922,,,,,,,,,,,,,,,,,,,,,,,,,,,,,,,,,,,,,,,
4212,1999,6,25,10,30,962,950,,,,,,,,,,,,,,,,,,,,,,,,,,,,,,,,,,,,,,,
4213,1999,6,25,11,30,1032,965,,,,,,,,,,,,,,,,,,,,,,,,,,,,,,,,,,,,,,,
4214,1999,6,25,12,30,1042,970,,,,,,,,,,,,,,,,,,,,,,,,,,,,,,,,,,,,,,,
4215,1999,6,25,13,30,993,969,,,,,,,,,,,,,,,,,,,,,,,,,,,,,,,,,,,,,,,
4216,1999,6,25,14,30,885,956,,,,,,,,,,,,,,,,,,,,,,,,,,,,,,,,,,,,,,,
4217,1999,6,25,15,30,726,925,,,,,,,,,,,,,,,,,,,,,,,,,,,,,,,,,,,,,,,
4218,1999,6,25,16,30,433,429,,,,,,,,,,,,,,,,,,,,,,,,,,,,,,,,,,,,,,,
4219,1999,6,25,17,30,319,762,,,,,,,,,,,,,,,,,,,,,,,,,,,,,,,,,,,,,,,
4220,1999,6,25,18,30,96,142,,,,,,,,,,,,,,,,,,,,,,,,,,,,,,,,,,,,,,,
4221,1999,6,25,19,30,0,0,,,,,,,,,,,,,,,,,,,,,,,,,,,,,,,,,,,,,,,
4222,1999,6,25,20,30,0,0,,,,,,,,,,,,,,,,,,,,,,,,,,,,,,,,,,,,,,,
4223,1999,6,25,21,30,0,0,,,,,,,,,,,,,,,,,,,,,,,,,,,,,,,,,,,,,,,
4224,1999,6,25,22,30,0,0,,,,,,,,,,,,,,,,,,,,,,,,,,,,,,,,,,,,,,,
4225,1999,6,25,23,30,0,0,,,,,,,,,,,,,,,,,,,,,,,,,,,,,,,,,,,,,,,
4226,1999,6,26,0,30,0,0,,,,,,,,,,,,,,,,,,,,,,,,,,,,,,,,,,,,,,,
4227,1999,6,26,1,30,0,0,,,,,,,,,,,,,,,,,,,,,,,,,,,,,,,,,,,,,,,
4228,1999,6,26,2,30,0,0,,,,,,,,,,,,,,,,,,,,,,,,,,,,,,,,,,,,,,,
4229,1999,6,26,3,30,0,0,,,,,,,,,,,,,,,,,,,,,,,,,,,,,,,,,,,,,,,
4230,1999,6,26,4,30,0,0,,,,,,,,,,,,,,,,,,,,,,,,,,,,,,,,,,,,,,,
4231,1999,6,26,5,30,76,455,,,,,,,,,,,,,,,,,,,,,,,,,,,,,,,,,,,,,,,
4232,1999,6,26,6,30,272,737,,,,,,,,,,,,,,,,,,,,,,,,,,,,,,,,,,,,,,,
4233,1999,6,26,7,30,484,859,,,,,,,,,,,,,,,,,,,,,,,,,,,,,,,,,,,,,,,
4234,1999,6,26,8,30,684,926,,,,,,,,,,,,,,,,,,,,,,,,,,,,,,,,,,,,,,,
4235,1999,6,26,9,30,855,967,,,,,,,,,,,,,,,,,,,,,,,,,,,,,,,,,,,,,,,
4236,1999,6,26,10,30,976,986,,,,,,,,,,,,,,,,,,,,,,,,,,,,,,,,,,,,,,,
4237,1999,6,26,11,30,1044,997,,,,,,,,,,,,,,,,,,,,,,,,,,,,,,,,,,,,,,,
4238,1999,6,26,12,30,1048,994,,,,,,,,,,,,,,,,,,,,,,,,,,,,,,,,,,,,,,,
4239,1999,6,26,13,30,992,983,,,,,,,,,,,,,,,,,,,,,,,,,,,,,,,,,,,,,,,
4240,1999,6,26,14,30,794,697,,,,,,,,,,,,,,,,,,,,,,,,,,,,,,,,,,,,,,,
4241,1999,6,26,15,30,578,307,,,,,,,,,,,,,,,,,,,,,,,,,,,,,,,,,,,,,,,
4242,1999,6,26,16,30,13,0,,,,,,,,,,,,,,,,,,,,,,,,,,,,,,,,,,,,,,,
4243,1999,6,26,17,30,239,222,,,,,,,,,,,,,,,,,,,,,,,,,,,,,,,,,,,,,,,
4244,1999,6,26,18,30,69,14,,,,,,,,,,,,,,,,,,,,,,,,,,,,,,,,,,,,,,,
4245,1999,6,26,19,30,0,0,,,,,,,,,,,,,,,,,,,,,,,,,,,,,,,,,,,,,,,
4246,1999,6,26,20,30,0,0,,,,,,,,,,,,,,,,,,,,,,,,,,,,,,,,,,,,,,,
4247,1999,6,26,21,30,0,0,,,,,,,,,,,,,,,,,,,,,,,,,,,,,,,,,,,,,,,
4248,1999,6,26,22,30,0,0,,,,,,,,,,,,,,,,,,,,,,,,,,,,,,,,,,,,,,,
4249,1999,6,26,23,30,0,0,,,,,,,,,,,,,,,,,,,,,,,,,,,,,,,,,,,,,,,
4250,1999,6,27,0,30,0,0,,,,,,,,,,,,,,,,,,,,,,,,,,,,,,,,,,,,,,,
4251,1999,6,27,1,30,0,0,,,,,,,,,,,,,,,,,,,,,,,,,,,,,,,,,,,,,,,
4252,1999,6,27,2,30,0,0,,,,,,,,,,,,,,,,,,,,,,,,,,,,,,,,,,,,,,,
4253,1999,6,27,3,30,0,0,,,,,,,,,,,,,,,,,,,,,,,,,,,,,,,,,,,,,,,
4254,1999,6,27,4,30,0,0,,,,,,,,,,,,,,,,,,,,,,,,,,,,,,,,,,,,,,,
4255,1999,6,27,5,30,50,14,,,,,,,,,,,,,,,,,,,,,,,,,,,,,,,,,,,,,,,
4256,1999,6,27,6,30,270,732,,,,,,,,,,,,,,,,,,,,,,,,,,,,,,,,,,,,,,,
4257,1999,6,27,7,30,482,856,,,,,,,,,,,,,,,,,,,,,,,,,,,,,,,,,,,,,,,
4258,1999,6,27,8,30,681,921,,,,,,,,,,,,,,,,,,,,,,,,,,,,,,,,,,,,,,,
4259,1999,6,27,9,30,850,961,,,,,,,,,,,,,,,,,,,,,,,,,,,,,,,,,,,,,,,
4260,1999,6,27,10,30,970,980,,,,,,,,,,,,,,,,,,,,,,,,,,,,,,,,,,,,,,,
4261,1999,6,27,11,30,1036,985,,,,,,,,,,,,,,,,,,,,,,,,,,,,,,,,,,,,,,,
4262,1999,6,27,12,30,1043,985,,,,,,,,,,,,,,,,,,,,,,,,,,,,,,,,,,,,,,,
4263,1999,6,27,13,30,987,972,,,,,,,,,,,,,,,,,,,,,,,,,,,,,,,,,,,,,,,
4264,1999,6,27,14,30,874,946,,,,,,,,,,,,,,,,,,,,,,,,,,,,,,,,,,,,,,,
4265,1999,6,27,15,30,105,0,,,,,,,,,,,,,,,,,,,,,,,,,,,,,,,,,,,,,,,
4266,1999,6,27,16,30,155,6,,,,,,,,,,,,,,,,,,,,,,,,,,,,,,,,,,,,,,,
4267,1999,6,27,17,30,12,0,,,,,,,,,,,,,,,,,,,,,,,,,,,,,,,,,,,,,,,
4268,1999,6,27,18,30,99,305,,,,,,,,,,,,,,,,,,,,,,,,,,,,,,,,,,,,,,,
4269,1999,6,27,19,30,0,0,,,,,,,,,,,,,,,,,,,,,,,,,,,,,,,,,,,,,,,
4270,1999,6,27,20,30,0,0,,,,,,,,,,,,,,,,,,,,,,,,,,,,,,,,,,,,,,,
4271,1999,6,27,21,30,0,0,,,,,,,,,,,,,,,,,,,,,,,,,,,,,,,,,,,,,,,
4272,1999,6,27,22,30,0,0,,,,,,,,,,,,,,,,,,,,,,,,,,,,,,,,,,,,,,,
4273,1999,6,27,23,30,0,0,,,,,,,,,,,,,,,,,,,,,,,,,,,,,,,,,,,,,,,
4274,1999,6,28,0,30,0,0,,,,,,,,,,,,,,,,,,,,,,,,,,,,,,,,,,,,,,,
4275,1999,6,28,1,30,0,0,,,,,,,,,,,,,,,,,,,,,,,,,,,,,,,,,,,,,,,
4276,1999,6,28,2,30,0,0,,,,,,,,,,,,,,,,,,,,,,,,,,,,,,,,,,,,,,,
4277,1999,6,28,3,30,0,0,,,,,,,,,,,,,,,,,,,,,,,,,,,,,,,,,,,,,,,
4278,1999,6,28,4,30,0,0,,,,,,,,,,,,,,,,,,,,,,,,,,,,,,,,,,,,,,,
4279,1999,6,28,5,30,75,454,,,,,,,,,,,,,,,,,,,,,,,,,,,,,,,,,,,,,,,
4280,1999,6,28,6,30,270,737,,,,,,,,,,,,,,,,,,,,,,,,,,,,,,,,,,,,,,,
4281,1999,6,28,7,30,485,861,,,,,,,,,,,,,,,,,,,,,,,,,,,,,,,,,,,,,,,
4282,1999,6,28,8,30,686,928,,,,,,,,,,,,,,,,,,,,,,,,,,,,,,,,,,,,,,,
4283,1999,6,28,9,30,858,969,,,,,,,,,,,,,,,,,,,,,,,,,,,,,,,,,,,,,,,
4284,1999,6,28,10,30,982,992,,,,,,,,,,,,,,,,,,,,,,,,,,,,,,,,,,,,,,,
4285,1999,6,28,11,30,1051,1003,,,,,,,,,,,,,,,,,,,,,,,,,,,,,,,,,,,,,,,
4286,1999,6,28,12,30,1058,1003,,,,,,,,,,,,,,,,,,,,,,,,,,,,,,,,,,,,,,,
4287,1999,6,28,13,30,1004,995,,,,,,,,,,,,,,,,,,,,,,,,,,,,,,,,,,,,,,,
4288,1999,6,28,14,30,890,972,,,,,,,,,,,,,,,,,,,,,,,,,,,,,,,,,,,,,,,
4289,1999,6,28,15,30,728,934,,,,,,,,,,,,,,,,,,,,,,,,,,,,,,,,,,,,,,,
4290,1999,6,28,16,30,532,872,,,,,,,,,,,,,,,,,,,,,,,,,,,,,,,,,,,,,,,
4291,1999,6,28,17,30,320,767,,,,,,,,,,,,,,,,,,,,,,,,,,,,,,,,,,,,,,,
4292,1999,6,28,18,30,100,150,,,,,,,,,,,,,,,,,,,,,,,,,,,,,,,,,,,,,,,
4293,1999,6,28,19,30,0,0,,,,,,,,,,,,,,,,,,,,,,,,,,,,,,,,,,,,,,,
4294,1999,6,28,20,30,0,0,,,,,,,,,,,,,,,,,,,,,,,,,,,,,,,,,,,,,,,
4295,1999,6,28,21,30,0,0,,,,,,,,,,,,,,,,,,,,,,,,,,,,,,,,,,,,,,,
4296,1999,6,28,22,30,0,0,,,,,,,,,,,,,,,,,,,,,,,,,,,,,,,,,,,,,,,
4297,1999,6,28,23,30,0,0,,,,,,,,,,,,,,,,,,,,,,,,,,,,,,,,,,,,,,,
4298,1999,6,29,0,30,0,0,,,,,,,,,,,,,,,,,,,,,,,,,,,,,,,,,,,,,,,
4299,1999,6,29,1,30,0,0,,,,,,,,,,,,,,,,,,,,,,,,,,,,,,,,,,,,,,,
4300,1999,6,29,2,30,0,0,,,,,,,,,,,,,,,,,,,,,,,,,,,,,,,,,,,,,,,
4301,1999,6,29,3,30,0,0,,,,,,,,,,,,,,,,,,,,,,,,,,,,,,,,,,,,,,,
4302,1999,6,29,4,30,0,0,,,,,,,,,,,,,,,,,,,,,,,,,,,,,,,,,,,,,,,
4303,1999,6,29,5,30,73,433,,,,,,,,,,,,,,,,,,,,,,,,,,,,,,,,,,,,,,,
4304,1999,6,29,6,30,269,728,,,,,,,,,,,,,,,,,,,,,,,,,,,,,,,,,,,,,,,
4305,1999,6,29,7,30,482,853,,,,,,,,,,,,,,,,,,,,,,,,,,,,,,,,,,,,,,,
4306,1999,6,29,8,30,685,920,,,,,,,,,,,,,,,,,,,,,,,,,,,,,,,,,,,,,,,
4307,1999,6,29,9,30,858,962,,,,,,,,,,,,,,,,,,,,,,,,,,,,,,,,,,,,,,,
4308,1999,6,29,10,30,986,987,,,,,,,,,,,,,,,,,,,,,,,,,,,,,,,,,,,,,,,
4309,1999,6,29,11,30,1059,1002,,,,,,,,,,,,,,,,,,,,,,,,,,,,,,,,,,,,,,,
4310,1999,6,29,12,30,1070,1006,,,,,,,,,,,,,,,,,,,,,,,,,,,,,,,,,,,,,,,
4311,1999,6,29,13,30,1015,998,,,,,,,,,,,,,,,,,,,,,,,,,,,,,,,,,,,,,,,
4312,1999,6,29,14,30,906,981,,,,,,,,,,,,,,,,,,,,,,,,,,,,,,,,,,,,,,,
4313,1999,6,29,15,30,744,947,,,,,,,,,,,,,,,,,,,,,,,,,,,,,,,,,,,,,,,
4314,1999,6,29,16,30,545,887,,,,,,,,,,,,,,,,,,,,,,,,,,,,,,,,,,,,,,,
4315,1999,6,29,17,30,329,782,,,,,,,,,,,,,,,,,,,,,,,,,,,,,,,,,,,,,,,
4316,1999,6,29,18,30,121,555,,,,,,,,,,,,,,,,,,,,,,,,,,,,,,,,,,,,,,,
4317,1999,6,29,19,30,0,0,,,,,,,,,,,,,,,,,,,,,,,,,,,,,,,,,,,,,,,
4318,1999,6,29,20,30,0,0,,,,,,,,,,,,,,,,,,,,,,,,,,,,,,,,,,,,,,,
4319,1999,6,29,21,30,0,0,,,,,,,,,,,,,,,,,,,,,,,,,,,,,,,,,,,,,,,
4320,1999,6,29,22,30,0,0,,,,,,,,,,,,,,,,,,,,,,,,,,,,,,,,,,,,,,,
4321,1999,6,29,23,30,0,0,,,,,,,,,,,,,,,,,,,,,,,,,,,,,,,,,,,,,,,
4322,1999,6,30,0,30,0,0,,,,,,,,,,,,,,,,,,,,,,,,,,,,,,,,,,,,,,,
4323,1999,6,30,1,30,0,0,,,,,,,,,,,,,,,,,,,,,,,,,,,,,,,,,,,,,,,
4324,1999,6,30,2,30,0,0,,,,,,,,,,,,,,,,,,,,,,,,,,,,,,,,,,,,,,,
4325,1999,6,30,3,30,0,0,,,,,,,,,,,,,,,,,,,,,,,,,,,,,,,,,,,,,,,
4326,1999,6,30,4,30,0,0,,,,,,,,,,,,,,,,,,,,,,,,,,,,,,,,,,,,,,,
4327,1999,6,30,5,30,75,467,,,,,,,,,,,,,,,,,,,,,,,,,,,,,,,,,,,,,,,
4328,1999,6,30,6,30,275,761,,,,,,,,,,,,,,,,,,,,,,,,,,,,,,,,,,,,,,,
4329,1999,6,30,7,30,493,884,,,,,,,,,,,,,,,,,,,,,,,,,,,,,,,,,,,,,,,
4330,1999,6,30,8,30,698,950,,,,,,,,,,,,,,,,,,,,,,,,,,,,,,,,,,,,,,,
4331,1999,6,30,9,30,867,985,,,,,,,,,,,,,,,,,,,,,,,,,,,,,,,,,,,,,,,
4332,1999,6,30,10,30,993,1005,,,,,,,,,,,,,,,,,,,,,,,,,,,,,,,,,,,,,,,
4333,1999,6,30,11,30,1063,1014,,,,,,,,,,,,,,,,,,,,,,,,,,,,,,,,,,,,,,,
4334,1999,6,30,12,30,1067,1011,,,,,,,,,,,,,,,,,,,,,,,,,,,,,,,,,,,,,,,
4335,1999,6,30,13,30,1013,1002,,,,,,,,,,,,,,,,,,,,,,,,,,,,,,,,,,,,,,,
4336,1999,6,30,14,30,901,981,,,,,,,,,,,,,,,,,,,,,,,,,,,,,,,,,,,,,,,
4337,1999,6,30,15,30,739,946,,,,,,,,,,,,,,,,,,,,,,,,,,,,,,,,,,,,,,,
4338,1999,6,30,16,30,543,888,,,,,,,,,,,,,,,,,,,,,,,,,,,,,,,,,,,,,,,
4339,1999,6,30,17,30,329,787,,,,,,,,,,,,,,,,,,,,,,,,,,,,,,,,,,,,,,,
4340,1999,6,30,18,30,120,558,,,,,,,,,,,,,,,,,,,,,,,,,,,,,,,,,,,,,,,
4341,1999,6,30,19,30,0,0,,,,,,,,,,,,,,,,,,,,,,,,,,,,,,,,,,,,,,,
4342,1999,6,30,20,30,0,0,,,,,,,,,,,,,,,,,,,,,,,,,,,,,,,,,,,,,,,
4343,1999,6,30,21,30,0,0,,,,,,,,,,,,,,,,,,,,,,,,,,,,,,,,,,,,,,,
4344,1999,6,30,22,30,0,0,,,,,,,,,,,,,,,,,,,,,,,,,,,,,,,,,,,,,,,
4345,1999,6,30,23,30,0,0,,,,,,,,,,,,,,,,,,,,,,,,,,,,,,,,,,,,,,,
4346,1999,7,1,0,30,0,0,,,,,,,,,,,,,,,,,,,,,,,,,,,,,,,,,,,,,,,
4347,1999,7,1,1,30,0,0,,,,,,,,,,,,,,,,,,,,,,,,,,,,,,,,,,,,,,,
4348,1999,7,1,2,30,0,0,,,,,,,,,,,,,,,,,,,,,,,,,,,,,,,,,,,,,,,
4349,1999,7,1,3,30,0,0,,,,,,,,,,,,,,,,,,,,,,,,,,,,,,,,,,,,,,,
4350,1999,7,1,4,30,0,0,,,,,,,,,,,,,,,,,,,,,,,,,,,,,,,,,,,,,,,
4351,1999,7,1,5,30,74,468,,,,,,,,,,,,,,,,,,,,,,,,,,,,,,,,,,,,,,,
4352,1999,7,1,6,30,270,751,,,,,,,,,,,,,,,,,,,,,,,,,,,,,,,,,,,,,,,
4353,1999,7,1,7,30,485,871,,,,,,,,,,,,,,,,,,,,,,,,,,,,,,,,,,,,,,,
4354,1999,7,1,8,30,687,935,,,,,,,,,,,,,,,,,,,,,,,,,,,,,,,,,,,,,,,
4355,1999,7,1,9,30,855,969,,,,,,,,,,,,,,,,,,,,,,,,,,,,,,,,,,,,,,,
4356,1999,7,1,10,30,980,990,,,,,,,,,,,,,,,,,,,,,,,,,,,,,,,,,,,,,,,
4357,1999,7,1,11,30,1049,999,,,,,,,,,,,,,,,,,,,,,,,,,,,,,,,,,,,,,,,
4358,1999,7,1,12,30,1054,997,,,,,,,,,,,,,,,,,,,,,,,,,,,,,,,,,,,,,,,
4359,1999,7,1,13,30,1000,987,,,,,,,,,,,,,,,,,,,,,,,,,,,,,,,,,,,,,,,
4360,1999,7,1,14,30,889,965,,,,,,,,,,,,,,,,,,,,,,,,,,,,,,,,,,,,,,,
4361,1999,7,1,15,30,465,192,,,,,,,,,,,,,,,,,,,,,,,,,,,,,,,,,,,,,,,
4362,1999,7,1,16,30,357,193,,,,,,,,,,,,,,,,,,,,,,,,,,,,,,,,,,,,,,,
4363,1999,7,1,17,30,299,419,,,,,,,,,,,,,,,,,,,,,,,,,,,,,,,,,,,,,,,
4364,1999,7,1,18,30,114,492,,,,,,,,,,,,,,,,,,,,,,,,,,,,,,,,,,,,,,,
4365,1999,7,1,19,30,0,0,,,,,,,,,,,,,,,,,,,,,,,,,,,,,,,,,,,,,,,
4366,1999,7,1,20,30,0,0,,,,,,,,,,,,,,,,,,,,,,,,,,,,,,,,,,,,,,,
4367,1999,7,1,21,30,0,0,,,,,,,,,,,,,,,,,,,,,,,,,,,,,,,,,,,,,,,
4368,1999,7,1,22,30,0,0,,,,,,,,,,,,,,,,,,,,,,,,,,,,,,,,,,,,,,,
4369,1999,7,1,23,30,0,0,,,,,,,,,,,,,,,,,,,,,,,,,,,,,,,,,,,,,,,
4370,1999,7,2,0,30,0,0,,,,,,,,,,,,,,,,,,,,,,,,,,,,,,,,,,,,,,,
4371,1999,7,2,1,30,0,0,,,,,,,,,,,,,,,,,,,,,,,,,,,,,,,,,,,,,,,
4372,1999,7,2,2,30,0,0,,,,,,,,,,,,,,,,,,,,,,,,,,,,,,,,,,,,,,,
4373,1999,7,2,3,30,0,0,,,,,,,,,,,,,,,,,,,,,,,,,,,,,,,,,,,,,,,
4374,1999,7,2,4,30,0,0,,,,,,,,,,,,,,,,,,,,,,,,,,,,,,,,,,,,,,,
4375,1999,7,2,5,30,52,13,,,,,,,,,,,,,,,,,,,,,,,,,,,,,,,,,,,,,,,
4376,1999,7,2,6,30,162,56,,,,,,,,,,,,,,,,,,,,,,,,,,,,,,,,,,,,,,,
4377,1999,7,2,7,30,403,471,,,,,,,,,,,,,,,,,,,,,,,,,,,,,,,,,,,,,,,
4378,1999,7,2,8,30,563,425,,,,,,,,,,,,,,,,,,,,,,,,,,,,,,,,,,,,,,,
4379,1999,7,2,9,30,502,123,,,,,,,,,,,,,,,,,,,,,,,,,,,,,,,,,,,,,,,
4380,1999,7,2,10,30,832,496,,,,,,,,,,,,,,,,,,,,,,,,,,,,,,,,,,,,,,,
4381,1999,7,2,11,30,879,582,,,,,,,,,,,,,,,,,,,,,,,,,,,,,,,,,,,,,,,
4382,1999,7,2,12,30,933,685,,,,,,,,,,,,,,,,,,,,,,,,,,,,,,,,,,,,,,,
4383,1999,7,2,13,30,984,929,,,,,,,,,,,,,,,,,,,,,,,,,,,,,,,,,,,,,,,
4384,1999,7,2,14,30,808,718,,,,,,,,,,,,,,,,,,,,,,,,,,,,,,,,,,,,,,,
4385,1999,7,2,15,30,665,633,,,,,,,,,,,,,,,,,,,,,,,,,,,,,,,,,,,,,,,
4386,1999,7,2,16,30,523,814,,,,,,,,,,,,,,,,,,,,,,,,,,,,,,,,,,,,,,,
4387,1999,7,2,17,30,278,349,,,,,,,,,,,,,,,,,,,,,,,,,,,,,,,,,,,,,,,
4388,1999,7,2,18,30,9,0,,,,,,,,,,,,,,,,,,,,,,,,,,,,,,,,,,,,,,,
4389,1999,7,2,19,30,0,0,,,,,,,,,,,,,,,,,,,,,,,,,,,,,,,,,,,,,,,
4390,1999,7,2,20,30,0,0,,,,,,,,,,,,,,,,,,,,,,,,,,,,,,,,,,,,,,,
4391,1999,7,2,21,30,0,0,,,,,,,,,,,,,,,,,,,,,,,,,,,,,,,,,,,,,,,
4392,1999,7,2,22,30,0,0,,,,,,,,,,,,,,,,,,,,,,,,,,,,,,,,,,,,,,,
4393,1999,7,2,23,30,0,0,,,,,,,,,,,,,,,,,,,,,,,,,,,,,,,,,,,,,,,
4394,1999,7,3,0,30,0,0,,,,,,,,,,,,,,,,,,,,,,,,,,,,,,,,,,,,,,,
4395,1999,7,3,1,30,0,0,,,,,,,,,,,,,,,,,,,,,,,,,,,,,,,,,,,,,,,
4396,1999,7,3,2,30,0,0,,,,,,,,,,,,,,,,,,,,,,,,,,,,,,,,,,,,,,,
4397,1999,7,3,3,30,0,0,,,,,,,,,,,,,,,,,,,,,,,,,,,,,,,,,,,,,,,
4398,1999,7,3,4,30,0,0,,,,,,,,,,,,,,,,,,,,,,,,,,,,,,,,,,,,,,,
4399,1999,7,3,5,30,42,4,,,,,,,,,,,,,,,,,,,,,,,,,,,,,,,,,,,,,,,
4400,1999,7,3,6,30,219,253,,,,,,,,,,,,,,,,,,,,,,,,,,,,,,,,,,,,,,,
4401,1999,7,3,7,30,107,0,,,,,,,,,,,,,,,,,,,,,,,,,,,,,,,,,,,,,,,
4402,1999,7,3,8,30,588,433,,,,,,,,,,,,,,,,,,,,,,,,,,,,,,,,,,,,,,,
4403,1999,7,3,9,30,721,588,,,,,,,,,,,,,,,,,,,,,,,,,,,,,,,,,,,,,,,
4404,1999,7,3,10,30,953,935,,,,,,,,,,,,,,,,,,,,,,,,,,,,,,,,,,,,,,,
4405,1999,7,3,11,30,973,696,,,,,,,,,,,,,,,,,,,,,,,,,,,,,,,,,,,,,,,
4406,1999,7,3,12,30,304,6,,,,,,,,,,,,,,,,,,,,,,,,,,,,,,,,,,,,,,,
4407,1999,7,3,13,30,308,1,,,,,,,,,,,,,,,,,,,,,,,,,,,,,,,,,,,,,,,
4408,1999,7,3,14,30,137,0,,,,,,,,,,,,,,,,,,,,,,,,,,,,,,,,,,,,,,,
4409,1999,7,3,15,30,51,0,,,,,,,,,,,,,,,,,,,,,,,,,,,,,,,,,,,,,,,
4410,1999,7,3,16,30,510,793,,,,,,,,,,,,,,,,,,,,,,,,,,,,,,,,,,,,,,,
4411,1999,7,3,17,30,276,406,,,,,,,,,,,,,,,,,,,,,,,,,,,,,,,,,,,,,,,
4412,1999,7,3,18,30,87,54,,,,,,,,,,,,,,,,,,,,,,,,,,,,,,,,,,,,,,,
4413,1999,7,3,19,30,0,0,,,,,,,,,,,,,,,,,,,,,,,,,,,,,,,,,,,,,,,
4414,1999,7,3,20,30,0,0,,,,,,,,,,,,,,,,,,,,,,,,,,,,,,,,,,,,,,,
4415,1999,7,3,21,30,0,0,,,,,,,,,,,,,,,,,,,,,,,,,,,,,,,,,,,,,,,
4416,1999,7,3,22,30,0,0,,,,,,,,,,,,,,,,,,,,,,,,,,,,,,,,,,,,,,,
4417,1999,7,3,23,30,0,0,,,,,,,,,,,,,,,,,,,,,,,,,,,,,,,,,,,,,,,
4418,1999,7,4,0,30,0,0,,,,,,,,,,,,,,,,,,,,,,,,,,,,,,,,,,,,,,,
4419,1999,7,4,1,30,0,0,,,,,,,,,,,,,,,,,,,,,,,,,,,,,,,,,,,,,,,
4420,1999,7,4,2,30,0,0,,,,,,,,,,,,,,,,,,,,,,,,,,,,,,,,,,,,,,,
4421,1999,7,4,3,30,0,0,,,,,,,,,,,,,,,,,,,,,,,,,,,,,,,,,,,,,,,
4422,1999,7,4,4,30,0,0,,,,,,,,,,,,,,,,,,,,,,,,,,,,,,,,,,,,,,,
4423,1999,7,4,5,30,38,1,,,,,,,,,,,,,,,,,,,,,,,,,,,,,,,,,,,,,,,
4424,1999,7,4,6,30,112,3,,,,,,,,,,,,,,,,,,,,,,,,,,,,,,,,,,,,,,,
4425,1999,7,4,7,30,344,262,,,,,,,,,,,,,,,,,,,,,,,,,,,,,,,,,,,,,,,
4426,1999,7,4,8,30,569,557,,,,,,,,,,,,,,,,,,,,,,,,,,,,,,,,,,,,,,,
4427,1999,7,4,9,30,509,110,,,,,,,,,,,,,,,,,,,,,,,,,,,,,,,,,,,,,,,
4428,1999,7,4,10,30,773,491,,,,,,,,,,,,,,,,,,,,,,,,,,,,,,,,,,,,,,,
4429,1999,7,4,11,30,961,792,,,,,,,,,,,,,,,,,,,,,,,,,,,,,,,,,,,,,,,
4430,1999,7,4,12,30,280,3,,,,,,,,,,,,,,,,,,,,,,,,,,,,,,,,,,,,,,,
4431,1999,7,4,13,30,749,409,,,,,,,,,,,,,,,,,,,,,,,,,,,,,,,,,,,,,,,
4432,1999,7,4,14,30,304,9,,,,,,,,,,,,,,,,,,,,,,,,,,,,,,,,,,,,,,,
4433,1999,7,4,15,30,21,0,,,,,,,,,,,,,,,,,,,,,,,,,,,,,,,,,,,,,,,
4434,1999,7,4,16,30,32,0,,,,,,,,,,,,,,,,,,,,,,,,,,,,,,,,,,,,,,,
4435,1999,7,4,17,30,75,2,,,,,,,,,,,,,,,,,,,,,,,,,,,,,,,,,,,,,,,
4436,1999,7,4,18,30,28,0,,,,,,,,,,,,,,,,,,,,,,,,,,,,,,,,,,,,,,,
4437,1999,7,4,19,30,0,0,,,,,,,,,,,,,,,,,,,,,,,,,,,,,,,,,,,,,,,
4438,1999,7,4,20,30,0,0,,,,,,,,,,,,,,,,,,,,,,,,,,,,,,,,,,,,,,,
4439,1999,7,4,21,30,0,0,,,,,,,,,,,,,,,,,,,,,,,,,,,,,,,,,,,,,,,
4440,1999,7,4,22,30,0,0,,,,,,,,,,,,,,,,,,,,,,,,,,,,,,,,,,,,,,,
4441,1999,7,4,23,30,0,0,,,,,,,,,,,,,,,,,,,,,,,,,,,,,,,,,,,,,,,
4442,1999,7,5,0,30,0,0,,,,,,,,,,,,,,,,,,,,,,,,,,,,,,,,,,,,,,,
4443,1999,7,5,1,30,0,0,,,,,,,,,,,,,,,,,,,,,,,,,,,,,,,,,,,,,,,
4444,1999,7,5,2,30,0,0,,,,,,,,,,,,,,,,,,,,,,,,,,,,,,,,,,,,,,,
4445,1999,7,5,3,30,0,0,,,,,,,,,,,,,,,,,,,,,,,,,,,,,,,,,,,,,,,
4446,1999,7,5,4,30,0,0,,,,,,,,,,,,,,,,,,,,,,,,,,,,,,,,,,,,,,,
4447,1999,7,5,5,30,26,0,,,,,,,,,,,,,,,,,,,,,,,,,,,,,,,,,,,,,,,
4448,1999,7,5,6,30,168,44,,,,,,,,,,,,,,,,,,,,,,,,,,,,,,,,,,,,,,,
4449,1999,7,5,7,30,338,255,,,,,,,,,,,,,,,,,,,,,,,,,,,,,,,,,,,,,,,
4450,1999,7,5,8,30,350,41,,,,,,,,,,,,,,,,,,,,,,,,,,,,,,,,,,,,,,,
4451,1999,7,5,9,30,815,904,,,,,,,,,,,,,,,,,,,,,,,,,,,,,,,,,,,,,,,
4452,1999,7,5,10,30,934,921,,,,,,,,,,,,,,,,,,,,,,,,,,,,,,,,,,,,,,,
4453,1999,7,5,11,30,1001,926,,,,,,,,,,,,,,,,,,,,,,,,,,,,,,,,,,,,,,,
4454,1999,7,5,12,30,675,229,,,,,,,,,,,,,,,,,,,,,,,,,,,,,,,,,,,,,,,
4455,1999,7,5,13,30,48,0,,,,,,,,,,,,,,,,,,,,,,,,,,,,,,,,,,,,,,,
4456,1999,7,5,14,30,34,0,,,,,,,,,,,,,,,,,,,,,,,,,,,,,,,,,,,,,,,
4457,1999,7,5,15,30,21,0,,,,,,,,,,,,,,,,,,,,,,,,,,,,,,,,,,,,,,,
4458,1999,7,5,16,30,28,0,,,,,,,,,,,,,,,,,,,,,,,,,,,,,,,,,,,,,,,
4459,1999,7,5,17,30,74,1,,,,,,,,,,,,,,,,,,,,,,,,,,,,,,,,,,,,,,,
4460,1999,7,5,18,30,43,2,,,,,,,,,,,,,,,,,,,,,,,,,,,,,,,,,,,,,,,
4461,1999,7,5,19,30,0,0,,,,,,,,,,,,,,,,,,,,,,,,,,,,,,,,,,,,,,,
4462,1999,7,5,20,30,0,0,,,,,,,,,,,,,,,,,,,,,,,,,,,,,,,,,,,,,,,
4463,1999,7,5,21,30,0,0,,,,,,,,,,,,,,,,,,,,,,,,,,,,,,,,,,,,,,,
4464,1999,7,5,22,30,0,0,,,,,,,,,,,,,,,,,,,,,,,,,,,,,,,,,,,,,,,
4465,1999,7,5,23,30,0,0,,,,,,,,,,,,,,,,,,,,,,,,,,,,,,,,,,,,,,,
4466,1999,7,6,0,30,0,0,,,,,,,,,,,,,,,,,,,,,,,,,,,,,,,,,,,,,,,
4467,1999,7,6,1,30,0,0,,,,,,,,,,,,,,,,,,,,,,,,,,,,,,,,,,,,,,,
4468,1999,7,6,2,30,0,0,,,,,,,,,,,,,,,,,,,,,,,,,,,,,,,,,,,,,,,
4469,1999,7,6,3,30,0,0,,,,,,,,,,,,,,,,,,,,,,,,,,,,,,,,,,,,,,,
4470,1999,7,6,4,30,0,0,,,,,,,,,,,,,,,,,,,,,,,,,,,,,,,,,,,,,,,
4471,1999,7,6,5,30,43,8,,,,,,,,,,,,,,,,,,,,,,,,,,,,,,,,,,,,,,,
4472,1999,7,6,6,30,249,676,,,,,,,,,,,,,,,,,,,,,,,,,,,,,,,,,,,,,,,
4473,1999,7,6,7,30,460,816,,,,,,,,,,,,,,,,,,,,,,,,,,,,,,,,,,,,,,,
4474,1999,7,6,8,30,553,367,,,,,,,,,,,,,,,,,,,,,,,,,,,,,,,,,,,,,,,
4475,1999,7,6,9,30,613,352,,,,,,,,,,,,,,,,,,,,,,,,,,,,,,,,,,,,,,,
4476,1999,7,6,10,30,598,186,,,,,,,,,,,,,,,,,,,,,,,,,,,,,,,,,,,,,,,
4477,1999,7,6,11,30,916,706,,,,,,,,,,,,,,,,,,,,,,,,,,,,,,,,,,,,,,,
4478,1999,7,6,12,30,900,663,,,,,,,,,,,,,,,,,,,,,,,,,,,,,,,,,,,,,,,
4479,1999,7,6,13,30,367,8,,,,,,,,,,,,,,,,,,,,,,,,,,,,,,,,,,,,,,,
4480,1999,7,6,14,30,745,605,,,,,,,,,,,,,,,,,,,,,,,,,,,,,,,,,,,,,,,
4481,1999,7,6,15,30,707,893,,,,,,,,,,,,,,,,,,,,,,,,,,,,,,,,,,,,,,,
4482,1999,7,6,16,30,140,4,,,,,,,,,,,,,,,,,,,,,,,,,,,,,,,,,,,,,,,
4483,1999,7,6,17,30,281,475,,,,,,,,,,,,,,,,,,,,,,,,,,,,,,,,,,,,,,,
4484,1999,7,6,18,30,80,24,,,,,,,,,,,,,,,,,,,,,,,,,,,,,,,,,,,,,,,
4485,1999,7,6,19,30,0,0,,,,,,,,,,,,,,,,,,,,,,,,,,,,,,,,,,,,,,,
4486,1999,7,6,20,30,0,0,,,,,,,,,,,,,,,,,,,,,,,,,,,,,,,,,,,,,,,
4487,1999,7,6,21,30,0,0,,,,,,,,,,,,,,,,,,,,,,,,,,,,,,,,,,,,,,,
4488,1999,7,6,22,30,0,0,,,,,,,,,,,,,,,,,,,,,,,,,,,,,,,,,,,,,,,
4489,1999,7,6,23,30,0,0,,,,,,,,,,,,,,,,,,,,,,,,,,,,,,,,,,,,,,,
4490,1999,7,7,0,30,0,0,,,,,,,,,,,,,,,,,,,,,,,,,,,,,,,,,,,,,,,
4491,1999,7,7,1,30,0,0,,,,,,,,,,,,,,,,,,,,,,,,,,,,,,,,,,,,,,,
4492,1999,7,7,2,30,0,0,,,,,,,,,,,,,,,,,,,,,,,,,,,,,,,,,,,,,,,
4493,1999,7,7,3,30,0,0,,,,,,,,,,,,,,,,,,,,,,,,,,,,,,,,,,,,,,,
4494,1999,7,7,4,30,0,0,,,,,,,,,,,,,,,,,,,,,,,,,,,,,,,,,,,,,,,
4495,1999,7,7,5,30,32,0,,,,,,,,,,,,,,,,,,,,,,,,,,,,,,,,,,,,,,,
4496,1999,7,7,6,30,233,369,,,,,,,,,,,,,,,,,,,,,,,,,,,,,,,,,,,,,,,
4497,1999,7,7,7,30,453,799,,,,,,,,,,,,,,,,,,,,,,,,,,,,,,,,,,,,,,,
4498,1999,7,7,8,30,649,861,,,,,,,,,,,,,,,,,,,,,,,,,,,,,,,,,,,,,,,
4499,1999,7,7,9,30,817,905,,,,,,,,,,,,,,,,,,,,,,,,,,,,,,,,,,,,,,,
4500,1999,7,7,10,30,770,498,,,,,,,,,,,,,,,,,,,,,,,,,,,,,,,,,,,,,,,
4501,1999,7,7,11,30,687,261,,,,,,,,,,,,,,,,,,,,,,,,,,,,,,,,,,,,,,,
4502,1999,7,7,12,30,1022,953,,,,,,,,,,,,,,,,,,,,,,,,,,,,,,,,,,,,,,,
4503,1999,7,7,13,30,632,194,,,,,,,,,,,,,,,,,,,,,,,,,,,,,,,,,,,,,,,
4504,1999,7,7,14,30,548,210,,,,,,,,,,,,,,,,,,,,,,,,,,,,,,,,,,,,,,,
4505,1999,7,7,15,30,498,247,,,,,,,,,,,,,,,,,,,,,,,,,,,,,,,,,,,,,,,
4506,1999,7,7,16,30,348,165,,,,,,,,,,,,,,,,,,,,,,,,,,,,,,,,,,,,,,,
4507,1999,7,7,17,30,298,522,,,,,,,,,,,,,,,,,,,,,,,,,,,,,,,,,,,,,,,
4508,1999,7,7,18,30,95,154,,,,,,,,,,,,,,,,,,,,,,,,,,,,,,,,,,,,,,,
4509,1999,7,7,19,30,0,0,,,,,,,,,,,,,,,,,,,,,,,,,,,,,,,,,,,,,,,
4510,1999,7,7,20,30,0,0,,,,,,,,,,,,,,,,,,,,,,,,,,,,,,,,,,,,,,,
4511,1999,7,7,21,30,0,0,,,,,,,,,,,,,,,,,,,,,,,,,,,,,,,,,,,,,,,
4512,1999,7,7,22,30,0,0,,,,,,,,,,,,,,,,,,,,,,,,,,,,,,,,,,,,,,,
4513,1999,7,7,23,30,0,0,,,,,,,,,,,,,,,,,,,,,,,,,,,,,,,,,,,,,,,
4514,1999,7,8,0,30,0,0,,,,,,,,,,,,,,,,,,,,,,,,,,,,,,,,,,,,,,,
4515,1999,7,8,1,30,0,0,,,,,,,,,,,,,,,,,,,,,,,,,,,,,,,,,,,,,,,
4516,1999,7,8,2,30,0,0,,,,,,,,,,,,,,,,,,,,,,,,,,,,,,,,,,,,,,,
4517,1999,7,8,3,30,0,0,,,,,,,,,,,,,,,,,,,,,,,,,,,,,,,,,,,,,,,
4518,1999,7,8,4,30,0,0,,,,,,,,,,,,,,,,,,,,,,,,,,,,,,,,,,,,,,,
4519,1999,7,8,5,30,33,0,,,,,,,,,,,,,,,,,,,,,,,,,,,,,,,,,,,,,,,
4520,1999,7,8,6,30,243,663,,,,,,,,,,,,,,,,,,,,,,,,,,,,,,,,,,,,,,,
4521,1999,7,8,7,30,451,802,,,,,,,,,,,,,,,,,,,,,,,,,,,,,,,,,,,,,,,
4522,1999,7,8,8,30,649,873,,,,,,,,,,,,,,,,,,,,,,,,,,,,,,,,,,,,,,,
4523,1999,7,8,9,30,816,915,,,,,,,,,,,,,,,,,,,,,,,,,,,,,,,,,,,,,,,
4524,1999,7,8,10,30,941,942,,,,,,,,,,,,,,,,,,,,,,,,,,,,,,,,,,,,,,,
4525,1999,7,8,11,30,1010,948,,,,,,,,,,,,,,,,,,,,,,,,,,,,,,,,,,,,,,,
4526,1999,7,8,12,30,1019,949,,,,,,,,,,,,,,,,,,,,,,,,,,,,,,,,,,,,,,,
4527,1999,7,8,13,30,967,939,,,,,,,,,,,,,,,,,,,,,,,,,,,,,,,,,,,,,,,
4528,1999,7,8,14,30,732,390,,,,,,,,,,,,,,,,,,,,,,,,,,,,,,,,,,,,,,,
4529,1999,7,8,15,30,33,0,,,,,,,,,,,,,,,,,,,,,,,,,,,,,,,,,,,,,,,
4530,1999,7,8,16,30,443,371,,,,,,,,,,,,,,,,,,,,,,,,,,,,,,,,,,,,,,,
4531,1999,7,8,17,30,304,697,,,,,,,,,,,,,,,,,,,,,,,,,,,,,,,,,,,,,,,
4532,1999,7,8,18,30,63,2,,,,,,,,,,,,,,,,,,,,,,,,,,,,,,,,,,,,,,,
4533,1999,7,8,19,30,0,0,,,,,,,,,,,,,,,,,,,,,,,,,,,,,,,,,,,,,,,
4534,1999,7,8,20,30,0,0,,,,,,,,,,,,,,,,,,,,,,,,,,,,,,,,,,,,,,,
4535,1999,7,8,21,30,0,0,,,,,,,,,,,,,,,,,,,,,,,,,,,,,,,,,,,,,,,
4536,1999,7,8,22,30,0,0,,,,,,,,,,,,,,,,,,,,,,,,,,,,,,,,,,,,,,,
4537,1999,7,8,23,30,0,0,,,,,,,,,,,,,,,,,,,,,,,,,,,,,,,,,,,,,,,
4538,1999,7,9,0,30,0,0,,,,,,,,,,,,,,,,,,,,,,,,,,,,,,,,,,,,,,,
4539,1999,7,9,1,30,0,0,,,,,,,,,,,,,,,,,,,,,,,,,,,,,,,,,,,,,,,
4540,1999,7,9,2,30,0,0,,,,,,,,,,,,,,,,,,,,,,,,,,,,,,,,,,,,,,,
4541,1999,7,9,3,30,0,0,,,,,,,,,,,,,,,,,,,,,,,,,,,,,,,,,,,,,,,
4542,1999,7,9,4,30,0,0,,,,,,,,,,,,,,,,,,,,,,,,,,,,,,,,,,,,,,,
4543,1999,7,9,5,30,33,0,,,,,,,,,,,,,,,,,,,,,,,,,,,,,,,,,,,,,,,
4544,1999,7,9,6,30,242,667,,,,,,,,,,,,,,,,,,,,,,,,,,,,,,,,,,,,,,,
4545,1999,7,9,7,30,351,347,,,,,,,,,,,,,,,,,,,,,,,,,,,,,,,,,,,,,,,
4546,1999,7,9,8,30,648,876,,,,,,,,,,,,,,,,,,,,,,,,,,,,,,,,,,,,,,,
4547,1999,7,9,9,30,815,916,,,,,,,,,,,,,,,,,,,,,,,,,,,,,,,,,,,,,,,
4548,1999,7,9,10,30,565,156,,,,,,,,,,,,,,,,,,,,,,,,,,,,,,,,,,,,,,,
4549,1999,7,9,11,30,223,0,,,,,,,,,,,,,,,,,,,,,,,,,,,,,,,,,,,,,,,
4550,1999,7,9,12,30,452,9,,,,,,,,,,,,,,,,,,,,,,,,,,,,,,,,,,,,,,,
4551,1999,7,9,13,30,668,266,,,,,,,,,,,,,,,,,,,,,,,,,,,,,,,,,,,,,,,
4552,1999,7,9,14,30,407,16,,,,,,,,,,,,,,,,,,,,,,,,,,,,,,,,,,,,,,,
4553,1999,7,9,15,30,233,1,,,,,,,,,,,,,,,,,,,,,,,,,,,,,,,,,,,,,,,
4554,1999,7,9,16,30,282,82,,,,,,,,,,,,,,,,,,,,,,,,,,,,,,,,,,,,,,,
4555,1999,7,9,17,30,173,44,,,,,,,,,,,,,,,,,,,,,,,,,,,,,,,,,,,,,,,
4556,1999,7,9,18,30,46,0,,,,,,,,,,,,,,,,,,,,,,,,,,,,,,,,,,,,,,,
4557,1999,7,9,19,30,0,0,,,,,,,,,,,,,,,,,,,,,,,,,,,,,,,,,,,,,,,
4558,1999,7,9,20,30,0,0,,,,,,,,,,,,,,,,,,,,,,,,,,,,,,,,,,,,,,,
4559,1999,7,9,21,30,0,0,,,,,,,,,,,,,,,,,,,,,,,,,,,,,,,,,,,,,,,
4560,1999,7,9,22,30,0,0,,,,,,,,,,,,,,,,,,,,,,,,,,,,,,,,,,,,,,,
4561,1999,7,9,23,30,0,0,,,,,,,,,,,,,,,,,,,,,,,,,,,,,,,,,,,,,,,
4562,1999,7,10,0,30,0,0,,,,,,,,,,,,,,,,,,,,,,,,,,,,,,,,,,,,,,,
4563,1999,7,10,1,30,0,0,,,,,,,,,,,,,,,,,,,,,,,,,,,,,,,,,,,,,,,
4564,1999,7,10,2,30,0,0,,,,,,,,,,,,,,,,,,,,,,,,,,,,,,,,,,,,,,,
4565,1999,7,10,3,30,0,0,,,,,,,,,,,,,,,,,,,,,,,,,,,,,,,,,,,,,,,
4566,1999,7,10,4,30,0,0,,,,,,,,,,,,,,,,,,,,,,,,,,,,,,,,,,,,,,,
4567,1999,7,10,5,30,22,0,,,,,,,,,,,,,,,,,,,,,,,,,,,,,,,,,,,,,,,
4568,1999,7,10,6,30,23,0,,,,,,,,,,,,,,,,,,,,,,,,,,,,,,,,,,,,,,,
4569,1999,7,10,7,30,52,0,,,,,,,,,,,,,,,,,,,,,,,,,,,,,,,,,,,,,,,
4570,1999,7,10,8,30,191,0,,,,,,,,,,,,,,,,,,,,,,,,,,,,,,,,,,,,,,,
4571,1999,7,10,9,30,475,77,,,,,,,,,,,,,,,,,,,,,,,,,,,,,,,,,,,,,,,
4572,1999,7,10,10,30,776,348,,,,,,,,,,,,,,,,,,,,,,,,,,,,,,,,,,,,,,,
4573,1999,7,10,11,30,767,245,,,,,,,,,,,,,,,,,,,,,,,,,,,,,,,,,,,,,,,
4574,1999,7,10,12,30,1022,960,,,,,,,,,,,,,,,,,,,,,,,,,,,,,,,,,,,,,,,
4575,1999,7,10,13,30,975,956,,,,,,,,,,,,,,,,,,,,,,,,,,,,,,,,,,,,,,,
4576,1999,7,10,14,30,865,931,,,,,,,,,,,,,,,,,,,,,,,,,,,,,,,,,,,,,,,
4577,1999,7,10,15,30,710,897,,,,,,,,,,,,,,,,,,,,,,,,,,,,,,,,,,,,,,,
4578,1999,7,10,16,30,520,839,,,,,,,,,,,,,,,,,,,,,,,,,,,,,,,,,,,,,,,
4579,1999,7,10,17,30,310,727,,,,,,,,,,,,,,,,,,,,,,,,,,,,,,,,,,,,,,,
4580,1999,7,10,18,30,110,491,,,,,,,,,,,,,,,,,,,,,,,,,,,,,,,,,,,,,,,
4581,1999,7,10,19,30,0,0,,,,,,,,,,,,,,,,,,,,,,,,,,,,,,,,,,,,,,,
4582,1999,7,10,20,30,0,0,,,,,,,,,,,,,,,,,,,,,,,,,,,,,,,,,,,,,,,
4583,1999,7,10,21,30,0,0,,,,,,,,,,,,,,,,,,,,,,,,,,,,,,,,,,,,,,,
4584,1999,7,10,22,30,0,0,,,,,,,,,,,,,,,,,,,,,,,,,,,,,,,,,,,,,,,
4585,1999,7,10,23,30,0,0,,,,,,,,,,,,,,,,,,,,,,,,,,,,,,,,,,,,,,,
4586,1999,7,11,0,30,0,0,,,,,,,,,,,,,,,,,,,,,,,,,,,,,,,,,,,,,,,
4587,1999,7,11,1,30,0,0,,,,,,,,,,,,,,,,,,,,,,,,,,,,,,,,,,,,,,,
4588,1999,7,11,2,30,0,0,,,,,,,,,,,,,,,,,,,,,,,,,,,,,,,,,,,,,,,
4589,1999,7,11,3,30,0,0,,,,,,,,,,,,,,,,,,,,,,,,,,,,,,,,,,,,,,,
4590,1999,7,11,4,30,0,0,,,,,,,,,,,,,,,,,,,,,,,,,,,,,,,,,,,,,,,
4591,1999,7,11,5,30,57,341,,,,,,,,,,,,,,,,,,,,,,,,,,,,,,,,,,,,,,,
4592,1999,7,11,6,30,245,665,,,,,,,,,,,,,,,,,,,,,,,,,,,,,,,,,,,,,,,
4593,1999,7,11,7,30,458,809,,,,,,,,,,,,,,,,,,,,,,,,,,,,,,,,,,,,,,,
4594,1999,7,11,8,30,660,887,,,,,,,,,,,,,,,,,,,,,,,,,,,,,,,,,,,,,,,
4595,1999,7,11,9,30,834,933,,,,,,,,,,,,,,,,,,,,,,,,,,,,,,,,,,,,,,,
4596,1999,7,11,10,30,964,963,,,,,,,,,,,,,,,,,,,,,,,,,,,,,,,,,,,,,,,
4597,1999,7,11,11,30,1035,975,,,,,,,,,,,,,,,,,,,,,,,,,,,,,,,,,,,,,,,
4598,1999,7,11,12,30,1048,980,,,,,,,,,,,,,,,,,,,,,,,,,,,,,,,,,,,,,,,
4599,1999,7,11,13,30,996,972,,,,,,,,,,,,,,,,,,,,,,,,,,,,,,,,,,,,,,,
4600,1999,7,11,14,30,886,953,,,,,,,,,,,,,,,,,,,,,,,,,,,,,,,,,,,,,,,
4601,1999,7,11,15,30,727,919,,,,,,,,,,,,,,,,,,,,,,,,,,,,,,,,,,,,,,,
4602,1999,7,11,16,30,530,858,,,,,,,,,,,,,,,,,,,,,,,,,,,,,,,,,,,,,,,
4603,1999,7,11,17,30,315,748,,,,,,,,,,,,,,,,,,,,,,,,,,,,,,,,,,,,,,,
4604,1999,7,11,18,30,112,515,,,,,,,,,,,,,,,,,,,,,,,,,,,,,,,,,,,,,,,
4605,1999,7,11,19,30,0,0,,,,,,,,,,,,,,,,,,,,,,,,,,,,,,,,,,,,,,,
4606,1999,7,11,20,30,0,0,,,,,,,,,,,,,,,,,,,,,,,,,,,,,,,,,,,,,,,
4607,1999,7,11,21,30,0,0,,,,,,,,,,,,,,,,,,,,,,,,,,,,,,,,,,,,,,,
4608,1999,7,11,22,30,0,0,,,,,,,,,,,,,,,,,,,,,,,,,,,,,,,,,,,,,,,
4609,1999,7,11,23,30,0,0,,,,,,,,,,,,,,,,,,,,,,,,,,,,,,,,,,,,,,,
4610,1999,7,12,0,30,0,0,,,,,,,,,,,,,,,,,,,,,,,,,,,,,,,,,,,,,,,
4611,1999,7,12,1,30,0,0,,,,,,,,,,,,,,,,,,,,,,,,,,,,,,,,,,,,,,,
4612,1999,7,12,2,30,0,0,,,,,,,,,,,,,,,,,,,,,,,,,,,,,,,,,,,,,,,
4613,1999,7,12,3,30,0,0,,,,,,,,,,,,,,,,,,,,,,,,,,,,,,,,,,,,,,,
4614,1999,7,12,4,30,0,0,,,,,,,,,,,,,,,,,,,,,,,,,,,,,,,,,,,,,,,
4615,1999,7,12,5,30,38,7,,,,,,,,,,,,,,,,,,,,,,,,,,,,,,,,,,,,,,,
4616,1999,7,12,6,30,213,361,,,,,,,,,,,,,,,,,,,,,,,,,,,,,,,,,,,,,,,
4617,1999,7,12,7,30,453,801,,,,,,,,,,,,,,,,,,,,,,,,,,,,,,,,,,,,,,,
4618,1999,7,12,8,30,654,874,,,,,,,,,,,,,,,,,,,,,,,,,,,,,,,,,,,,,,,
4619,1999,7,12,9,30,766,549,,,,,,,,,,,,,,,,,,,,,,,,,,,,,,,,,,,,,,,
4620,1999,7,12,10,30,656,169,,,,,,,,,,,,,,,,,,,,,,,,,,,,,,,,,,,,,,,
4621,1999,7,12,11,30,1028,968,,,,,,,,,,,,,,,,,,,,,,,,,,,,,,,,,,,,,,,
4622,1999,7,12,12,30,1039,970,,,,,,,,,,,,,,,,,,,,,,,,,,,,,,,,,,,,,,,
4623,1999,7,12,13,30,987,961,,,,,,,,,,,,,,,,,,,,,,,,,,,,,,,,,,,,,,,
4624,1999,7,12,14,30,877,938,,,,,,,,,,,,,,,,,,,,,,,,,,,,,,,,,,,,,,,
4625,1999,7,12,15,30,717,900,,,,,,,,,,,,,,,,,,,,,,,,,,,,,,,,,,,,,,,
4626,1999,7,12,16,30,522,833,,,,,,,,,,,,,,,,,,,,,,,,,,,,,,,,,,,,,,,
4627,1999,7,12,17,30,310,715,,,,,,,,,,,,,,,,,,,,,,,,,,,,,,,,,,,,,,,
4628,1999,7,12,18,30,107,463,,,,,,,,,,,,,,,,,,,,,,,,,,,,,,,,,,,,,,,
4629,1999,7,12,19,30,0,0,,,,,,,,,,,,,,,,,,,,,,,,,,,,,,,,,,,,,,,
4630,1999,7,12,20,30,0,0,,,,,,,,,,,,,,,,,,,,,,,,,,,,,,,,,,,,,,,
4631,1999,7,12,21,30,0,0,,,,,,,,,,,,,,,,,,,,,,,,,,,,,,,,,,,,,,,
4632,1999,7,12,22,30,0,0,,,,,,,,,,,,,,,,,,,,,,,,,,,,,,,,,,,,,,,
4633,1999,7,12,23,30,0,0,,,,,,,,,,,,,,,,,,,,,,,,,,,,,,,,,,,,,,,
4634,1999,7,13,0,30,0,0,,,,,,,,,,,,,,,,,,,,,,,,,,,,,,,,,,,,,,,
4635,1999,7,13,1,30,0,0,,,,,,,,,,,,,,,,,,,,,,,,,,,,,,,,,,,,,,,
4636,1999,7,13,2,30,0,0,,,,,,,,,,,,,,,,,,,,,,,,,,,,,,,,,,,,,,,
4637,1999,7,13,3,30,0,0,,,,,,,,,,,,,,,,,,,,,,,,,,,,,,,,,,,,,,,
4638,1999,7,13,4,30,0,0,,,,,,,,,,,,,,,,,,,,,,,,,,,,,,,,,,,,,,,
4639,1999,7,13,5,30,54,337,,,,,,,,,,,,,,,,,,,,,,,,,,,,,,,,,,,,,,,
4640,1999,7,13,6,30,240,662,,,,,,,,,,,,,,,,,,,,,,,,,,,,,,,,,,,,,,,
4641,1999,7,13,7,30,451,801,,,,,,,,,,,,,,,,,,,,,,,,,,,,,,,,,,,,,,,
4642,1999,7,13,8,30,653,877,,,,,,,,,,,,,,,,,,,,,,,,,,,,,,,,,,,,,,,
4643,1999,7,13,9,30,824,921,,,,,,,,,,,,,,,,,,,,,,,,,,,,,,,,,,,,,,,
4644,1999,7,13,10,30,951,947,,,,,,,,,,,,,,,,,,,,,,,,,,,,,,,,,,,,,,,
4645,1999,7,13,11,30,1022,959,,,,,,,,,,,,,,,,,,,,,,,,,,,,,,,,,,,,,,,
4646,1999,7,13,12,30,917,701,,,,,,,,,,,,,,,,,,,,,,,,,,,,,,,,,,,,,,,
4647,1999,7,13,13,30,825,563,,,,,,,,,,,,,,,,,,,,,,,,,,,,,,,,,,,,,,,
4648,1999,7,13,14,30,784,669,,,,,,,,,,,,,,,,,,,,,,,,,,,,,,,,,,,,,,,
4649,1999,7,13,15,30,597,535,,,,,,,,,,,,,,,,,,,,,,,,,,,,,,,,,,,,,,,
4650,1999,7,13,16,30,333,183,,,,,,,,,,,,,,,,,,,,,,,,,,,,,,,,,,,,,,,
4651,1999,7,13,17,30,310,731,,,,,,,,,,,,,,,,,,,,,,,,,,,,,,,,,,,,,,,
4652,1999,7,13,18,30,108,488,,,,,,,,,,,,,,,,,,,,,,,,,,,,,,,,,,,,,,,
4653,1999,7,13,19,30,0,0,,,,,,,,,,,,,,,,,,,,,,,,,,,,,,,,,,,,,,,
4654,1999,7,13,20,30,0,0,,,,,,,,,,,,,,,,,,,,,,,,,,,,,,,,,,,,,,,
4655,1999,7,13,21,30,0,0,,,,,,,,,,,,,,,,,,,,,,,,,,,,,,,,,,,,,,,
4656,1999,7,13,22,30,0,0,,,,,,,,,,,,,,,,,,,,,,,,,,,,,,,,,,,,,,,
4657,1999,7,13,23,30,0,0,,,,,,,,,,,,,,,,,,,,,,,,,,,,,,,,,,,,,,,
4658,1999,7,14,0,30,0,0,,,,,,,,,,,,,,,,,,,,,,,,,,,,,,,,,,,,,,,
4659,1999,7,14,1,30,0,0,,,,,,,,,,,,,,,,,,,,,,,,,,,,,,,,,,,,,,,
4660,1999,7,14,2,30,0,0,,,,,,,,,,,,,,,,,,,,,,,,,,,,,,,,,,,,,,,
4661,1999,7,14,3,30,0,0,,,,,,,,,,,,,,,,,,,,,,,,,,,,,,,,,,,,,,,
4662,1999,7,14,4,30,0,0,,,,,,,,,,,,,,,,,,,,,,,,,,,,,,,,,,,,,,,
4663,1999,7,14,5,30,52,345,,,,,,,,,,,,,,,,,,,,,,,,,,,,,,,,,,,,,,,
4664,1999,7,14,6,30,236,664,,,,,,,,,,,,,,,,,,,,,,,,,,,,,,,,,,,,,,,
4665,1999,7,14,7,30,444,797,,,,,,,,,,,,,,,,,,,,,,,,,,,,,,,,,,,,,,,
4666,1999,7,14,8,30,643,871,,,,,,,,,,,,,,,,,,,,,,,,,,,,,,,,,,,,,,,
4667,1999,7,14,9,30,748,707,,,,,,,,,,,,,,,,,,,,,,,,,,,,,,,,,,,,,,,
4668,1999,7,14,10,30,868,727,,,,,,,,,,,,,,,,,,,,,,,,,,,,,,,,,,,,,,,
4669,1999,7,14,11,30,882,467,,,,,,,,,,,,,,,,,,,,,,,,,,,,,,,,,,,,,,,
4670,1999,7,14,12,30,516,87,,,,,,,,,,,,,,,,,,,,,,,,,,,,,,,,,,,,,,,
4671,1999,7,14,13,30,297,6,,,,,,,,,,,,,,,,,,,,,,,,,,,,,,,,,,,,,,,
4672,1999,7,14,14,30,274,5,,,,,,,,,,,,,,,,,,,,,,,,,,,,,,,,,,,,,,,
4673,1999,7,14,15,30,469,175,,,,,,,,,,,,,,,,,,,,,,,,,,,,,,,,,,,,,,,
4674,1999,7,14,16,30,328,149,,,,,,,,,,,,,,,,,,,,,,,,,,,,,,,,,,,,,,,
4675,1999,7,14,17,30,195,40,,,,,,,,,,,,,,,,,,,,,,,,,,,,,,,,,,,,,,,
4676,1999,7,14,18,30,54,6,,,,,,,,,,,,,,,,,,,,,,,,,,,,,,,,,,,,,,,
4677,1999,7,14,19,30,0,0,,,,,,,,,,,,,,,,,,,,,,,,,,,,,,,,,,,,,,,
4678,1999,7,14,20,30,0,0,,,,,,,,,,,,,,,,,,,,,,,,,,,,,,,,,,,,,,,
4679,1999,7,14,21,30,0,0,,,,,,,,,,,,,,,,,,,,,,,,,,,,,,,,,,,,,,,
4680,1999,7,14,22,30,0,0,,,,,,,,,,,,,,,,,,,,,,,,,,,,,,,,,,,,,,,
4681,1999,7,14,23,30,0,0,,,,,,,,,,,,,,,,,,,,,,,,,,,,,,,,,,,,,,,
4682,1999,7,15,0,30,0,0,,,,,,,,,,,,,,,,,,,,,,,,,,,,,,,,,,,,,,,
4683,1999,7,15,1,30,0,0,,,,,,,,,,,,,,,,,,,,,,,,,,,,,,,,,,,,,,,
4684,1999,7,15,2,30,0,0,,,,,,,,,,,,,,,,,,,,,,,,,,,,,,,,,,,,,,,
4685,1999,7,15,3,30,0,0,,,,,,,,,,,,,,,,,,,,,,,,,,,,,,,,,,,,,,,
4686,1999,7,15,4,30,0,0,,,,,,,,,,,,,,,,,,,,,,,,,,,,,,,,,,,,,,,
4687,1999,7,15,5,30,35,7,,,,,,,,,,,,,,,,,,,,,,,,,,,,,,,,,,,,,,,
4688,1999,7,15,6,30,129,44,,,,,,,,,,,,,,,,,,,,,,,,,,,,,,,,,,,,,,,
4689,1999,7,15,7,30,443,801,,,,,,,,,,,,,,,,,,,,,,,,,,,,,,,,,,,,,,,
4690,1999,7,15,8,30,557,416,,,,,,,,,,,,,,,,,,,,,,,,,,,,,,,,,,,,,,,
4691,1999,7,15,9,30,535,131,,,,,,,,,,,,,,,,,,,,,,,,,,,,,,,,,,,,,,,
4692,1999,7,15,10,30,935,944,,,,,,,,,,,,,,,,,,,,,,,,,,,,,,,,,,,,,,,
4693,1999,7,15,11,30,1003,941,,,,,,,,,,,,,,,,,,,,,,,,,,,,,,,,,,,,,,,
4694,1999,7,15,12,30,223,0,,,,,,,,,,,,,,,,,,,,,,,,,,,,,,,,,,,,,,,
4695,1999,7,15,13,30,821,583,,,,,,,,,,,,,,,,,,,,,,,,,,,,,,,,,,,,,,,
4696,1999,7,15,14,30,678,274,,,,,,,,,,,,,,,,,,,,,,,,,,,,,,,,,,,,,,,
4697,1999,7,15,15,30,482,130,,,,,,,,,,,,,,,,,,,,,,,,,,,,,,,,,,,,,,,
4698,1999,7,15,16,30,307,122,,,,,,,,,,,,,,,,,,,,,,,,,,,,,,,,,,,,,,,
4699,1999,7,15,17,30,301,703,,,,,,,,,,,,,,,,,,,,,,,,,,,,,,,,,,,,,,,
4700,1999,7,15,18,30,74,15,,,,,,,,,,,,,,,,,,,,,,,,,,,,,,,,,,,,,,,
4701,1999,7,15,19,30,0,0,,,,,,,,,,,,,,,,,,,,,,,,,,,,,,,,,,,,,,,
4702,1999,7,15,20,30,0,0,,,,,,,,,,,,,,,,,,,,,,,,,,,,,,,,,,,,,,,
4703,1999,7,15,21,30,0,0,,,,,,,,,,,,,,,,,,,,,,,,,,,,,,,,,,,,,,,
4704,1999,7,15,22,30,0,0,,,,,,,,,,,,,,,,,,,,,,,,,,,,,,,,,,,,,,,
4705,1999,7,15,23,30,0,0,,,,,,,,,,,,,,,,,,,,,,,,,,,,,,,,,,,,,,,
4706,1999,7,16,0,30,0,0,,,,,,,,,,,,,,,,,,,,,,,,,,,,,,,,,,,,,,,
4707,1999,7,16,1,30,0,0,,,,,,,,,,,,,,,,,,,,,,,,,,,,,,,,,,,,,,,
4708,1999,7,16,2,30,0,0,,,,,,,,,,,,,,,,,,,,,,,,,,,,,,,,,,,,,,,
4709,1999,7,16,3,30,0,0,,,,,,,,,,,,,,,,,,,,,,,,,,,,,,,,,,,,,,,
4710,1999,7,16,4,30,0,0,,,,,,,,,,,,,,,,,,,,,,,,,,,,,,,,,,,,,,,
4711,1999,7,16,5,30,27,0,,,,,,,,,,,,,,,,,,,,,,,,,,,,,,,,,,,,,,,
4712,1999,7,16,6,30,163,53,,,,,,,,,,,,,,,,,,,,,,,,,,,,,,,,,,,,,,,
4713,1999,7,16,7,30,440,781,,,,,,,,,,,,,,,,,,,,,,,,,,,,,,,,,,,,,,,
4714,1999,7,16,8,30,641,858,,,,,,,,,,,,,,,,,,,,,,,,,,,,,,,,,,,,,,,
4715,1999,7,16,9,30,812,904,,,,,,,,,,,,,,,,,,,,,,,,,,,,,,,,,,,,,,,
4716,1999,7,16,10,30,938,930,,,,,,,,,,,,,,,,,,,,,,,,,,,,,,,,,,,,,,,
4717,1999,7,16,11,30,97,0,,,,,,,,,,,,,,,,,,,,,,,,,,,,,,,,,,,,,,,
4718,1999,7,16,12,30,291,4,,,,,,,,,,,,,,,,,,,,,,,,,,,,,,,,,,,,,,,
4719,1999,7,16,13,30,894,771,,,,,,,,,,,,,,,,,,,,,,,,,,,,,,,,,,,,,,,
4720,1999,7,16,14,30,738,598,,,,,,,,,,,,,,,,,,,,,,,,,,,,,,,,,,,,,,,
4721,1999,7,16,15,30,81,0,,,,,,,,,,,,,,,,,,,,,,,,,,,,,,,,,,,,,,,
4722,1999,7,16,16,30,37,0,,,,,,,,,,,,,,,,,,,,,,,,,,,,,,,,,,,,,,,
4723,1999,7,16,17,30,22,0,,,,,,,,,,,,,,,,,,,,,,,,,,,,,,,,,,,,,,,
4724,1999,7,16,18,30,21,0,,,,,,,,,,,,,,,,,,,,,,,,,,,,,,,,,,,,,,,
4725,1999,7,16,19,30,0,0,,,,,,,,,,,,,,,,,,,,,,,,,,,,,,,,,,,,,,,
4726,1999,7,16,20,30,0,0,,,,,,,,,,,,,,,,,,,,,,,,,,,,,,,,,,,,,,,
4727,1999,7,16,21,30,0,0,,,,,,,,,,,,,,,,,,,,,,,,,,,,,,,,,,,,,,,
4728,1999,7,16,22,30,0,0,,,,,,,,,,,,,,,,,,,,,,,,,,,,,,,,,,,,,,,
4729,1999,7,16,23,30,0,0,,,,,,,,,,,,,,,,,,,,,,,,,,,,,,,,,,,,,,,
4730,1999,7,17,0,30,0,0,,,,,,,,,,,,,,,,,,,,,,,,,,,,,,,,,,,,,,,
4731,1999,7,17,1,30,0,0,,,,,,,,,,,,,,,,,,,,,,,,,,,,,,,,,,,,,,,
4732,1999,7,17,2,30,0,0,,,,,,,,,,,,,,,,,,,,,,,,,,,,,,,,,,,,,,,
4733,1999,7,17,3,30,0,0,,,,,,,,,,,,,,,,,,,,,,,,,,,,,,,,,,,,,,,
4734,1999,7,17,4,30,0,0,,,,,,,,,,,,,,,,,,,,,,,,,,,,,,,,,,,,,,,
4735,1999,7,17,5,30,16,0,,,,,,,,,,,,,,,,,,,,,,,,,,,,,,,,,,,,,,,
4736,1999,7,17,6,30,23,0,,,,,,,,,,,,,,,,,,,,,,,,,,,,,,,,,,,,,,,
4737,1999,7,17,7,30,85,0,,,,,,,,,,,,,,,,,,,,,,,,,,,,,,,,,,,,,,,
4738,1999,7,17,8,30,356,58,,,,,,,,,,,,,,,,,,,,,,,,,,,,,,,,,,,,,,,
4739,1999,7,17,9,30,404,29,,,,,,,,,,,,,,,,,,,,,,,,,,,,,,,,,,,,,,,
4740,1999,7,17,10,30,923,912,,,,,,,,,,,,,,,,,,,,,,,,,,,,,,,,,,,,,,,
4741,1999,7,17,11,30,796,480,,,,,,,,,,,,,,,,,,,,,,,,,,,,,,,,,,,,,,,
4742,1999,7,17,12,30,184,1,,,,,,,,,,,,,,,,,,,,,,,,,,,,,,,,,,,,,,,
4743,1999,7,17,13,30,42,0,,,,,,,,,,,,,,,,,,,,,,,,,,,,,,,,,,,,,,,
4744,1999,7,17,14,30,32,0,,,,,,,,,,,,,,,,,,,,,,,,,,,,,,,,,,,,,,,
4745,1999,7,17,15,30,78,0,,,,,,,,,,,,,,,,,,,,,,,,,,,,,,,,,,,,,,,
4746,1999,7,17,16,30,43,0,,,,,,,,,,,,,,,,,,,,,,,,,,,,,,,,,,,,,,,
4747,1999,7,17,17,30,63,1,,,,,,,,,,,,,,,,,,,,,,,,,,,,,,,,,,,,,,,
4748,1999,7,17,18,30,31,1,,,,,,,,,,,,,,,,,,,,,,,,,,,,,,,,,,,,,,,
4749,1999,7,17,19,30,0,0,,,,,,,,,,,,,,,,,,,,,,,,,,,,,,,,,,,,,,,
4750,1999,7,17,20,30,0,0,,,,,,,,,,,,,,,,,,,,,,,,,,,,,,,,,,,,,,,
4751,1999,7,17,21,30,0,0,,,,,,,,,,,,,,,,,,,,,,,,,,,,,,,,,,,,,,,
4752,1999,7,17,22,30,0,0,,,,,,,,,,,,,,,,,,,,,,,,,,,,,,,,,,,,,,,
4753,1999,7,17,23,30,0,0,,,,,,,,,,,,,,,,,,,,,,,,,,,,,,,,,,,,,,,
4754,1999,7,18,0,30,0,0,,,,,,,,,,,,,,,,,,,,,,,,,,,,,,,,,,,,,,,
4755,1999,7,18,1,30,0,0,,,,,,,,,,,,,,,,,,,,,,,,,,,,,,,,,,,,,,,
4756,1999,7,18,2,30,0,0,,,,,,,,,,,,,,,,,,,,,,,,,,,,,,,,,,,,,,,
4757,1999,7,18,3,30,0,0,,,,,,,,,,,,,,,,,,,,,,,,,,,,,,,,,,,,,,,
4758,1999,7,18,4,30,0,0,,,,,,,,,,,,,,,,,,,,,,,,,,,,,,,,,,,,,,,
4759,1999,7,18,5,30,18,0,,,,,,,,,,,,,,,,,,,,,,,,,,,,,,,,,,,,,,,
4760,1999,7,18,6,30,148,64,,,,,,,,,,,,,,,,,,,,,,,,,,,,,,,,,,,,,,,
4761,1999,7,18,7,30,432,768,,,,,,,,,,,,,,,,,,,,,,,,,,,,,,,,,,,,,,,
4762,1999,7,18,8,30,635,865,,,,,,,,,,,,,,,,,,,,,,,,,,,,,,,,,,,,,,,
4763,1999,7,18,9,30,805,910,,,,,,,,,,,,,,,,,,,,,,,,,,,,,,,,,,,,,,,
4764,1999,7,18,10,30,932,938,,,,,,,,,,,,,,,,,,,,,,,,,,,,,,,,,,,,,,,
4765,1999,7,18,11,30,953,708,,,,,,,,,,,,,,,,,,,,,,,,,,,,,,,,,,,,,,,
4766,1999,7,18,12,30,1014,956,,,,,,,,,,,,,,,,,,,,,,,,,,,,,,,,,,,,,,,
4767,1999,7,18,13,30,963,948,,,,,,,,,,,,,,,,,,,,,,,,,,,,,,,,,,,,,,,
4768,1999,7,18,14,30,630,349,,,,,,,,,,,,,,,,,,,,,,,,,,,,,,,,,,,,,,,
4769,1999,7,18,15,30,536,390,,,,,,,,,,,,,,,,,,,,,,,,,,,,,,,,,,,,,,,
4770,1999,7,18,16,30,275,62,,,,,,,,,,,,,,,,,,,,,,,,,,,,,,,,,,,,,,,
4771,1999,7,18,17,30,303,752,,,,,,,,,,,,,,,,,,,,,,,,,,,,,,,,,,,,,,,
4772,1999,7,18,18,30,102,512,,,,,,,,,,,,,,,,,,,,,,,,,,,,,,,,,,,,,,,
4773,1999,7,18,19,30,0,0,,,,,,,,,,,,,,,,,,,,,,,,,,,,,,,,,,,,,,,
4774,1999,7,18,20,30,0,0,,,,,,,,,,,,,,,,,,,,,,,,,,,,,,,,,,,,,,,
4775,1999,7,18,21,30,0,0,,,,,,,,,,,,,,,,,,,,,,,,,,,,,,,,,,,,,,,
4776,1999,7,18,22,30,0,0,,,,,,,,,,,,,,,,,,,,,,,,,,,,,,,,,,,,,,,
4777,1999,7,18,23,30,0,0,,,,,,,,,,,,,,,,,,,,,,,,,,,,,,,,,,,,,,,
4778,1999,7,19,0,30,0,0,,,,,,,,,,,,,,,,,,,,,,,,,,,,,,,,,,,,,,,
4779,1999,7,19,1,30,0,0,,,,,,,,,,,,,,,,,,,,,,,,,,,,,,,,,,,,,,,
4780,1999,7,19,2,30,0,0,,,,,,,,,,,,,,,,,,,,,,,,,,,,,,,,,,,,,,,
4781,1999,7,19,3,30,0,0,,,,,,,,,,,,,,,,,,,,,,,,,,,,,,,,,,,,,,,
4782,1999,7,19,4,30,0,0,,,,,,,,,,,,,,,,,,,,,,,,,,,,,,,,,,,,,,,
4783,1999,7,19,5,30,17,0,,,,,,,,,,,,,,,,,,,,,,,,,,,,,,,,,,,,,,,
4784,1999,7,19,6,30,77,1,,,,,,,,,,,,,,,,,,,,,,,,,,,,,,,,,,,,,,,
4785,1999,7,19,7,30,422,608,,,,,,,,,,,,,,,,,,,,,,,,,,,,,,,,,,,,,,,
4786,1999,7,19,8,30,642,895,,,,,,,,,,,,,,,,,,,,,,,,,,,,,,,,,,,,,,,
4787,1999,7,19,9,30,701,435,,,,,,,,,,,,,,,,,,,,,,,,,,,,,,,,,,,,,,,
4788,1999,7,19,10,30,740,291,,,,,,,,,,,,,,,,,,,,,,,,,,,,,,,,,,,,,,,
4789,1999,7,19,11,30,1008,971,,,,,,,,,,,,,,,,,,,,,,,,,,,,,,,,,,,,,,,
4790,1999,7,19,12,30,306,1,,,,,,,,,,,,,,,,,,,,,,,,,,,,,,,,,,,,,,,
4791,1999,7,19,13,30,248,0,,,,,,,,,,,,,,,,,,,,,,,,,,,,,,,,,,,,,,,
4792,1999,7,19,14,30,560,219,,,,,,,,,,,,,,,,,,,,,,,,,,,,,,,,,,,,,,,
4793,1999,7,19,15,30,283,19,,,,,,,,,,,,,,,,,,,,,,,,,,,,,,,,,,,,,,,
4794,1999,7,19,16,30,316,120,,,,,,,,,,,,,,,,,,,,,,,,,,,,,,,,,,,,,,,
4795,1999,7,19,17,30,54,0,,,,,,,,,,,,,,,,,,,,,,,,,,,,,,,,,,,,,,,
4796,1999,7,19,18,30,45,3,,,,,,,,,,,,,,,,,,,,,,,,,,,,,,,,,,,,,,,
4797,1999,7,19,19,30,0,0,,,,,,,,,,,,,,,,,,,,,,,,,,,,,,,,,,,,,,,
4798,1999,7,19,20,30,0,0,,,,,,,,,,,,,,,,,,,,,,,,,,,,,,,,,,,,,,,
4799,1999,7,19,21,30,0,0,,,,,,,,,,,,,,,,,,,,,,,,,,,,,,,,,,,,,,,
4800,1999,7,19,22,30,0,0,,,,,,,,,,,,,,,,,,,,,,,,,,,,,,,,,,,,,,,
4801,1999,7,19,23,30,0,0,,,,,,,,,,,,,,,,,,,,,,,,,,,,,,,,,,,,,,,
4802,1999,7,20,0,30,0,0,,,,,,,,,,,,,,,,,,,,,,,,,,,,,,,,,,,,,,,
4803,1999,7,20,1,30,0,0,,,,,,,,,,,,,,,,,,,,,,,,,,,,,,,,,,,,,,,
4804,1999,7,20,2,30,0,0,,,,,,,,,,,,,,,,,,,,,,,,,,,,,,,,,,,,,,,
4805,1999,7,20,3,30,0,0,,,,,,,,,,,,,,,,,,,,,,,,,,,,,,,,,,,,,,,
4806,1999,7,20,4,30,0,0,,,,,,,,,,,,,,,,,,,,,,,,,,,,,,,,,,,,,,,
4807,1999,7,20,5,30,44,325,,,,,,,,,,,,,,,,,,,,,,,,,,,,,,,,,,,,,,,
4808,1999,7,20,6,30,191,264,,,,,,,,,,,,,,,,,,,,,,,,,,,,,,,,,,,,,,,
4809,1999,7,20,7,30,299,211,,,,,,,,,,,,,,,,,,,,,,,,,,,,,,,,,,,,,,,
4810,1999,7,20,8,30,630,855,,,,,,,,,,,,,,,,,,,,,,,,,,,,,,,,,,,,,,,
4811,1999,7,20,9,30,799,896,,,,,,,,,,,,,,,,,,,,,,,,,,,,,,,,,,,,,,,
4812,1999,7,20,10,30,923,918,,,,,,,,,,,,,,,,,,,,,,,,,,,,,,,,,,,,,,,
4813,1999,7,20,11,30,303,4,,,,,,,,,,,,,,,,,,,,,,,,,,,,,,,,,,,,,,,
4814,1999,7,20,12,30,860,610,,,,,,,,,,,,,,,,,,,,,,,,,,,,,,,,,,,,,,,
4815,1999,7,20,13,30,890,738,,,,,,,,,,,,,,,,,,,,,,,,,,,,,,,,,,,,,,,
4816,1999,7,20,14,30,505,146,,,,,,,,,,,,,,,,,,,,,,,,,,,,,,,,,,,,,,,
4817,1999,7,20,15,30,20,0,,,,,,,,,,,,,,,,,,,,,,,,,,,,,,,,,,,,,,,
4818,1999,7,20,16,30,135,3,,,,,,,,,,,,,,,,,,,,,,,,,,,,,,,,,,,,,,,
4819,1999,7,20,17,30,196,127,,,,,,,,,,,,,,,,,,,,,,,,,,,,,,,,,,,,,,,
4820,1999,7,20,18,30,31,1,,,,,,,,,,,,,,,,,,,,,,,,,,,,,,,,,,,,,,,
4821,1999,7,20,19,30,0,0,,,,,,,,,,,,,,,,,,,,,,,,,,,,,,,,,,,,,,,
4822,1999,7,20,20,30,0,0,,,,,,,,,,,,,,,,,,,,,,,,,,,,,,,,,,,,,,,
4823,1999,7,20,21,30,0,0,,,,,,,,,,,,,,,,,,,,,,,,,,,,,,,,,,,,,,,
4824,1999,7,20,22,30,0,0,,,,,,,,,,,,,,,,,,,,,,,,,,,,,,,,,,,,,,,
4825,1999,7,20,23,30,0,0,,,,,,,,,,,,,,,,,,,,,,,,,,,,,,,,,,,,,,,
4826,1999,7,21,0,30,0,0,,,,,,,,,,,,,,,,,,,,,,,,,,,,,,,,,,,,,,,
4827,1999,7,21,1,30,0,0,,,,,,,,,,,,,,,,,,,,,,,,,,,,,,,,,,,,,,,
4828,1999,7,21,2,30,0,0,,,,,,,,,,,,,,,,,,,,,,,,,,,,,,,,,,,,,,,
4829,1999,7,21,3,30,0,0,,,,,,,,,,,,,,,,,,,,,,,,,,,,,,,,,,,,,,,
4830,1999,7,21,4,30,0,0,,,,,,,,,,,,,,,,,,,,,,,,,,,,,,,,,,,,,,,
4831,1999,7,21,5,30,43,376,,,,,,,,,,,,,,,,,,,,,,,,,,,,,,,,,,,,,,,
4832,1999,7,21,6,30,225,700,,,,,,,,,,,,,,,,,,,,,,,,,,,,,,,,,,,,,,,
4833,1999,7,21,7,30,433,827,,,,,,,,,,,,,,,,,,,,,,,,,,,,,,,,,,,,,,,
4834,1999,7,21,8,30,630,902,,,,,,,,,,,,,,,,,,,,,,,,,,,,,,,,,,,,,,,
4835,1999,7,21,9,30,799,935,,,,,,,,,,,,,,,,,,,,,,,,,,,,,,,,,,,,,,,
4836,1999,7,21,10,30,925,954,,,,,,,,,,,,,,,,,,,,,,,,,,,,,,,,,,,,,,,
4837,1999,7,21,11,30,108,0,,,,,,,,,,,,,,,,,,,,,,,,,,,,,,,,,,,,,,,
4838,1999,7,21,12,30,49,0,,,,,,,,,,,,,,,,,,,,,,,,,,,,,,,,,,,,,,,
4839,1999,7,21,13,30,124,0,,,,,,,,,,,,,,,,,,,,,,,,,,,,,,,,,,,,,,,
4840,1999,7,21,14,30,31,0,,,,,,,,,,,,,,,,,,,,,,,,,,,,,,,,,,,,,,,
4841,1999,7,21,15,30,142,1,,,,,,,,,,,,,,,,,,,,,,,,,,,,,,,,,,,,,,,
4842,1999,7,21,16,30,60,0,,,,,,,,,,,,,,,,,,,,,,,,,,,,,,,,,,,,,,,
4843,1999,7,21,17,30,51,0,,,,,,,,,,,,,,,,,,,,,,,,,,,,,,,,,,,,,,,
4844,1999,7,21,18,30,60,17,,,,,,,,,,,,,,,,,,,,,,,,,,,,,,,,,,,,,,,
4845,1999,7,21,19,30,0,0,,,,,,,,,,,,,,,,,,,,,,,,,,,,,,,,,,,,,,,
4846,1999,7,21,20,30,0,0,,,,,,,,,,,,,,,,,,,,,,,,,,,,,,,,,,,,,,,
4847,1999,7,21,21,30,0,0,,,,,,,,,,,,,,,,,,,,,,,,,,,,,,,,,,,,,,,
4848,1999,7,21,22,30,0,0,,,,,,,,,,,,,,,,,,,,,,,,,,,,,,,,,,,,,,,
4849,1999,7,21,23,30,0,0,,,,,,,,,,,,,,,,,,,,,,,,,,,,,,,,,,,,,,,
4850,1999,7,22,0,30,0,0,,,,,,,,,,,,,,,,,,,,,,,,,,,,,,,,,,,,,,,
4851,1999,7,22,1,30,0,0,,,,,,,,,,,,,,,,,,,,,,,,,,,,,,,,,,,,,,,
4852,1999,7,22,2,30,0,0,,,,,,,,,,,,,,,,,,,,,,,,,,,,,,,,,,,,,,,
4853,1999,7,22,3,30,0,0,,,,,,,,,,,,,,,,,,,,,,,,,,,,,,,,,,,,,,,
4854,1999,7,22,4,30,0,0,,,,,,,,,,,,,,,,,,,,,,,,,,,,,,,,,,,,,,,
4855,1999,7,22,5,30,42,331,,,,,,,,,,,,,,,,,,,,,,,,,,,,,,,,,,,,,,,
4856,1999,7,22,6,30,225,676,,,,,,,,,,,,,,,,,,,,,,,,,,,,,,,,,,,,,,,
4857,1999,7,22,7,30,436,818,,,,,,,,,,,,,,,,,,,,,,,,,,,,,,,,,,,,,,,
4858,1999,7,22,8,30,639,896,,,,,,,,,,,,,,,,,,,,,,,,,,,,,,,,,,,,,,,
4859,1999,7,22,9,30,811,937,,,,,,,,,,,,,,,,,,,,,,,,,,,,,,,,,,,,,,,
4860,1999,7,22,10,30,938,960,,,,,,,,,,,,,,,,,,,,,,,,,,,,,,,,,,,,,,,
4861,1999,7,22,11,30,1010,973,,,,,,,,,,,,,,,,,,,,,,,,,,,,,,,,,,,,,,,
4862,1999,7,22,12,30,575,105,,,,,,,,,,,,,,,,,,,,,,,,,,,,,,,,,,,,,,,
4863,1999,7,22,13,30,826,679,,,,,,,,,,,,,,,,,,,,,,,,,,,,,,,,,,,,,,,
4864,1999,7,22,14,30,728,557,,,,,,,,,,,,,,,,,,,,,,,,,,,,,,,,,,,,,,,
4865,1999,7,22,15,30,650,687,,,,,,,,,,,,,,,,,,,,,,,,,,,,,,,,,,,,,,,
4866,1999,7,22,16,30,19,0,,,,,,,,,,,,,,,,,,,,,,,,,,,,,,,,,,,,,,,
4867,1999,7,22,17,30,233,236,,,,,,,,,,,,,,,,,,,,,,,,,,,,,,,,,,,,,,,
4868,1999,7,22,18,30,56,2,,,,,,,,,,,,,,,,,,,,,,,,,,,,,,,,,,,,,,,
4869,1999,7,22,19,30,0,0,,,,,,,,,,,,,,,,,,,,,,,,,,,,,,,,,,,,,,,
4870,1999,7,22,20,30,0,0,,,,,,,,,,,,,,,,,,,,,,,,,,,,,,,,,,,,,,,
4871,1999,7,22,21,30,0,0,,,,,,,,,,,,,,,,,,,,,,,,,,,,,,,,,,,,,,,
4872,1999,7,22,22,30,0,0,,,,,,,,,,,,,,,,,,,,,,,,,,,,,,,,,,,,,,,
4873,1999,7,22,23,30,0,0,,,,,,,,,,,,,,,,,,,,,,,,,,,,,,,,,,,,,,,
4874,1999,7,23,0,30,0,0,,,,,,,,,,,,,,,,,,,,,,,,,,,,,,,,,,,,,,,
4875,1999,7,23,1,30,0,0,,,,,,,,,,,,,,,,,,,,,,,,,,,,,,,,,,,,,,,
4876,1999,7,23,2,30,0,0,,,,,,,,,,,,,,,,,,,,,,,,,,,,,,,,,,,,,,,
4877,1999,7,23,3,30,0,0,,,,,,,,,,,,,,,,,,,,,,,,,,,,,,,,,,,,,,,
4878,1999,7,23,4,30,0,0,,,,,,,,,,,,,,,,,,,,,,,,,,,,,,,,,,,,,,,
4879,1999,7,23,5,30,41,339,,,,,,,,,,,,,,,,,,,,,,,,,,,,,,,,,,,,,,,
4880,1999,7,23,6,30,223,681,,,,,,,,,,,,,,,,,,,,,,,,,,,,,,,,,,,,,,,
4881,1999,7,23,7,30,433,819,,,,,,,,,,,,,,,,,,,,,,,,,,,,,,,,,,,,,,,
4882,1999,7,23,8,30,635,894,,,,,,,,,,,,,,,,,,,,,,,,,,,,,,,,,,,,,,,
4883,1999,7,23,9,30,806,935,,,,,,,,,,,,,,,,,,,,,,,,,,,,,,,,,,,,,,,
4884,1999,7,23,10,30,933,958,,,,,,,,,,,,,,,,,,,,,,,,,,,,,,,,,,,,,,,
4885,1999,7,23,11,30,891,699,,,,,,,,,,,,,,,,,,,,,,,,,,,,,,,,,,,,,,,
4886,1999,7,23,12,30,882,668,,,,,,,,,,,,,,,,,,,,,,,,,,,,,,,,,,,,,,,
4887,1999,7,23,13,30,964,958,,,,,,,,,,,,,,,,,,,,,,,,,,,,,,,,,,,,,,,
4888,1999,7,23,14,30,854,939,,,,,,,,,,,,,,,,,,,,,,,,,,,,,,,,,,,,,,,
4889,1999,7,23,15,30,697,906,,,,,,,,,,,,,,,,,,,,,,,,,,,,,,,,,,,,,,,
4890,1999,7,23,16,30,442,545,,,,,,,,,,,,,,,,,,,,,,,,,,,,,,,,,,,,,,,
4891,1999,7,23,17,30,245,287,,,,,,,,,,,,,,,,,,,,,,,,,,,,,,,,,,,,,,,
4892,1999,7,23,18,30,62,20,,,,,,,,,,,,,,,,,,,,,,,,,,,,,,,,,,,,,,,
4893,1999,7,23,19,30,0,0,,,,,,,,,,,,,,,,,,,,,,,,,,,,,,,,,,,,,,,
4894,1999,7,23,20,30,0,0,,,,,,,,,,,,,,,,,,,,,,,,,,,,,,,,,,,,,,,
4895,1999,7,23,21,30,0,0,,,,,,,,,,,,,,,,,,,,,,,,,,,,,,,,,,,,,,,
4896,1999,7,23,22,30,0,0,,,,,,,,,,,,,,,,,,,,,,,,,,,,,,,,,,,,,,,
4897,1999,7,23,23,30,0,0,,,,,,,,,,,,,,,,,,,,,,,,,,,,,,,,,,,,,,,
4898,1999,7,24,0,30,0,0,,,,,,,,,,,,,,,,,,,,,,,,,,,,,,,,,,,,,,,
4899,1999,7,24,1,30,0,0,,,,,,,,,,,,,,,,,,,,,,,,,,,,,,,,,,,,,,,
4900,1999,7,24,2,30,0,0,,,,,,,,,,,,,,,,,,,,,,,,,,,,,,,,,,,,,,,
4901,1999,7,24,3,30,0,0,,,,,,,,,,,,,,,,,,,,,,,,,,,,,,,,,,,,,,,
4902,1999,7,24,4,30,0,0,,,,,,,,,,,,,,,,,,,,,,,,,,,,,,,,,,,,,,,
4903,1999,7,24,5,30,40,347,,,,,,,,,,,,,,,,,,,,,,,,,,,,,,,,,,,,,,,
4904,1999,7,24,6,30,223,694,,,,,,,,,,,,,,,,,,,,,,,,,,,,,,,,,,,,,,,
4905,1999,7,24,7,30,435,832,,,,,,,,,,,,,,,,,,,,,,,,,,,,,,,,,,,,,,,
4906,1999,7,24,8,30,637,903,,,,,,,,,,,,,,,,,,,,,,,,,,,,,,,,,,,,,,,
4907,1999,7,24,9,30,809,943,,,,,,,,,,,,,,,,,,,,,,,,,,,,,,,,,,,,,,,
4908,1999,7,24,10,30,934,963,,,,,,,,,,,,,,,,,,,,,,,,,,,,,,,,,,,,,,,
4909,1999,7,24,11,30,1006,972,,,,,,,,,,,,,,,,,,,,,,,,,,,,,,,,,,,,,,,
4910,1999,7,24,12,30,806,300,,,,,,,,,,,,,,,,,,,,,,,,,,,,,,,,,,,,,,,
4911,1999,7,24,13,30,727,365,,,,,,,,,,,,,,,,,,,,,,,,,,,,,,,,,,,,,,,
4912,1999,7,24,14,30,855,939,,,,,,,,,,,,,,,,,,,,,,,,,,,,,,,,,,,,,,,
4913,1999,7,24,15,30,601,573,,,,,,,,,,,,,,,,,,,,,,,,,,,,,,,,,,,,,,,
4914,1999,7,24,16,30,505,845,,,,,,,,,,,,,,,,,,,,,,,,,,,,,,,,,,,,,,,
4915,1999,7,24,17,30,294,737,,,,,,,,,,,,,,,,,,,,,,,,,,,,,,,,,,,,,,,
4916,1999,7,24,18,30,94,489,,,,,,,,,,,,,,,,,,,,,,,,,,,,,,,,,,,,,,,
4917,1999,7,24,19,30,0,0,,,,,,,,,,,,,,,,,,,,,,,,,,,,,,,,,,,,,,,
4918,1999,7,24,20,30,0,0,,,,,,,,,,,,,,,,,,,,,,,,,,,,,,,,,,,,,,,
4919,1999,7,24,21,30,0,0,,,,,,,,,,,,,,,,,,,,,,,,,,,,,,,,,,,,,,,
4920,1999,7,24,22,30,0,0,,,,,,,,,,,,,,,,,,,,,,,,,,,,,,,,,,,,,,,
4921,1999,7,24,23,30,0,0,,,,,,,,,,,,,,,,,,,,,,,,,,,,,,,,,,,,,,,
4922,1999,7,25,0,30,0,0,,,,,,,,,,,,,,,,,,,,,,,,,,,,,,,,,,,,,,,
4923,1999,7,25,1,30,0,0,,,,,,,,,,,,,,,,,,,,,,,,,,,,,,,,,,,,,,,
4924,1999,7,25,2,30,0,0,,,,,,,,,,,,,,,,,,,,,,,,,,,,,,,,,,,,,,,
4925,1999,7,25,3,30,0,0,,,,,,,,,,,,,,,,,,,,,,,,,,,,,,,,,,,,,,,
4926,1999,7,25,4,30,0,0,,,,,,,,,,,,,,,,,,,,,,,,,,,,,,,,,,,,,,,
4927,1999,7,25,5,30,37,288,,,,,,,,,,,,,,,,,,,,,,,,,,,,,,,,,,,,,,,
4928,1999,7,25,6,30,219,659,,,,,,,,,,,,,,,,,,,,,,,,,,,,,,,,,,,,,,,
4929,1999,7,25,7,30,433,811,,,,,,,,,,,,,,,,,,,,,,,,,,,,,,,,,,,,,,,
4930,1999,7,25,8,30,637,889,,,,,,,,,,,,,,,,,,,,,,,,,,,,,,,,,,,,,,,
4931,1999,7,25,9,30,811,933,,,,,,,,,,,,,,,,,,,,,,,,,,,,,,,,,,,,,,,
4932,1999,7,25,10,30,938,955,,,,,,,,,,,,,,,,,,,,,,,,,,,,,,,,,,,,,,,
4933,1999,7,25,11,30,1010,969,,,,,,,,,,,,,,,,,,,,,,,,,,,,,,,,,,,,,,,
4934,1999,7,25,12,30,1019,968,,,,,,,,,,,,,,,,,,,,,,,,,,,,,,,,,,,,,,,
4935,1999,7,25,13,30,932,738,,,,,,,,,,,,,,,,,,,,,,,,,,,,,,,,,,,,,,,
4936,1999,7,25,14,30,856,936,,,,,,,,,,,,,,,,,,,,,,,,,,,,,,,,,,,,,,,
4937,1999,7,25,15,30,697,897,,,,,,,,,,,,,,,,,,,,,,,,,,,,,,,,,,,,,,,
4938,1999,7,25,16,30,501,829,,,,,,,,,,,,,,,,,,,,,,,,,,,,,,,,,,,,,,,
4939,1999,7,25,17,30,288,703,,,,,,,,,,,,,,,,,,,,,,,,,,,,,,,,,,,,,,,
4940,1999,7,25,18,30,89,432,,,,,,,,,,,,,,,,,,,,,,,,,,,,,,,,,,,,,,,
4941,1999,7,25,19,30,0,0,,,,,,,,,,,,,,,,,,,,,,,,,,,,,,,,,,,,,,,
4942,1999,7,25,20,30,0,0,,,,,,,,,,,,,,,,,,,,,,,,,,,,,,,,,,,,,,,
4943,1999,7,25,21,30,0,0,,,,,,,,,,,,,,,,,,,,,,,,,,,,,,,,,,,,,,,
4944,1999,7,25,22,30,0,0,,,,,,,,,,,,,,,,,,,,,,,,,,,,,,,,,,,,,,,
4945,1999,7,25,23,30,0,0,,,,,,,,,,,,,,,,,,,,,,,,,,,,,,,,,,,,,,,
4946,1999,7,26,0,30,0,0,,,,,,,,,,,,,,,,,,,,,,,,,,,,,,,,,,,,,,,
4947,1999,7,26,1,30,0,0,,,,,,,,,,,,,,,,,,,,,,,,,,,,,,,,,,,,,,,
4948,1999,7,26,2,30,0,0,,,,,,,,,,,,,,,,,,,,,,,,,,,,,,,,,,,,,,,
4949,1999,7,26,3,30,0,0,,,,,,,,,,,,,,,,,,,,,,,,,,,,,,,,,,,,,,,
4950,1999,7,26,4,30,0,0,,,,,,,,,,,,,,,,,,,,,,,,,,,,,,,,,,,,,,,
4951,1999,7,26,5,30,34,263,,,,,,,,,,,,,,,,,,,,,,,,,,,,,,,,,,,,,,,
4952,1999,7,26,6,30,213,630,,,,,,,,,,,,,,,,,,,,,,,,,,,,,,,,,,,,,,,
4953,1999,7,26,7,30,424,784,,,,,,,,,,,,,,,,,,,,,,,,,,,,,,,,,,,,,,,
4954,1999,7,26,8,30,627,868,,,,,,,,,,,,,,,,,,,,,,,,,,,,,,,,,,,,,,,
4955,1999,7,26,9,30,800,912,,,,,,,,,,,,,,,,,,,,,,,,,,,,,,,,,,,,,,,
4956,1999,7,26,10,30,928,936,,,,,,,,,,,,,,,,,,,,,,,,,,,,,,,,,,,,,,,
4957,1999,7,26,11,30,940,872,,,,,,,,,,,,,,,,,,,,,,,,,,,,,,,,,,,,,,,
4958,1999,7,26,12,30,349,12,,,,,,,,,,,,,,,,,,,,,,,,,,,,,,,,,,,,,,,
4959,1999,7,26,13,30,876,705,,,,,,,,,,,,,,,,,,,,,,,,,,,,,,,,,,,,,,,
4960,1999,7,26,14,30,757,671,,,,,,,,,,,,,,,,,,,,,,,,,,,,,,,,,,,,,,,
4961,1999,7,26,15,30,54,0,,,,,,,,,,,,,,,,,,,,,,,,,,,,,,,,,,,,,,,
4962,1999,7,26,16,30,435,454,,,,,,,,,,,,,,,,,,,,,,,,,,,,,,,,,,,,,,,
4963,1999,7,26,17,30,285,708,,,,,,,,,,,,,,,,,,,,,,,,,,,,,,,,,,,,,,,
4964,1999,7,26,18,30,49,1,,,,,,,,,,,,,,,,,,,,,,,,,,,,,,,,,,,,,,,
4965,1999,7,26,19,30,0,0,,,,,,,,,,,,,,,,,,,,,,,,,,,,,,,,,,,,,,,
4966,1999,7,26,20,30,0,0,,,,,,,,,,,,,,,,,,,,,,,,,,,,,,,,,,,,,,,
4967,1999,7,26,21,30,0,0,,,,,,,,,,,,,,,,,,,,,,,,,,,,,,,,,,,,,,,
4968,1999,7,26,22,30,0,0,,,,,,,,,,,,,,,,,,,,,,,,,,,,,,,,,,,,,,,
4969,1999,7,26,23,30,0,0,,,,,,,,,,,,,,,,,,,,,,,,,,,,,,,,,,,,,,,
4970,1999,7,27,0,30,0,0,,,,,,,,,,,,,,,,,,,,,,,,,,,,,,,,,,,,,,,
4971,1999,7,27,1,30,0,0,,,,,,,,,,,,,,,,,,,,,,,,,,,,,,,,,,,,,,,
4972,1999,7,27,2,30,0,0,,,,,,,,,,,,,,,,,,,,,,,,,,,,,,,,,,,,,,,
4973,1999,7,27,3,30,0,0,,,,,,,,,,,,,,,,,,,,,,,,,,,,,,,,,,,,,,,
4974,1999,7,27,4,30,0,0,,,,,,,,,,,,,,,,,,,,,,,,,,,,,,,,,,,,,,,
4975,1999,7,27,5,30,26,6,,,,,,,,,,,,,,,,,,,,,,,,,,,,,,,,,,,,,,,
4976,1999,7,27,6,30,113,27,,,,,,,,,,,,,,,,,,,,,,,,,,,,,,,,,,,,,,,
4977,1999,7,27,7,30,385,414,,,,,,,,,,,,,,,,,,,,,,,,,,,,,,,,,,,,,,,
4978,1999,7,27,8,30,632,879,,,,,,,,,,,,,,,,,,,,,,,,,,,,,,,,,,,,,,,
4979,1999,7,27,9,30,809,928,,,,,,,,,,,,,,,,,,,,,,,,,,,,,,,,,,,,,,,
4980,1999,7,27,10,30,939,955,,,,,,,,,,,,,,,,,,,,,,,,,,,,,,,,,,,,,,,
4981,1999,7,27,11,30,1015,970,,,,,,,,,,,,,,,,,,,,,,,,,,,,,,,,,,,,,,,
4982,1999,7,27,12,30,1026,973,,,,,,,,,,,,,,,,,,,,,,,,,,,,,,,,,,,,,,,
4983,1999,7,27,13,30,977,968,,,,,,,,,,,,,,,,,,,,,,,,,,,,,,,,,,,,,,,
4984,1999,7,27,14,30,865,943,,,,,,,,,,,,,,,,,,,,,,,,,,,,,,,,,,,,,,,
4985,1999,7,27,15,30,703,903,,,,,,,,,,,,,,,,,,,,,,,,,,,,,,,,,,,,,,,
4986,1999,7,27,16,30,503,831,,,,,,,,,,,,,,,,,,,,,,,,,,,,,,,,,,,,,,,
4987,1999,7,27,17,30,287,700,,,,,,,,,,,,,,,,,,,,,,,,,,,,,,,,,,,,,,,
4988,1999,7,27,18,30,85,415,,,,,,,,,,,,,,,,,,,,,,,,,,,,,,,,,,,,,,,
4989,1999,7,27,19,30,0,0,,,,,,,,,,,,,,,,,,,,,,,,,,,,,,,,,,,,,,,
4990,1999,7,27,20,30,0,0,,,,,,,,,,,,,,,,,,,,,,,,,,,,,,,,,,,,,,,
4991,1999,7,27,21,30,0,0,,,,,,,,,,,,,,,,,,,,,,,,,,,,,,,,,,,,,,,
4992,1999,7,27,22,30,0,0,,,,,,,,,,,,,,,,,,,,,,,,,,,,,,,,,,,,,,,
4993,1999,7,27,23,30,0,0,,,,,,,,,,,,,,,,,,,,,,,,,,,,,,,,,,,,,,,
4994,1999,7,28,0,30,0,0,,,,,,,,,,,,,,,,,,,,,,,,,,,,,,,,,,,,,,,
4995,1999,7,28,1,30,0,0,,,,,,,,,,,,,,,,,,,,,,,,,,,,,,,,,,,,,,,
4996,1999,7,28,2,30,0,0,,,,,,,,,,,,,,,,,,,,,,,,,,,,,,,,,,,,,,,
4997,1999,7,28,3,30,0,0,,,,,,,,,,,,,,,,,,,,,,,,,,,,,,,,,,,,,,,
4998,1999,7,28,4,30,0,0,,,,,,,,,,,,,,,,,,,,,,,,,,,,,,,,,,,,,,,
4999,1999,7,28,5,30,31,206,,,,,,,,,,,,,,,,,,,,,,,,,,,,,,,,,,,,,,,
5000,1999,7,28,6,30,207,598,,,,,,,,,,,,,,,,,,,,,,,,,,,,,,,,,,,,,,,
5001,1999,7,28,7,30,421,769,,,,,,,,,,,,,,,,,,,,,,,,,,,,,,,,,,,,,,,
5002,1999,7,28,8,30,628,863,,,,,,,,,,,,,,,,,,,,,,,,,,,,,,,,,,,,,,,
5003,1999,7,28,9,30,805,917,,,,,,,,,,,,,,,,,,,,,,,,,,,,,,,,,,,,,,,
5004,1999,7,28,10,30,937,951,,,,,,,,,,,,,,,,,,,,,,,,,,,,,,,,,,,,,,,
5005,1999,7,28,11,30,1011,966,,,,,,,,,,,,,,,,,,,,,,,,,,,,,,,,,,,,,,,
5006,1999,7,28,12,30,1023,971,,,,,,,,,,,,,,,,,,,,,,,,,,,,,,,,,,,,,,,
5007,1999,7,28,13,30,969,962,,,,,,,,,,,,,,,,,,,,,,,,,,,,,,,,,,,,,,,
5008,1999,7,28,14,30,815,620,,,,,,,,,,,,,,,,,,,,,,,,,,,,,,,,,,,,,,,
5009,1999,7,28,15,30,631,663,,,,,,,,,,,,,,,,,,,,,,,,,,,,,,,,,,,,,,,
5010,1999,7,28,16,30,441,521,,,,,,,,,,,,,,,,,,,,,,,,,,,,,,,,,,,,,,,
5011,1999,7,28,17,30,66,2,,,,,,,,,,,,,,,,,,,,,,,,,,,,,,,,,,,,,,,
5012,1999,7,28,18,30,57,19,,,,,,,,,,,,,,,,,,,,,,,,,,,,,,,,,,,,,,,
5013,1999,7,28,19,30,0,0,,,,,,,,,,,,,,,,,,,,,,,,,,,,,,,,,,,,,,,
5014,1999,7,28,20,30,0,0,,,,,,,,,,,,,,,,,,,,,,,,,,,,,,,,,,,,,,,
5015,1999,7,28,21,30,0,0,,,,,,,,,,,,,,,,,,,,,,,,,,,,,,,,,,,,,,,
5016,1999,7,28,22,30,0,0,,,,,,,,,,,,,,,,,,,,,,,,,,,,,,,,,,,,,,,
5017,1999,7,28,23,30,0,0,,,,,,,,,,,,,,,,,,,,,,,,,,,,,,,,,,,,,,,
5018,1999,7,29,0,30,0,0,,,,,,,,,,,,,,,,,,,,,,,,,,,,,,,,,,,,,,,
5019,1999,7,29,1,30,0,0,,,,,,,,,,,,,,,,,,,,,,,,,,,,,,,,,,,,,,,
5020,1999,7,29,2,30,0,0,,,,,,,,,,,,,,,,,,,,,,,,,,,,,,,,,,,,,,,
5021,1999,7,29,3,30,0,0,,,,,,,,,,,,,,,,,,,,,,,,,,,,,,,,,,,,,,,
5022,1999,7,29,4,30,0,0,,,,,,,,,,,,,,,,,,,,,,,,,,,,,,,,,,,,,,,
5023,1999,7,29,5,30,31,271,,,,,,,,,,,,,,,,,,,,,,,,,,,,,,,,,,,,,,,
5024,1999,7,29,6,30,209,648,,,,,,,,,,,,,,,,,,,,,,,,,,,,,,,,,,,,,,,
5025,1999,7,29,7,30,421,800,,,,,,,,,,,,,,,,,,,,,,,,,,,,,,,,,,,,,,,
5026,1999,7,29,8,30,624,879,,,,,,,,,,,,,,,,,,,,,,,,,,,,,,,,,,,,,,,
5027,1999,7,29,9,30,799,925,,,,,,,,,,,,,,,,,,,,,,,,,,,,,,,,,,,,,,,
5028,1999,7,29,10,30,927,950,,,,,,,,,,,,,,,,,,,,,,,,,,,,,,,,,,,,,,,
5029,1999,7,29,11,30,1000,961,,,,,,,,,,,,,,,,,,,,,,,,,,,,,,,,,,,,,,,
5030,1999,7,29,12,30,1008,958,,,,,,,,,,,,,,,,,,,,,,,,,,,,,,,,,,,,,,,
5031,1999,7,29,13,30,956,946,,,,,,,,,,,,,,,,,,,,,,,,,,,,,,,,,,,,,,,
5032,1999,7,29,14,30,737,585,,,,,,,,,,,,,,,,,,,,,,,,,,,,,,,,,,,,,,,
5033,1999,7,29,15,30,285,19,,,,,,,,,,,,,,,,,,,,,,,,,,,,,,,,,,,,,,,
5034,1999,7,29,16,30,430,445,,,,,,,,,,,,,,,,,,,,,,,,,,,,,,,,,,,,,,,
5035,1999,7,29,17,30,279,695,,,,,,,,,,,,,,,,,,,,,,,,,,,,,,,,,,,,,,,
5036,1999,7,29,18,30,51,11,,,,,,,,,,,,,,,,,,,,,,,,,,,,,,,,,,,,,,,
5037,1999,7,29,19,30,0,0,,,,,,,,,,,,,,,,,,,,,,,,,,,,,,,,,,,,,,,
5038,1999,7,29,20,30,0,0,,,,,,,,,,,,,,,,,,,,,,,,,,,,,,,,,,,,,,,
5039,1999,7,29,21,30,0,0,,,,,,,,,,,,,,,,,,,,,,,,,,,,,,,,,,,,,,,
5040,1999,7,29,22,30,0,0,,,,,,,,,,,,,,,,,,,,,,,,,,,,,,,,,,,,,,,
5041,1999,7,29,23,30,0,0,,,,,,,,,,,,,,,,,,,,,,,,,,,,,,,,,,,,,,,
5042,1999,7,30,0,30,0,0,,,,,,,,,,,,,,,,,,,,,,,,,,,,,,,,,,,,,,,
5043,1999,7,30,1,30,0,0,,,,,,,,,,,,,,,,,,,,,,,,,,,,,,,,,,,,,,,
5044,1999,7,30,2,30,0,0,,,,,,,,,,,,,,,,,,,,,,,,,,,,,,,,,,,,,,,
5045,1999,7,30,3,30,0,0,,,,,,,,,,,,,,,,,,,,,,,,,,,,,,,,,,,,,,,
5046,1999,7,30,4,30,0,0,,,,,,,,,,,,,,,,,,,,,,,,,,,,,,,,,,,,,,,
5047,1999,7,30,5,30,29,244,,,,,,,,,,,,,,,,,,,,,,,,,,,,,,,,,,,,,,,
5048,1999,7,30,6,30,206,636,,,,,,,,,,,,,,,,,,,,,,,,,,,,,,,,,,,,,,,
5049,1999,7,30,7,30,420,798,,,,,,,,,,,,,,,,,,,,,,,,,,,,,,,,,,,,,,,
5050,1999,7,30,8,30,625,885,,,,,,,,,,,,,,,,,,,,,,,,,,,,,,,,,,,,,,,
5051,1999,7,30,9,30,802,935,,,,,,,,,,,,,,,,,,,,,,,,,,,,,,,,,,,,,,,
5052,1999,7,30,10,30,931,961,,,,,,,,,,,,,,,,,,,,,,,,,,,,,,,,,,,,,,,
5053,1999,7,30,11,30,1007,980,,,,,,,,,,,,,,,,,,,,,,,,,,,,,,,,,,,,,,,
5054,1999,7,30,12,30,1018,982,,,,,,,,,,,,,,,,,,,,,,,,,,,,,,,,,,,,,,,
5055,1999,7,30,13,30,968,977,,,,,,,,,,,,,,,,,,,,,,,,,,,,,,,,,,,,,,,
5056,1999,7,30,14,30,858,957,,,,,,,,,,,,,,,,,,,,,,,,,,,,,,,,,,,,,,,
5057,1999,7,30,15,30,699,925,,,,,,,,,,,,,,,,,,,,,,,,,,,,,,,,,,,,,,,
5058,1999,7,30,16,30,502,865,,,,,,,,,,,,,,,,,,,,,,,,,,,,,,,,,,,,,,,
5059,1999,7,30,17,30,287,750,,,,,,,,,,,,,,,,,,,,,,,,,,,,,,,,,,,,,,,
5060,1999,7,30,18,30,84,482,,,,,,,,,,,,,,,,,,,,,,,,,,,,,,,,,,,,,,,
5061,1999,7,30,19,30,0,0,,,,,,,,,,,,,,,,,,,,,,,,,,,,,,,,,,,,,,,
5062,1999,7,30,20,30,0,0,,,,,,,,,,,,,,,,,,,,,,,,,,,,,,,,,,,,,,,
5063,1999,7,30,21,30,0,0,,,,,,,,,,,,,,,,,,,,,,,,,,,,,,,,,,,,,,,
5064,1999,7,30,22,30,0,0,,,,,,,,,,,,,,,,,,,,,,,,,,,,,,,,,,,,,,,
5065,1999,7,30,23,30,0,0,,,,,,,,,,,,,,,,,,,,,,,,,,,,,,,,,,,,,,,
5066,1999,7,31,0,30,0,0,,,,,,,,,,,,,,,,,,,,,,,,,,,,,,,,,,,,,,,
5067,1999,7,31,1,30,0,0,,,,,,,,,,,,,,,,,,,,,,,,,,,,,,,,,,,,,,,
5068,1999,7,31,2,30,0,0,,,,,,,,,,,,,,,,,,,,,,,,,,,,,,,,,,,,,,,
5069,1999,7,31,3,30,0,0,,,,,,,,,,,,,,,,,,,,,,,,,,,,,,,,,,,,,,,
5070,1999,7,31,4,30,0,0,,,,,,,,,,,,,,,,,,,,,,,,,,,,,,,,,,,,,,,
5071,1999,7,31,5,30,28,255,,,,,,,,,,,,,,,,,,,,,,,,,,,,,,,,,,,,,,,
5072,1999,7,31,6,30,205,642,,,,,,,,,,,,,,,,,,,,,,,,,,,,,,,,,,,,,,,
5073,1999,7,31,7,30,417,794,,,,,,,,,,,,,,,,,,,,,,,,,,,,,,,,,,,,,,,
5074,1999,7,31,8,30,622,880,,,,,,,,,,,,,,,,,,,,,,,,,,,,,,,,,,,,,,,
5075,1999,7,31,9,30,794,919,,,,,,,,,,,,,,,,,,,,,,,,,,,,,,,,,,,,,,,
5076,1999,7,31,10,30,917,934,,,,,,,,,,,,,,,,,,,,,,,,,,,,,,,,,,,,,,,
5077,1999,7,31,11,30,988,945,,,,,,,,,,,,,,,,,,,,,,,,,,,,,,,,,,,,,,,
5078,1999,7,31,12,30,996,940,,,,,,,,,,,,,,,,,,,,,,,,,,,,,,,,,,,,,,,
5079,1999,7,31,13,30,823,438,,,,,,,,,,,,,,,,,,,,,,,,,,,,,,,,,,,,,,,
5080,1999,7,31,14,30,175,1,,,,,,,,,,,,,,,,,,,,,,,,,,,,,,,,,,,,,,,
5081,1999,7,31,15,30,49,0,,,,,,,,,,,,,,,,,,,,,,,,,,,,,,,,,,,,,,,
5082,1999,7,31,16,30,77,0,,,,,,,,,,,,,,,,,,,,,,,,,,,,,,,,,,,,,,,
5083,1999,7,31,17,30,12,0,,,,,,,,,,,,,,,,,,,,,,,,,,,,,,,,,,,,,,,
5084,1999,7,31,18,30,30,1,,,,,,,,,,,,,,,,,,,,,,,,,,,,,,,,,,,,,,,
5085,1999,7,31,19,30,0,0,,,,,,,,,,,,,,,,,,,,,,,,,,,,,,,,,,,,,,,
5086,1999,7,31,20,30,0,0,,,,,,,,,,,,,,,,,,,,,,,,,,,,,,,,,,,,,,,
5087,1999,7,31,21,30,0,0,,,,,,,,,,,,,,,,,,,,,,,,,,,,,,,,,,,,,,,
5088,1999,7,31,22,30,0,0,,,,,,,,,,,,,,,,,,,,,,,,,,,,,,,,,,,,,,,
5089,1999,7,31,23,30,0,0,,,,,,,,,,,,,,,,,,,,,,,,,,,,,,,,,,,,,,,
5090,1999,8,1,0,30,0,0,,,,,,,,,,,,,,,,,,,,,,,,,,,,,,,,,,,,,,,
5091,1999,8,1,1,30,0,0,,,,,,,,,,,,,,,,,,,,,,,,,,,,,,,,,,,,,,,
5092,1999,8,1,2,30,0,0,,,,,,,,,,,,,,,,,,,,,,,,,,,,,,,,,,,,,,,
5093,1999,8,1,3,30,0,0,,,,,,,,,,,,,,,,,,,,,,,,,,,,,,,,,,,,,,,
5094,1999,8,1,4,30,0,0,,,,,,,,,,,,,,,,,,,,,,,,,,,,,,,,,,,,,,,
5095,1999,8,1,5,30,14,0,,,,,,,,,,,,,,,,,,,,,,,,,,,,,,,,,,,,,,,
5096,1999,8,1,6,30,201,623,,,,,,,,,,,,,,,,,,,,,,,,,,,,,,,,,,,,,,,
5097,1999,8,1,7,30,413,783,,,,,,,,,,,,,,,,,,,,,,,,,,,,,,,,,,,,,,,
5098,1999,8,1,8,30,221,1,,,,,,,,,,,,,,,,,,,,,,,,,,,,,,,,,,,,,,,
5099,1999,8,1,9,30,309,18,,,,,,,,,,,,,,,,,,,,,,,,,,,,,,,,,,,,,,,
5100,1999,8,1,10,30,384,4,,,,,,,,,,,,,,,,,,,,,,,,,,,,,,,,,,,,,,,
5101,1999,8,1,11,30,147,0,,,,,,,,,,,,,,,,,,,,,,,,,,,,,,,,,,,,,,,
5102,1999,8,1,12,30,168,1,,,,,,,,,,,,,,,,,,,,,,,,,,,,,,,,,,,,,,,
5103,1999,8,1,13,30,693,314,,,,,,,,,,,,,,,,,,,,,,,,,,,,,,,,,,,,,,,
5104,1999,8,1,14,30,541,194,,,,,,,,,,,,,,,,,,,,,,,,,,,,,,,,,,,,,,,
5105,1999,8,1,15,30,21,0,,,,,,,,,,,,,,,,,,,,,,,,,,,,,,,,,,,,,,,
5106,1999,8,1,16,30,13,0,,,,,,,,,,,,,,,,,,,,,,,,,,,,,,,,,,,,,,,
5107,1999,8,1,17,30,8,0,,,,,,,,,,,,,,,,,,,,,,,,,,,,,,,,,,,,,,,
5108,1999,8,1,18,30,33,2,,,,,,,,,,,,,,,,,,,,,,,,,,,,,,,,,,,,,,,
5109,1999,8,1,19,30,0,0,,,,,,,,,,,,,,,,,,,,,,,,,,,,,,,,,,,,,,,
5110,1999,8,1,20,30,0,0,,,,,,,,,,,,,,,,,,,,,,,,,,,,,,,,,,,,,,,
5111,1999,8,1,21,30,0,0,,,,,,,,,,,,,,,,,,,,,,,,,,,,,,,,,,,,,,,
5112,1999,8,1,22,30,0,0,,,,,,,,,,,,,,,,,,,,,,,,,,,,,,,,,,,,,,,
5113,1999,8,1,23,30,0,0,,,,,,,,,,,,,,,,,,,,,,,,,,,,,,,,,,,,,,,
5114,1999,8,2,0,30,0,0,,,,,,,,,,,,,,,,,,,,,,,,,,,,,,,,,,,,,,,
5115,1999,8,2,1,30,0,0,,,,,,,,,,,,,,,,,,,,,,,,,,,,,,,,,,,,,,,
5116,1999,8,2,2,30,0,0,,,,,,,,,,,,,,,,,,,,,,,,,,,,,,,,,,,,,,,
5117,1999,8,2,3,30,0,0,,,,,,,,,,,,,,,,,,,,,,,,,,,,,,,,,,,,,,,
5118,1999,8,2,4,30,0,0,,,,,,,,,,,,,,,,,,,,,,,,,,,,,,,,,,,,,,,
5119,1999,8,2,5,30,9,0,,,,,,,,,,,,,,,,,,,,,,,,,,,,,,,,,,,,,,,
5120,1999,8,2,6,30,4,0,,,,,,,,,,,,,,,,,,,,,,,,,,,,,,,,,,,,,,,
5121,1999,8,2,7,30,100,0,,,,,,,,,,,,,,,,,,,,,,,,,,,,,,,,,,,,,,,
5122,1999,8,2,8,30,128,0,,,,,,,,,,,,,,,,,,,,,,,,,,,,,,,,,,,,,,,
5123,1999,8,2,9,30,407,70,,,,,,,,,,,,,,,,,,,,,,,,,,,,,,,,,,,,,,,
5124,1999,8,2,10,30,430,14,,,,,,,,,,,,,,,,,,,,,,,,,,,,,,,,,,,,,,,
5125,1999,8,2,11,30,727,220,,,,,,,,,,,,,,,,,,,,,,,,,,,,,,,,,,,,,,,
5126,1999,8,2,12,30,809,324,,,,,,,,,,,,,,,,,,,,,,,,,,,,,,,,,,,,,,,
5127,1999,8,2,13,30,789,550,,,,,,,,,,,,,,,,,,,,,,,,,,,,,,,,,,,,,,,
5128,1999,8,2,14,30,690,564,,,,,,,,,,,,,,,,,,,,,,,,,,,,,,,,,,,,,,,
5129,1999,8,2,15,30,53,0,,,,,,,,,,,,,,,,,,,,,,,,,,,,,,,,,,,,,,,
5130,1999,8,2,16,30,263,61,,,,,,,,,,,,,,,,,,,,,,,,,,,,,,,,,,,,,,,
5131,1999,8,2,17,30,66,2,,,,,,,,,,,,,,,,,,,,,,,,,,,,,,,,,,,,,,,
5132,1999,8,2,18,30,23,0,,,,,,,,,,,,,,,,,,,,,,,,,,,,,,,,,,,,,,,
5133,1999,8,2,19,30,0,0,,,,,,,,,,,,,,,,,,,,,,,,,,,,,,,,,,,,,,,
5134,1999,8,2,20,30,0,0,,,,,,,,,,,,,,,,,,,,,,,,,,,,,,,,,,,,,,,
5135,1999,8,2,21,30,0,0,,,,,,,,,,,,,,,,,,,,,,,,,,,,,,,,,,,,,,,
5136,1999,8,2,22,30,0,0,,,,,,,,,,,,,,,,,,,,,,,,,,,,,,,,,,,,,,,
5137,1999,8,2,23,30,0,0,,,,,,,,,,,,,,,,,,,,,,,,,,,,,,,,,,,,,,,
5138,1999,8,3,0,30,0,0,,,,,,,,,,,,,,,,,,,,,,,,,,,,,,,,,,,,,,,
5139,1999,8,3,1,30,0,0,,,,,,,,,,,,,,,,,,,,,,,,,,,,,,,,,,,,,,,
5140,1999,8,3,2,30,0,0,,,,,,,,,,,,,,,,,,,,,,,,,,,,,,,,,,,,,,,
5141,1999,8,3,3,30,0,0,,,,,,,,,,,,,,,,,,,,,,,,,,,,,,,,,,,,,,,
5142,1999,8,3,4,30,0,0,,,,,,,,,,,,,,,,,,,,,,,,,,,,,,,,,,,,,,,
5143,1999,8,3,5,30,6,0,,,,,,,,,,,,,,,,,,,,,,,,,,,,,,,,,,,,,,,
5144,1999,8,3,6,30,4,0,,,,,,,,,,,,,,,,,,,,,,,,,,,,,,,,,,,,,,,
5145,1999,8,3,7,30,36,0,,,,,,,,,,,,,,,,,,,,,,,,,,,,,,,,,,,,,,,
5146,1999,8,3,8,30,161,3,,,,,,,,,,,,,,,,,,,,,,,,,,,,,,,,,,,,,,,
5147,1999,8,3,9,30,615,402,,,,,,,,,,,,,,,,,,,,,,,,,,,,,,,,,,,,,,,
5148,1999,8,3,10,30,408,24,,,,,,,,,,,,,,,,,,,,,,,,,,,,,,,,,,,,,,,
5149,1999,8,3,11,30,794,545,,,,,,,,,,,,,,,,,,,,,,,,,,,,,,,,,,,,,,,
5150,1999,8,3,12,30,426,20,,,,,,,,,,,,,,,,,,,,,,,,,,,,,,,,,,,,,,,
5151,1999,8,3,13,30,196,1,,,,,,,,,,,,,,,,,,,,,,,,,,,,,,,,,,,,,,,
5152,1999,8,3,14,30,151,1,,,,,,,,,,,,,,,,,,,,,,,,,,,,,,,,,,,,,,,
5153,1999,8,3,15,30,272,17,,,,,,,,,,,,,,,,,,,,,,,,,,,,,,,,,,,,,,,
5154,1999,8,3,16,30,311,131,,,,,,,,,,,,,,,,,,,,,,,,,,,,,,,,,,,,,,,
5155,1999,8,3,17,30,51,1,,,,,,,,,,,,,,,,,,,,,,,,,,,,,,,,,,,,,,,
5156,1999,8,3,18,30,39,3,,,,,,,,,,,,,,,,,,,,,,,,,,,,,,,,,,,,,,,
5157,1999,8,3,19,30,0,0,,,,,,,,,,,,,,,,,,,,,,,,,,,,,,,,,,,,,,,
5158,1999,8,3,20,30,0,0,,,,,,,,,,,,,,,,,,,,,,,,,,,,,,,,,,,,,,,
5159,1999,8,3,21,30,0,0,,,,,,,,,,,,,,,,,,,,,,,,,,,,,,,,,,,,,,,
5160,1999,8,3,22,30,0,0,,,,,,,,,,,,,,,,,,,,,,,,,,,,,,,,,,,,,,,
5161,1999,8,3,23,30,0,0,,,,,,,,,,,,,,,,,,,,,,,,,,,,,,,,,,,,,,,
5162,1999,8,4,0,30,0,0,,,,,,,,,,,,,,,,,,,,,,,,,,,,,,,,,,,,,,,
5163,1999,8,4,1,30,0,0,,,,,,,,,,,,,,,,,,,,,,,,,,,,,,,,,,,,,,,
5164,1999,8,4,2,30,0,0,,,,,,,,,,,,,,,,,,,,,,,,,,,,,,,,,,,,,,,
5165,1999,8,4,3,30,0,0,,,,,,,,,,,,,,,,,,,,,,,,,,,,,,,,,,,,,,,
5166,1999,8,4,4,30,0,0,,,,,,,,,,,,,,,,,,,,,,,,,,,,,,,,,,,,,,,
5167,1999,8,4,5,30,7,0,,,,,,,,,,,,,,,,,,,,,,,,,,,,,,,,,,,,,,,
5168,1999,8,4,6,30,4,0,,,,,,,,,,,,,,,,,,,,,,,,,,,,,,,,,,,,,,,
5169,1999,8,4,7,30,185,8,,,,,,,,,,,,,,,,,,,,,,,,,,,,,,,,,,,,,,,
5170,1999,8,4,8,30,208,1,,,,,,,,,,,,,,,,,,,,,,,,,,,,,,,,,,,,,,,
5171,1999,8,4,9,30,209,0,,,,,,,,,,,,,,,,,,,,,,,,,,,,,,,,,,,,,,,
5172,1999,8,4,10,30,287,1,,,,,,,,,,,,,,,,,,,,,,,,,,,,,,,,,,,,,,,
5173,1999,8,4,11,30,339,7,,,,,,,,,,,,,,,,,,,,,,,,,,,,,,,,,,,,,,,
5174,1999,8,4,12,30,452,29,,,,,,,,,,,,,,,,,,,,,,,,,,,,,,,,,,,,,,,
5175,1999,8,4,13,30,251,3,,,,,,,,,,,,,,,,,,,,,,,,,,,,,,,,,,,,,,,
5176,1999,8,4,14,30,67,0,,,,,,,,,,,,,,,,,,,,,,,,,,,,,,,,,,,,,,,
5177,1999,8,4,15,30,47,0,,,,,,,,,,,,,,,,,,,,,,,,,,,,,,,,,,,,,,,
5178,1999,8,4,16,30,273,105,,,,,,,,,,,,,,,,,,,,,,,,,,,,,,,,,,,,,,,
5179,1999,8,4,17,30,202,114,,,,,,,,,,,,,,,,,,,,,,,,,,,,,,,,,,,,,,,
5180,1999,8,4,18,30,21,0,,,,,,,,,,,,,,,,,,,,,,,,,,,,,,,,,,,,,,,
5181,1999,8,4,19,30,0,0,,,,,,,,,,,,,,,,,,,,,,,,,,,,,,,,,,,,,,,
5182,1999,8,4,20,30,0,0,,,,,,,,,,,,,,,,,,,,,,,,,,,,,,,,,,,,,,,
5183,1999,8,4,21,30,0,0,,,,,,,,,,,,,,,,,,,,,,,,,,,,,,,,,,,,,,,
5184,1999,8,4,22,30,0,0,,,,,,,,,,,,,,,,,,,,,,,,,,,,,,,,,,,,,,,
5185,1999,8,4,23,30,0,0,,,,,,,,,,,,,,,,,,,,,,,,,,,,,,,,,,,,,,,
5186,1999,8,5,0,30,0,0,,,,,,,,,,,,,,,,,,,,,,,,,,,,,,,,,,,,,,,
5187,1999,8,5,1,30,0,0,,,,,,,,,,,,,,,,,,,,,,,,,,,,,,,,,,,,,,,
5188,1999,8,5,2,30,0,0,,,,,,,,,,,,,,,,,,,,,,,,,,,,,,,,,,,,,,,
5189,1999,8,5,3,30,0,0,,,,,,,,,,,,,,,,,,,,,,,,,,,,,,,,,,,,,,,
5190,1999,8,5,4,30,0,0,,,,,,,,,,,,,,,,,,,,,,,,,,,,,,,,,,,,,,,
5191,1999,8,5,5,30,13,0,,,,,,,,,,,,,,,,,,,,,,,,,,,,,,,,,,,,,,,
5192,1999,8,5,6,30,63,2,,,,,,,,,,,,,,,,,,,,,,,,,,,,,,,,,,,,,,,
5193,1999,8,5,7,30,142,1,,,,,,,,,,,,,,,,,,,,,,,,,,,,,,,,,,,,,,,
5194,1999,8,5,8,30,323,32,,,,,,,,,,,,,,,,,,,,,,,,,,,,,,,,,,,,,,,
5195,1999,8,5,9,30,525,124,,,,,,,,,,,,,,,,,,,,,,,,,,,,,,,,,,,,,,,
5196,1999,8,5,10,30,510,65,,,,,,,,,,,,,,,,,,,,,,,,,,,,,,,,,,,,,,,
5197,1999,8,5,11,30,514,37,,,,,,,,,,,,,,,,,,,,,,,,,,,,,,,,,,,,,,,
5198,1999,8,5,12,30,851,593,,,,,,,,,,,,,,,,,,,,,,,,,,,,,,,,,,,,,,,
5199,1999,8,5,13,30,935,903,,,,,,,,,,,,,,,,,,,,,,,,,,,,,,,,,,,,,,,
5200,1999,8,5,14,30,827,899,,,,,,,,,,,,,,,,,,,,,,,,,,,,,,,,,,,,,,,
5201,1999,8,5,15,30,435,165,,,,,,,,,,,,,,,,,,,,,,,,,,,,,,,,,,,,,,,
5202,1999,8,5,16,30,90,1,,,,,,,,,,,,,,,,,,,,,,,,,,,,,,,,,,,,,,,
5203,1999,8,5,17,30,52,1,,,,,,,,,,,,,,,,,,,,,,,,,,,,,,,,,,,,,,,
5204,1999,8,5,18,30,23,0,,,,,,,,,,,,,,,,,,,,,,,,,,,,,,,,,,,,,,,
5205,1999,8,5,19,30,0,0,,,,,,,,,,,,,,,,,,,,,,,,,,,,,,,,,,,,,,,
5206,1999,8,5,20,30,0,0,,,,,,,,,,,,,,,,,,,,,,,,,,,,,,,,,,,,,,,
5207,1999,8,5,21,30,0,0,,,,,,,,,,,,,,,,,,,,,,,,,,,,,,,,,,,,,,,
5208,1999,8,5,22,30,0,0,,,,,,,,,,,,,,,,,,,,,,,,,,,,,,,,,,,,,,,
5209,1999,8,5,23,30,0,0,,,,,,,,,,,,,,,,,,,,,,,,,,,,,,,,,,,,,,,
5210,1999,8,6,0,30,0,0,,,,,,,,,,,,,,,,,,,,,,,,,,,,,,,,,,,,,,,
5211,1999,8,6,1,30,0,0,,,,,,,,,,,,,,,,,,,,,,,,,,,,,,,,,,,,,,,
5212,1999,8,6,2,30,0,0,,,,,,,,,,,,,,,,,,,,,,,,,,,,,,,,,,,,,,,
5213,1999,8,6,3,30,0,0,,,,,,,,,,,,,,,,,,,,,,,,,,,,,,,,,,,,,,,
5214,1999,8,6,4,30,0,0,,,,,,,,,,,,,,,,,,,,,,,,,,,,,,,,,,,,,,,
5215,1999,8,6,5,30,5,0,,,,,,,,,,,,,,,,,,,,,,,,,,,,,,,,,,,,,,,
5216,1999,8,6,6,30,3,0,,,,,,,,,,,,,,,,,,,,,,,,,,,,,,,,,,,,,,,
5217,1999,8,6,7,30,172,16,,,,,,,,,,,,,,,,,,,,,,,,,,,,,,,,,,,,,,,
5218,1999,8,6,8,30,142,2,,,,,,,,,,,,,,,,,,,,,,,,,,,,,,,,,,,,,,,
5219,1999,8,6,9,30,607,420,,,,,,,,,,,,,,,,,,,,,,,,,,,,,,,,,,,,,,,
5220,1999,8,6,10,30,906,919,,,,,,,,,,,,,,,,,,,,,,,,,,,,,,,,,,,,,,,
5221,1999,8,6,11,30,178,0,,,,,,,,,,,,,,,,,,,,,,,,,,,,,,,,,,,,,,,
5222,1999,8,6,12,30,233,0,,,,,,,,,,,,,,,,,,,,,,,,,,,,,,,,,,,,,,,
5223,1999,8,6,13,30,88,0,,,,,,,,,,,,,,,,,,,,,,,,,,,,,,,,,,,,,,,
5224,1999,8,6,14,30,566,146,,,,,,,,,,,,,,,,,,,,,,,,,,,,,,,,,,,,,,,
5225,1999,8,6,15,30,155,0,,,,,,,,,,,,,,,,,,,,,,,,,,,,,,,,,,,,,,,
5226,1999,8,6,16,30,331,107,,,,,,,,,,,,,,,,,,,,,,,,,,,,,,,,,,,,,,,
5227,1999,8,6,17,30,199,202,,,,,,,,,,,,,,,,,,,,,,,,,,,,,,,,,,,,,,,
5228,1999,8,6,18,30,43,10,,,,,,,,,,,,,,,,,,,,,,,,,,,,,,,,,,,,,,,
5229,1999,8,6,19,30,0,0,,,,,,,,,,,,,,,,,,,,,,,,,,,,,,,,,,,,,,,
5230,1999,8,6,20,30,0,0,,,,,,,,,,,,,,,,,,,,,,,,,,,,,,,,,,,,,,,
5231,1999,8,6,21,30,0,0,,,,,,,,,,,,,,,,,,,,,,,,,,,,,,,,,,,,,,,
5232,1999,8,6,22,30,0,0,,,,,,,,,,,,,,,,,,,,,,,,,,,,,,,,,,,,,,,
5233,1999,8,6,23,30,0,0,,,,,,,,,,,,,,,,,,,,,,,,,,,,,,,,,,,,,,,
5234,1999,8,7,0,30,0,0,,,,,,,,,,,,,,,,,,,,,,,,,,,,,,,,,,,,,,,
5235,1999,8,7,1,30,0,0,,,,,,,,,,,,,,,,,,,,,,,,,,,,,,,,,,,,,,,
5236,1999,8,7,2,30,0,0,,,,,,,,,,,,,,,,,,,,,,,,,,,,,,,,,,,,,,,
5237,1999,8,7,3,30,0,0,,,,,,,,,,,,,,,,,,,,,,,,,,,,,,,,,,,,,,,
5238,1999,8,7,4,30,0,0,,,,,,,,,,,,,,,,,,,,,,,,,,,,,,,,,,,,,,,
5239,1999,8,7,5,30,19,204,,,,,,,,,,,,,,,,,,,,,,,,,,,,,,,,,,,,,,,
5240,1999,8,7,6,30,193,639,,,,,,,,,,,,,,,,,,,,,,,,,,,,,,,,,,,,,,,
5241,1999,8,7,7,30,409,804,,,,,,,,,,,,,,,,,,,,,,,,,,,,,,,,,,,,,,,
5242,1999,8,7,8,30,617,890,,,,,,,,,,,,,,,,,,,,,,,,,,,,,,,,,,,,,,,
5243,1999,8,7,9,30,793,935,,,,,,,,,,,,,,,,,,,,,,,,,,,,,,,,,,,,,,,
5244,1999,8,7,10,30,924,962,,,,,,,,,,,,,,,,,,,,,,,,,,,,,,,,,,,,,,,
5245,1999,8,7,11,30,998,974,,,,,,,,,,,,,,,,,,,,,,,,,,,,,,,,,,,,,,,
5246,1999,8,7,12,30,1008,976,,,,,,,,,,,,,,,,,,,,,,,,,,,,,,,,,,,,,,,
5247,1999,8,7,13,30,955,967,,,,,,,,,,,,,,,,,,,,,,,,,,,,,,,,,,,,,,,
5248,1999,8,7,14,30,842,947,,,,,,,,,,,,,,,,,,,,,,,,,,,,,,,,,,,,,,,
5249,1999,8,7,15,30,679,909,,,,,,,,,,,,,,,,,,,,,,,,,,,,,,,,,,,,,,,
5250,1999,8,7,16,30,479,840,,,,,,,,,,,,,,,,,,,,,,,,,,,,,,,,,,,,,,,
5251,1999,8,7,17,30,261,704,,,,,,,,,,,,,,,,,,,,,,,,,,,,,,,,,,,,,,,
5252,1999,8,7,18,30,62,386,,,,,,,,,,,,,,,,,,,,,,,,,,,,,,,,,,,,,,,
5253,1999,8,7,19,30,0,0,,,,,,,,,,,,,,,,,,,,,,,,,,,,,,,,,,,,,,,
5254,1999,8,7,20,30,0,0,,,,,,,,,,,,,,,,,,,,,,,,,,,,,,,,,,,,,,,
5255,1999,8,7,21,30,0,0,,,,,,,,,,,,,,,,,,,,,,,,,,,,,,,,,,,,,,,
5256,1999,8,7,22,30,0,0,,,,,,,,,,,,,,,,,,,,,,,,,,,,,,,,,,,,,,,
5257,1999,8,7,23,30,0,0,,,,,,,,,,,,,,,,,,,,,,,,,,,,,,,,,,,,,,,
5258,1999,8,8,0,30,0,0,,,,,,,,,,,,,,,,,,,,,,,,,,,,,,,,,,,,,,,
5259,1999,8,8,1,30,0,0,,,,,,,,,,,,,,,,,,,,,,,,,,,,,,,,,,,,,,,
5260,1999,8,8,2,30,0,0,,,,,,,,,,,,,,,,,,,,,,,,,,,,,,,,,,,,,,,
5261,1999,8,8,3,30,0,0,,,,,,,,,,,,,,,,,,,,,,,,,,,,,,,,,,,,,,,
5262,1999,8,8,4,30,0,0,,,,,,,,,,,,,,,,,,,,,,,,,,,,,,,,,,,,,,,
5263,1999,8,8,5,30,8,0,,,,,,,,,,,,,,,,,,,,,,,,,,,,,,,,,,,,,,,
5264,1999,8,8,6,30,157,213,,,,,,,,,,,,,,,,,,,,,,,,,,,,,,,,,,,,,,,
5265,1999,8,8,7,30,399,781,,,,,,,,,,,,,,,,,,,,,,,,,,,,,,,,,,,,,,,
5266,1999,8,8,8,30,604,864,,,,,,,,,,,,,,,,,,,,,,,,,,,,,,,,,,,,,,,
5267,1999,8,8,9,30,777,907,,,,,,,,,,,,,,,,,,,,,,,,,,,,,,,,,,,,,,,
5268,1999,8,8,10,30,905,929,,,,,,,,,,,,,,,,,,,,,,,,,,,,,,,,,,,,,,,
5269,1999,8,8,11,30,979,947,,,,,,,,,,,,,,,,,,,,,,,,,,,,,,,,,,,,,,,
5270,1999,8,8,12,30,989,945,,,,,,,,,,,,,,,,,,,,,,,,,,,,,,,,,,,,,,,
5271,1999,8,8,13,30,722,378,,,,,,,,,,,,,,,,,,,,,,,,,,,,,,,,,,,,,,,
5272,1999,8,8,14,30,131,0,,,,,,,,,,,,,,,,,,,,,,,,,,,,,,,,,,,,,,,
5273,1999,8,8,15,30,97,0,,,,,,,,,,,,,,,,,,,,,,,,,,,,,,,,,,,,,,,
5274,1999,8,8,16,30,120,2,,,,,,,,,,,,,,,,,,,,,,,,,,,,,,,,,,,,,,,
5275,1999,8,8,17,30,235,412,,,,,,,,,,,,,,,,,,,,,,,,,,,,,,,,,,,,,,,
5276,1999,8,8,18,30,17,0,,,,,,,,,,,,,,,,,,,,,,,,,,,,,,,,,,,,,,,
5277,1999,8,8,19,30,0,0,,,,,,,,,,,,,,,,,,,,,,,,,,,,,,,,,,,,,,,
5278,1999,8,8,20,30,0,0,,,,,,,,,,,,,,,,,,,,,,,,,,,,,,,,,,,,,,,
5279,1999,8,8,21,30,0,0,,,,,,,,,,,,,,,,,,,,,,,,,,,,,,,,,,,,,,,
5280,1999,8,8,22,30,0,0,,,,,,,,,,,,,,,,,,,,,,,,,,,,,,,,,,,,,,,
5281,1999,8,8,23,30,0,0,,,,,,,,,,,,,,,,,,,,,,,,,,,,,,,,,,,,,,,
5282,1999,8,9,0,30,0,0,,,,,,,,,,,,,,,,,,,,,,,,,,,,,,,,,,,,,,,
5283,1999,8,9,1,30,0,0,,,,,,,,,,,,,,,,,,,,,,,,,,,,,,,,,,,,,,,
5284,1999,8,9,2,30,0,0,,,,,,,,,,,,,,,,,,,,,,,,,,,,,,,,,,,,,,,
5285,1999,8,9,3,30,0,0,,,,,,,,,,,,,,,,,,,,,,,,,,,,,,,,,,,,,,,
5286,1999,8,9,4,30,0,0,,,,,,,,,,,,,,,,,,,,,,,,,,,,,,,,,,,,,,,
5287,1999,8,9,5,30,6,0,,,,,,,,,,,,,,,,,,,,,,,,,,,,,,,,,,,,,,,
5288,1999,8,9,6,30,95,3,,,,,,,,,,,,,,,,,,,,,,,,,,,,,,,,,,,,,,,
5289,1999,8,9,7,30,236,33,,,,,,,,,,,,,,,,,,,,,,,,,,,,,,,,,,,,,,,
5290,1999,8,9,8,30,368,69,,,,,,,,,,,,,,,,,,,,,,,,,,,,,,,,,,,,,,,
5291,1999,8,9,9,30,641,524,,,,,,,,,,,,,,,,,,,,,,,,,,,,,,,,,,,,,,,
5292,1999,8,9,10,30,904,932,,,,,,,,,,,,,,,,,,,,,,,,,,,,,,,,,,,,,,,
5293,1999,8,9,11,30,979,945,,,,,,,,,,,,,,,,,,,,,,,,,,,,,,,,,,,,,,,
5294,1999,8,9,12,30,988,943,,,,,,,,,,,,,,,,,,,,,,,,,,,,,,,,,,,,,,,
5295,1999,8,9,13,30,350,11,,,,,,,,,,,,,,,,,,,,,,,,,,,,,,,,,,,,,,,
5296,1999,8,9,14,30,442,79,,,,,,,,,,,,,,,,,,,,,,,,,,,,,,,,,,,,,,,
5297,1999,8,9,15,30,664,874,,,,,,,,,,,,,,,,,,,,,,,,,,,,,,,,,,,,,,,
5298,1999,8,9,16,30,466,804,,,,,,,,,,,,,,,,,,,,,,,,,,,,,,,,,,,,,,,
5299,1999,8,9,17,30,251,667,,,,,,,,,,,,,,,,,,,,,,,,,,,,,,,,,,,,,,,
5300,1999,8,9,18,30,56,341,,,,,,,,,,,,,,,,,,,,,,,,,,,,,,,,,,,,,,,
5301,1999,8,9,19,30,0,0,,,,,,,,,,,,,,,,,,,,,,,,,,,,,,,,,,,,,,,
5302,1999,8,9,20,30,0,0,,,,,,,,,,,,,,,,,,,,,,,,,,,,,,,,,,,,,,,
5303,1999,8,9,21,30,0,0,,,,,,,,,,,,,,,,,,,,,,,,,,,,,,,,,,,,,,,
5304,1999,8,9,22,30,0,0,,,,,,,,,,,,,,,,,,,,,,,,,,,,,,,,,,,,,,,
5305,1999,8,9,23,30,0,0,,,,,,,,,,,,,,,,,,,,,,,,,,,,,,,,,,,,,,,
5306,1999,8,10,0,30,0,0,,,,,,,,,,,,,,,,,,,,,,,,,,,,,,,,,,,,,,,
5307,1999,8,10,1,30,0,0,,,,,,,,,,,,,,,,,,,,,,,,,,,,,,,,,,,,,,,
5308,1999,8,10,2,30,0,0,,,,,,,,,,,,,,,,,,,,,,,,,,,,,,,,,,,,,,,
5309,1999,8,10,3,30,0,0,,,,,,,,,,,,,,,,,,,,,,,,,,,,,,,,,,,,,,,
5310,1999,8,10,4,30,0,0,,,,,,,,,,,,,,,,,,,,,,,,,,,,,,,,,,,,,,,
5311,1999,8,10,5,30,15,123,,,,,,,,,,,,,,,,,,,,,,,,,,,,,,,,,,,,,,,
5312,1999,8,10,6,30,143,136,,,,,,,,,,,,,,,,,,,,,,,,,,,,,,,,,,,,,,,
5313,1999,8,10,7,30,394,753,,,,,,,,,,,,,,,,,,,,,,,,,,,,,,,,,,,,,,,
5314,1999,8,10,8,30,601,846,,,,,,,,,,,,,,,,,,,,,,,,,,,,,,,,,,,,,,,
5315,1999,8,10,9,30,182,2,,,,,,,,,,,,,,,,,,,,,,,,,,,,,,,,,,,,,,,
5316,1999,8,10,10,30,653,287,,,,,,,,,,,,,,,,,,,,,,,,,,,,,,,,,,,,,,,
5317,1999,8,10,11,30,798,488,,,,,,,,,,,,,,,,,,,,,,,,,,,,,,,,,,,,,,,
5318,1999,8,10,12,30,774,335,,,,,,,,,,,,,,,,,,,,,,,,,,,,,,,,,,,,,,,
5319,1999,8,10,13,30,926,907,,,,,,,,,,,,,,,,,,,,,,,,,,,,,,,,,,,,,,,
5320,1999,8,10,14,30,519,174,,,,,,,,,,,,,,,,,,,,,,,,,,,,,,,,,,,,,,,
5321,1999,8,10,15,30,79,0,,,,,,,,,,,,,,,,,,,,,,,,,,,,,,,,,,,,,,,
5322,1999,8,10,16,30,91,1,,,,,,,,,,,,,,,,,,,,,,,,,,,,,,,,,,,,,,,
5323,1999,8,10,17,30,158,437,,,,,,,,,,,,,,,,,,,,,,,,,,,,,,,,,,,,,,,
5324,1999,8,10,18,30,20,0,,,,,,,,,,,,,,,,,,,,,,,,,,,,,,,,,,,,,,,
5325,1999,8,10,19,30,0,0,,,,,,,,,,,,,,,,,,,,,,,,,,,,,,,,,,,,,,,
5326,1999,8,10,20,30,0,0,,,,,,,,,,,,,,,,,,,,,,,,,,,,,,,,,,,,,,,
5327,1999,8,10,21,30,0,0,,,,,,,,,,,,,,,,,,,,,,,,,,,,,,,,,,,,,,,
5328,1999,8,10,22,30,0,0,,,,,,,,,,,,,,,,,,,,,,,,,,,,,,,,,,,,,,,
5329,1999,8,10,23,30,0,0,,,,,,,,,,,,,,,,,,,,,,,,,,,,,,,,,,,,,,,
5330,1999,8,11,0,30,0,0,,,,,,,,,,,,,,,,,,,,,,,,,,,,,,,,,,,,,,,
5331,1999,8,11,1,30,0,0,,,,,,,,,,,,,,,,,,,,,,,,,,,,,,,,,,,,,,,
5332,1999,8,11,2,30,0,0,,,,,,,,,,,,,,,,,,,,,,,,,,,,,,,,,,,,,,,
5333,1999,8,11,3,30,0,0,,,,,,,,,,,,,,,,,,,,,,,,,,,,,,,,,,,,,,,
5334,1999,8,11,4,30,0,0,,,,,,,,,,,,,,,,,,,,,,,,,,,,,,,,,,,,,,,
5335,1999,8,11,5,30,3,0,,,,,,,,,,,,,,,,,,,,,,,,,,,,,,,,,,,,,,,
5336,1999,8,11,6,30,157,270,,,,,,,,,,,,,,,,,,,,,,,,,,,,,,,,,,,,,,,
5337,1999,8,11,7,30,391,767,,,,,,,,,,,,,,,,,,,,,,,,,,,,,,,,,,,,,,,
5338,1999,8,11,8,30,594,844,,,,,,,,,,,,,,,,,,,,,,,,,,,,,,,,,,,,,,,
5339,1999,8,11,9,30,769,893,,,,,,,,,,,,,,,,,,,,,,,,,,,,,,,,,,,,,,,
5340,1999,8,11,10,30,755,522,,,,,,,,,,,,,,,,,,,,,,,,,,,,,,,,,,,,,,,
5341,1999,8,11,11,30,844,627,,,,,,,,,,,,,,,,,,,,,,,,,,,,,,,,,,,,,,,
5342,1999,8,11,12,30,898,754,,,,,,,,,,,,,,,,,,,,,,,,,,,,,,,,,,,,,,,
5343,1999,8,11,13,30,696,215,,,,,,,,,,,,,,,,,,,,,,,,,,,,,,,,,,,,,,,
5344,1999,8,11,14,30,599,329,,,,,,,,,,,,,,,,,,,,,,,,,,,,,,,,,,,,,,,
5345,1999,8,11,15,30,594,608,,,,,,,,,,,,,,,,,,,,,,,,,,,,,,,,,,,,,,,
5346,1999,8,11,16,30,393,513,,,,,,,,,,,,,,,,,,,,,,,,,,,,,,,,,,,,,,,
5347,1999,8,11,17,30,87,6,,,,,,,,,,,,,,,,,,,,,,,,,,,,,,,,,,,,,,,
5348,1999,8,11,18,30,40,11,,,,,,,,,,,,,,,,,,,,,,,,,,,,,,,,,,,,,,,
5349,1999,8,11,19,30,0,0,,,,,,,,,,,,,,,,,,,,,,,,,,,,,,,,,,,,,,,
5350,1999,8,11,20,30,0,0,,,,,,,,,,,,,,,,,,,,,,,,,,,,,,,,,,,,,,,
5351,1999,8,11,21,30,0,0,,,,,,,,,,,,,,,,,,,,,,,,,,,,,,,,,,,,,,,
5352,1999,8,11,22,30,0,0,,,,,,,,,,,,,,,,,,,,,,,,,,,,,,,,,,,,,,,
5353,1999,8,11,23,30,0,0,,,,,,,,,,,,,,,,,,,,,,,,,,,,,,,,,,,,,,,
5354,1999,8,12,0,30,0,0,,,,,,,,,,,,,,,,,,,,,,,,,,,,,,,,,,,,,,,
5355,1999,8,12,1,30,0,0,,,,,,,,,,,,,,,,,,,,,,,,,,,,,,,,,,,,,,,
5356,1999,8,12,2,30,0,0,,,,,,,,,,,,,,,,,,,,,,,,,,,,,,,,,,,,,,,
5357,1999,8,12,3,30,0,0,,,,,,,,,,,,,,,,,,,,,,,,,,,,,,,,,,,,,,,
5358,1999,8,12,4,30,0,0,,,,,,,,,,,,,,,,,,,,,,,,,,,,,,,,,,,,,,,
5359,1999,8,12,5,30,15,222,,,,,,,,,,,,,,,,,,,,,,,,,,,,,,,,,,,,,,,
5360,1999,8,12,6,30,194,704,,,,,,,,,,,,,,,,,,,,,,,,,,,,,,,,,,,,,,,
5361,1999,8,12,7,30,421,873,,,,,,,,,,,,,,,,,,,,,,,,,,,,,,,,,,,,,,,
5362,1999,8,12,8,30,637,953,,,,,,,,,,,,,,,,,,,,,,,,,,,,,,,,,,,,,,,
5363,1999,8,12,9,30,819,996,,,,,,,,,,,,,,,,,,,,,,,,,,,,,,,,,,,,,,,
5364,1999,8,12,10,30,958,1025,,,,,,,,,,,,,,,,,,,,,,,,,,,,,,,,,,,,,,,
5365,1999,8,12,11,30,1033,1036,,,,,,,,,,,,,,,,,,,,,,,,,,,,,,,,,,,,,,,
5366,1999,8,12,12,30,1043,1038,,,,,,,,,,,,,,,,,,,,,,,,,,,,,,,,,,,,,,,
5367,1999,8,12,13,30,987,1030,,,,,,,,,,,,,,,,,,,,,,,,,,,,,,,,,,,,,,,
5368,1999,8,12,14,30,870,1008,,,,,,,,,,,,,,,,,,,,,,,,,,,,,,,,,,,,,,,
5369,1999,8,12,15,30,699,973,,,,,,,,,,,,,,,,,,,,,,,,,,,,,,,,,,,,,,,
5370,1999,8,12,16,30,491,909,,,,,,,,,,,,,,,,,,,,,,,,,,,,,,,,,,,,,,,
5371,1999,8,12,17,30,264,783,,,,,,,,,,,,,,,,,,,,,,,,,,,,,,,,,,,,,,,
5372,1999,8,12,18,30,56,450,,,,,,,,,,,,,,,,,,,,,,,,,,,,,,,,,,,,,,,
5373,1999,8,12,19,30,0,0,,,,,,,,,,,,,,,,,,,,,,,,,,,,,,,,,,,,,,,
5374,1999,8,12,20,30,0,0,,,,,,,,,,,,,,,,,,,,,,,,,,,,,,,,,,,,,,,
5375,1999,8,12,21,30,0,0,,,,,,,,,,,,,,,,,,,,,,,,,,,,,,,,,,,,,,,
5376,1999,8,12,22,30,0,0,,,,,,,,,,,,,,,,,,,,,,,,,,,,,,,,,,,,,,,
5377,1999,8,12,23,30,0,0,,,,,,,,,,,,,,,,,,,,,,,,,,,,,,,,,,,,,,,
5378,1999,8,13,0,30,0,0,,,,,,,,,,,,,,,,,,,,,,,,,,,,,,,,,,,,,,,
5379,1999,8,13,1,30,0,0,,,,,,,,,,,,,,,,,,,,,,,,,,,,,,,,,,,,,,,
5380,1999,8,13,2,30,0,0,,,,,,,,,,,,,,,,,,,,,,,,,,,,,,,,,,,,,,,
5381,1999,8,13,3,30,0,0,,,,,,,,,,,,,,,,,,,,,,,,,,,,,,,,,,,,,,,
5382,1999,8,13,4,30,0,0,,,,,,,,,,,,,,,,,,,,,,,,,,,,,,,,,,,,,,,
5383,1999,8,13,5,30,0,0,,,,,,,,,,,,,,,,,,,,,,,,,,,,,,,,,,,,,,,
5384,1999,8,13,6,30,196,720,,,,,,,,,,,,,,,,,,,,,,,,,,,,,,,,,,,,,,,
5385,1999,8,13,7,30,421,876,,,,,,,,,,,,,,,,,,,,,,,,,,,,,,,,,,,,,,,
5386,1999,8,13,8,30,637,954,,,,,,,,,,,,,,,,,,,,,,,,,,,,,,,,,,,,,,,
5387,1999,8,13,9,30,820,996,,,,,,,,,,,,,,,,,,,,,,,,,,,,,,,,,,,,,,,
5388,1999,8,13,10,30,951,1015,,,,,,,,,,,,,,,,,,,,,,,,,,,,,,,,,,,,,,,
5389,1999,8,13,11,30,1026,1027,,,,,,,,,,,,,,,,,,,,,,,,,,,,,,,,,,,,,,,
5390,1999,8,13,12,30,1035,1028,,,,,,,,,,,,,,,,,,,,,,,,,,,,,,,,,,,,,,,
5391,1999,8,13,13,30,975,1014,,,,,,,,,,,,,,,,,,,,,,,,,,,,,,,,,,,,,,,
5392,1999,8,13,14,30,858,993,,,,,,,,,,,,,,,,,,,,,,,,,,,,,,,,,,,,,,,
5393,1999,8,13,15,30,689,956,,,,,,,,,,,,,,,,,,,,,,,,,,,,,,,,,,,,,,,
5394,1999,8,13,16,30,481,888,,,,,,,,,,,,,,,,,,,,,,,,,,,,,,,,,,,,,,,
5395,1999,8,13,17,30,256,755,,,,,,,,,,,,,,,,,,,,,,,,,,,,,,,,,,,,,,,
5396,1999,8,13,18,30,51,404,,,,,,,,,,,,,,,,,,,,,,,,,,,,,,,,,,,,,,,
5397,1999,8,13,19,30,0,0,,,,,,,,,,,,,,,,,,,,,,,,,,,,,,,,,,,,,,,
5398,1999,8,13,20,30,0,0,,,,,,,,,,,,,,,,,,,,,,,,,,,,,,,,,,,,,,,
5399,1999,8,13,21,30,0,0,,,,,,,,,,,,,,,,,,,,,,,,,,,,,,,,,,,,,,,
5400,1999,8,13,22,30,0,0,,,,,,,,,,,,,,,,,,,,,,,,,,,,,,,,,,,,,,,
5401,1999,8,13,23,30,0,0,,,,,,,,,,,,,,,,,,,,,,,,,,,,,,,,,,,,,,,
5402,1999,8,14,0,30,0,0,,,,,,,,,,,,,,,,,,,,,,,,,,,,,,,,,,,,,,,
5403,1999,8,14,1,30,0,0,,,,,,,,,,,,,,,,,,,,,,,,,,,,,,,,,,,,,,,
5404,1999,8,14,2,30,0,0,,,,,,,,,,,,,,,,,,,,,,,,,,,,,,,,,,,,,,,
5405,1999,8,14,3,30,0,0,,,,,,,,,,,,,,,,,,,,,,,,,,,,,,,,,,,,,,,
5406,1999,8,14,4,30,0,0,,,,,,,,,,,,,,,,,,,,,,,,,,,,,,,,,,,,,,,
5407,1999,8,14,5,30,0,0,,,,,,,,,,,,,,,,,,,,,,,,,,,,,,,,,,,,,,,
5408,1999,8,14,6,30,110,32,,,,,,,,,,,,,,,,,,,,,,,,,,,,,,,,,,,,,,,
5409,1999,8,14,7,30,338,413,,,,,,,,,,,,,,,,,,,,,,,,,,,,,,,,,,,,,,,
5410,1999,8,14,8,30,596,861,,,,,,,,,,,,,,,,,,,,,,,,,,,,,,,,,,,,,,,
5411,1999,8,14,9,30,767,902,,,,,,,,,,,,,,,,,,,,,,,,,,,,,,,,,,,,,,,
5412,1999,8,14,10,30,891,918,,,,,,,,,,,,,,,,,,,,,,,,,,,,,,,,,,,,,,,
5413,1999,8,14,11,30,952,901,,,,,,,,,,,,,,,,,,,,,,,,,,,,,,,,,,,,,,,
5414,1999,8,14,12,30,952,873,,,,,,,,,,,,,,,,,,,,,,,,,,,,,,,,,,,,,,,
5415,1999,8,14,13,30,701,350,,,,,,,,,,,,,,,,,,,,,,,,,,,,,,,,,,,,,,,
5416,1999,8,14,14,30,41,0,,,,,,,,,,,,,,,,,,,,,,,,,,,,,,,,,,,,,,,
5417,1999,8,14,15,30,35,0,,,,,,,,,,,,,,,,,,,,,,,,,,,,,,,,,,,,,,,
5418,1999,8,14,16,30,46,0,,,,,,,,,,,,,,,,,,,,,,,,,,,,,,,,,,,,,,,
5419,1999,8,14,17,30,82,7,,,,,,,,,,,,,,,,,,,,,,,,,,,,,,,,,,,,,,,
5420,1999,8,14,18,30,19,0,,,,,,,,,,,,,,,,,,,,,,,,,,,,,,,,,,,,,,,
5421,1999,8,14,19,30,0,0,,,,,,,,,,,,,,,,,,,,,,,,,,,,,,,,,,,,,,,
5422,1999,8,14,20,30,0,0,,,,,,,,,,,,,,,,,,,,,,,,,,,,,,,,,,,,,,,
5423,1999,8,14,21,30,0,0,,,,,,,,,,,,,,,,,,,,,,,,,,,,,,,,,,,,,,,
5424,1999,8,14,22,30,0,0,,,,,,,,,,,,,,,,,,,,,,,,,,,,,,,,,,,,,,,
5425,1999,8,14,23,30,0,0,,,,,,,,,,,,,,,,,,,,,,,,,,,,,,,,,,,,,,,
5426,1999,8,15,0,30,0,0,,,,,,,,,,,,,,,,,,,,,,,,,,,,,,,,,,,,,,,
5427,1999,8,15,1,30,0,0,,,,,,,,,,,,,,,,,,,,,,,,,,,,,,,,,,,,,,,
5428,1999,8,15,2,30,0,0,,,,,,,,,,,,,,,,,,,,,,,,,,,,,,,,,,,,,,,
5429,1999,8,15,3,30,0,0,,,,,,,,,,,,,,,,,,,,,,,,,,,,,,,,,,,,,,,
5430,1999,8,15,4,30,0,0,,,,,,,,,,,,,,,,,,,,,,,,,,,,,,,,,,,,,,,
5431,1999,8,15,5,30,0,0,,,,,,,,,,,,,,,,,,,,,,,,,,,,,,,,,,,,,,,
5432,1999,8,15,6,30,135,161,,,,,,,,,,,,,,,,,,,,,,,,,,,,,,,,,,,,,,,
5433,1999,8,15,7,30,286,139,,,,,,,,,,,,,,,,,,,,,,,,,,,,,,,,,,,,,,,
5434,1999,8,15,8,30,259,6,,,,,,,,,,,,,,,,,,,,,,,,,,,,,,,,,,,,,,,
5435,1999,8,15,9,30,711,796,,,,,,,,,,,,,,,,,,,,,,,,,,,,,,,,,,,,,,,
5436,1999,8,15,10,30,901,942,,,,,,,,,,,,,,,,,,,,,,,,,,,,,,,,,,,,,,,
5437,1999,8,15,11,30,527,61,,,,,,,,,,,,,,,,,,,,,,,,,,,,,,,,,,,,,,,
5438,1999,8,15,12,30,674,260,,,,,,,,,,,,,,,,,,,,,,,,,,,,,,,,,,,,,,,
5439,1999,8,15,13,30,920,925,,,,,,,,,,,,,,,,,,,,,,,,,,,,,,,,,,,,,,,
5440,1999,8,15,14,30,804,902,,,,,,,,,,,,,,,,,,,,,,,,,,,,,,,,,,,,,,,
5441,1999,8,15,15,30,609,539,,,,,,,,,,,,,,,,,,,,,,,,,,,,,,,,,,,,,,,
5442,1999,8,15,16,30,440,784,,,,,,,,,,,,,,,,,,,,,,,,,,,,,,,,,,,,,,,
5443,1999,8,15,17,30,194,268,,,,,,,,,,,,,,,,,,,,,,,,,,,,,,,,,,,,,,,
5444,1999,8,15,18,30,23,0,,,,,,,,,,,,,,,,,,,,,,,,,,,,,,,,,,,,,,,
5445,1999,8,15,19,30,0,0,,,,,,,,,,,,,,,,,,,,,,,,,,,,,,,,,,,,,,,
5446,1999,8,15,20,30,0,0,,,,,,,,,,,,,,,,,,,,,,,,,,,,,,,,,,,,,,,
5447,1999,8,15,21,30,0,0,,,,,,,,,,,,,,,,,,,,,,,,,,,,,,,,,,,,,,,
5448,1999,8,15,22,30,0,0,,,,,,,,,,,,,,,,,,,,,,,,,,,,,,,,,,,,,,,
5449,1999,8,15,23,30,0,0,,,,,,,,,,,,,,,,,,,,,,,,,,,,,,,,,,,,,,,
5450,1999,8,16,0,30,0,0,,,,,,,,,,,,,,,,,,,,,,,,,,,,,,,,,,,,,,,
5451,1999,8,16,1,30,0,0,,,,,,,,,,,,,,,,,,,,,,,,,,,,,,,,,,,,,,,
5452,1999,8,16,2,30,0,0,,,,,,,,,,,,,,,,,,,,,,,,,,,,,,,,,,,,,,,
5453,1999,8,16,3,30,0,0,,,,,,,,,,,,,,,,,,,,,,,,,,,,,,,,,,,,,,,
5454,1999,8,16,4,30,0,0,,,,,,,,,,,,,,,,,,,,,,,,,,,,,,,,,,,,,,,
5455,1999,8,16,5,30,0,0,,,,,,,,,,,,,,,,,,,,,,,,,,,,,,,,,,,,,,,
5456,1999,8,16,6,30,171,593,,,,,,,,,,,,,,,,,,,,,,,,,,,,,,,,,,,,,,,
5457,1999,8,16,7,30,387,782,,,,,,,,,,,,,,,,,,,,,,,,,,,,,,,,,,,,,,,
5458,1999,8,16,8,30,596,876,,,,,,,,,,,,,,,,,,,,,,,,,,,,,,,,,,,,,,,
5459,1999,8,16,9,30,774,925,,,,,,,,,,,,,,,,,,,,,,,,,,,,,,,,,,,,,,,
5460,1999,8,16,10,30,904,951,,,,,,,,,,,,,,,,,,,,,,,,,,,,,,,,,,,,,,,
5461,1999,8,16,11,30,974,961,,,,,,,,,,,,,,,,,,,,,,,,,,,,,,,,,,,,,,,
5462,1999,8,16,12,30,983,958,,,,,,,,,,,,,,,,,,,,,,,,,,,,,,,,,,,,,,,
5463,1999,8,16,13,30,924,943,,,,,,,,,,,,,,,,,,,,,,,,,,,,,,,,,,,,,,,
5464,1999,8,16,14,30,810,924,,,,,,,,,,,,,,,,,,,,,,,,,,,,,,,,,,,,,,,
5465,1999,8,16,15,30,526,318,,,,,,,,,,,,,,,,,,,,,,,,,,,,,,,,,,,,,,,
5466,1999,8,16,16,30,390,513,,,,,,,,,,,,,,,,,,,,,,,,,,,,,,,,,,,,,,,
5467,1999,8,16,17,30,78,6,,,,,,,,,,,,,,,,,,,,,,,,,,,,,,,,,,,,,,,
5468,1999,8,16,18,30,38,292,,,,,,,,,,,,,,,,,,,,,,,,,,,,,,,,,,,,,,,
5469,1999,8,16,19,30,0,0,,,,,,,,,,,,,,,,,,,,,,,,,,,,,,,,,,,,,,,
5470,1999,8,16,20,30,0,0,,,,,,,,,,,,,,,,,,,,,,,,,,,,,,,,,,,,,,,
5471,1999,8,16,21,30,0,0,,,,,,,,,,,,,,,,,,,,,,,,,,,,,,,,,,,,,,,
5472,1999,8,16,22,30,0,0,,,,,,,,,,,,,,,,,,,,,,,,,,,,,,,,,,,,,,,
5473,1999,8,16,23,30,0,0,,,,,,,,,,,,,,,,,,,,,,,,,,,,,,,,,,,,,,,
5474,1999,8,17,0,30,0,0,,,,,,,,,,,,,,,,,,,,,,,,,,,,,,,,,,,,,,,
5475,1999,8,17,1,30,0,0,,,,,,,,,,,,,,,,,,,,,,,,,,,,,,,,,,,,,,,
5476,1999,8,17,2,30,0,0,,,,,,,,,,,,,,,,,,,,,,,,,,,,,,,,,,,,,,,
5477,1999,8,17,3,30,0,0,,,,,,,,,,,,,,,,,,,,,,,,,,,,,,,,,,,,,,,
5478,1999,8,17,4,30,0,0,,,,,,,,,,,,,,,,,,,,,,,,,,,,,,,,,,,,,,,
5479,1999,8,17,5,30,0,0,,,,,,,,,,,,,,,,,,,,,,,,,,,,,,,,,,,,,,,
5480,1999,8,17,6,30,172,606,,,,,,,,,,,,,,,,,,,,,,,,,,,,,,,,,,,,,,,
5481,1999,8,17,7,30,391,796,,,,,,,,,,,,,,,,,,,,,,,,,,,,,,,,,,,,,,,
5482,1999,8,17,8,30,602,887,,,,,,,,,,,,,,,,,,,,,,,,,,,,,,,,,,,,,,,
5483,1999,8,17,9,30,781,935,,,,,,,,,,,,,,,,,,,,,,,,,,,,,,,,,,,,,,,
5484,1999,8,17,10,30,913,961,,,,,,,,,,,,,,,,,,,,,,,,,,,,,,,,,,,,,,,
5485,1999,8,17,11,30,986,973,,,,,,,,,,,,,,,,,,,,,,,,,,,,,,,,,,,,,,,
5486,1999,8,17,12,30,995,974,,,,,,,,,,,,,,,,,,,,,,,,,,,,,,,,,,,,,,,
5487,1999,8,17,13,30,938,962,,,,,,,,,,,,,,,,,,,,,,,,,,,,,,,,,,,,,,,
5488,1999,8,17,14,30,821,937,,,,,,,,,,,,,,,,,,,,,,,,,,,,,,,,,,,,,,,
5489,1999,8,17,15,30,652,891,,,,,,,,,,,,,,,,,,,,,,,,,,,,,,,,,,,,,,,
5490,1999,8,17,16,30,447,811,,,,,,,,,,,,,,,,,,,,,,,,,,,,,,,,,,,,,,,
5491,1999,8,17,17,30,227,655,,,,,,,,,,,,,,,,,,,,,,,,,,,,,,,,,,,,,,,
5492,1999,8,17,18,30,36,266,,,,,,,,,,,,,,,,,,,,,,,,,,,,,,,,,,,,,,,
5493,1999,8,17,19,30,0,0,,,,,,,,,,,,,,,,,,,,,,,,,,,,,,,,,,,,,,,
5494,1999,8,17,20,30,0,0,,,,,,,,,,,,,,,,,,,,,,,,,,,,,,,,,,,,,,,
5495,1999,8,17,21,30,0,0,,,,,,,,,,,,,,,,,,,,,,,,,,,,,,,,,,,,,,,
5496,1999,8,17,22,30,0,0,,,,,,,,,,,,,,,,,,,,,,,,,,,,,,,,,,,,,,,
5497,1999,8,17,23,30,0,0,,,,,,,,,,,,,,,,,,,,,,,,,,,,,,,,,,,,,,,
5498,1999,8,18,0,30,0,0,,,,,,,,,,,,,,,,,,,,,,,,,,,,,,,,,,,,,,,
5499,1999,8,18,1,30,0,0,,,,,,,,,,,,,,,,,,,,,,,,,,,,,,,,,,,,,,,
5500,1999,8,18,2,30,0,0,,,,,,,,,,,,,,,,,,,,,,,,,,,,,,,,,,,,,,,
5501,1999,8,18,3,30,0,0,,,,,,,,,,,,,,,,,,,,,,,,,,,,,,,,,,,,,,,
5502,1999,8,18,4,30,0,0,,,,,,,,,,,,,,,,,,,,,,,,,,,,,,,,,,,,,,,
5503,1999,8,18,5,30,0,0,,,,,,,,,,,,,,,,,,,,,,,,,,,,,,,,,,,,,,,
5504,1999,8,18,6,30,153,262,,,,,,,,,,,,,,,,,,,,,,,,,,,,,,,,,,,,,,,
5505,1999,8,18,7,30,330,363,,,,,,,,,,,,,,,,,,,,,,,,,,,,,,,,,,,,,,,
5506,1999,8,18,8,30,576,718,,,,,,,,,,,,,,,,,,,,,,,,,,,,,,,,,,,,,,,
5507,1999,8,18,9,30,738,728,,,,,,,,,,,,,,,,,,,,,,,,,,,,,,,,,,,,,,,
5508,1999,8,18,10,30,908,953,,,,,,,,,,,,,,,,,,,,,,,,,,,,,,,,,,,,,,,
5509,1999,8,18,11,30,845,635,,,,,,,,,,,,,,,,,,,,,,,,,,,,,,,,,,,,,,,
5510,1999,8,18,12,30,925,836,,,,,,,,,,,,,,,,,,,,,,,,,,,,,,,,,,,,,,,
5511,1999,8,18,13,30,888,796,,,,,,,,,,,,,,,,,,,,,,,,,,,,,,,,,,,,,,,
5512,1999,8,18,14,30,791,647,,,,,,,,,,,,,,,,,,,,,,,,,,,,,,,,,,,,,,,
5513,1999,8,18,15,30,641,870,,,,,,,,,,,,,,,,,,,,,,,,,,,,,,,,,,,,,,,
5514,1999,8,18,16,30,437,784,,,,,,,,,,,,,,,,,,,,,,,,,,,,,,,,,,,,,,,
5515,1999,8,18,17,30,218,609,,,,,,,,,,,,,,,,,,,,,,,,,,,,,,,,,,,,,,,
5516,1999,8,18,18,30,32,217,,,,,,,,,,,,,,,,,,,,,,,,,,,,,,,,,,,,,,,
5517,1999,8,18,19,30,0,0,,,,,,,,,,,,,,,,,,,,,,,,,,,,,,,,,,,,,,,
5518,1999,8,18,20,30,0,0,,,,,,,,,,,,,,,,,,,,,,,,,,,,,,,,,,,,,,,
5519,1999,8,18,21,30,0,0,,,,,,,,,,,,,,,,,,,,,,,,,,,,,,,,,,,,,,,
5520,1999,8,18,22,30,0,0,,,,,,,,,,,,,,,,,,,,,,,,,,,,,,,,,,,,,,,
5521,1999,8,18,23,30,0,0,,,,,,,,,,,,,,,,,,,,,,,,,,,,,,,,,,,,,,,
5522,1999,8,19,0,30,0,0,,,,,,,,,,,,,,,,,,,,,,,,,,,,,,,,,,,,,,,
5523,1999,8,19,1,30,0,0,,,,,,,,,,,,,,,,,,,,,,,,,,,,,,,,,,,,,,,
5524,1999,8,19,2,30,0,0,,,,,,,,,,,,,,,,,,,,,,,,,,,,,,,,,,,,,,,
5525,1999,8,19,3,30,0,0,,,,,,,,,,,,,,,,,,,,,,,,,,,,,,,,,,,,,,,
5526,1999,8,19,4,30,0,0,,,,,,,,,,,,,,,,,,,,,,,,,,,,,,,,,,,,,,,
5527,1999,8,19,5,30,0,0,,,,,,,,,,,,,,,,,,,,,,,,,,,,,,,,,,,,,,,
5528,1999,8,19,6,30,167,591,,,,,,,,,,,,,,,,,,,,,,,,,,,,,,,,,,,,,,,
5529,1999,8,19,7,30,385,784,,,,,,,,,,,,,,,,,,,,,,,,,,,,,,,,,,,,,,,
5530,1999,8,19,8,30,596,872,,,,,,,,,,,,,,,,,,,,,,,,,,,,,,,,,,,,,,,
5531,1999,8,19,9,30,776,924,,,,,,,,,,,,,,,,,,,,,,,,,,,,,,,,,,,,,,,
5532,1999,8,19,10,30,905,949,,,,,,,,,,,,,,,,,,,,,,,,,,,,,,,,,,,,,,,
5533,1999,8,19,11,30,978,961,,,,,,,,,,,,,,,,,,,,,,,,,,,,,,,,,,,,,,,
5534,1999,8,19,12,30,744,233,,,,,,,,,,,,,,,,,,,,,,,,,,,,,,,,,,,,,,,
5535,1999,8,19,13,30,926,947,,,,,,,,,,,,,,,,,,,,,,,,,,,,,,,,,,,,,,,
5536,1999,8,19,14,30,807,915,,,,,,,,,,,,,,,,,,,,,,,,,,,,,,,,,,,,,,,
5537,1999,8,19,15,30,637,864,,,,,,,,,,,,,,,,,,,,,,,,,,,,,,,,,,,,,,,
5538,1999,8,19,16,30,432,778,,,,,,,,,,,,,,,,,,,,,,,,,,,,,,,,,,,,,,,
5539,1999,8,19,17,30,214,605,,,,,,,,,,,,,,,,,,,,,,,,,,,,,,,,,,,,,,,
5540,1999,8,19,18,30,30,204,,,,,,,,,,,,,,,,,,,,,,,,,,,,,,,,,,,,,,,
5541,1999,8,19,19,30,0,0,,,,,,,,,,,,,,,,,,,,,,,,,,,,,,,,,,,,,,,
5542,1999,8,19,20,30,0,0,,,,,,,,,,,,,,,,,,,,,,,,,,,,,,,,,,,,,,,
5543,1999,8,19,21,30,0,0,,,,,,,,,,,,,,,,,,,,,,,,,,,,,,,,,,,,,,,
5544,1999,8,19,22,30,0,0,,,,,,,,,,,,,,,,,,,,,,,,,,,,,,,,,,,,,,,
5545,1999,8,19,23,30,0,0,,,,,,,,,,,,,,,,,,,,,,,,,,,,,,,,,,,,,,,
5546,1999,8,20,0,30,0,0,,,,,,,,,,,,,,,,,,,,,,,,,,,,,,,,,,,,,,,
5547,1999,8,20,1,30,0,0,,,,,,,,,,,,,,,,,,,,,,,,,,,,,,,,,,,,,,,
5548,1999,8,20,2,30,0,0,,,,,,,,,,,,,,,,,,,,,,,,,,,,,,,,,,,,,,,
5549,1999,8,20,3,30,0,0,,,,,,,,,,,,,,,,,,,,,,,,,,,,,,,,,,,,,,,
5550,1999,8,20,4,30,0,0,,,,,,,,,,,,,,,,,,,,,,,,,,,,,,,,,,,,,,,
5551,1999,8,20,5,30,0,0,,,,,,,,,,,,,,,,,,,,,,,,,,,,,,,,,,,,,,,
5552,1999,8,20,6,30,82,11,,,,,,,,,,,,,,,,,,,,,,,,,,,,,,,,,,,,,,,
5553,1999,8,20,7,30,366,713,,,,,,,,,,,,,,,,,,,,,,,,,,,,,,,,,,,,,,,
5554,1999,8,20,8,30,531,597,,,,,,,,,,,,,,,,,,,,,,,,,,,,,,,,,,,,,,,
5555,1999,8,20,9,30,626,530,,,,,,,,,,,,,,,,,,,,,,,,,,,,,,,,,,,,,,,
5556,1999,8,20,10,30,731,544,,,,,,,,,,,,,,,,,,,,,,,,,,,,,,,,,,,,,,,
5557,1999,8,20,11,30,952,926,,,,,,,,,,,,,,,,,,,,,,,,,,,,,,,,,,,,,,,
5558,1999,8,20,12,30,203,1,,,,,,,,,,,,,,,,,,,,,,,,,,,,,,,,,,,,,,,
5559,1999,8,20,13,30,595,229,,,,,,,,,,,,,,,,,,,,,,,,,,,,,,,,,,,,,,,
5560,1999,8,20,14,30,523,206,,,,,,,,,,,,,,,,,,,,,,,,,,,,,,,,,,,,,,,
5561,1999,8,20,15,30,539,510,,,,,,,,,,,,,,,,,,,,,,,,,,,,,,,,,,,,,,,
5562,1999,8,20,16,30,341,251,,,,,,,,,,,,,,,,,,,,,,,,,,,,,,,,,,,,,,,
5563,1999,8,20,17,30,203,394,,,,,,,,,,,,,,,,,,,,,,,,,,,,,,,,,,,,,,,
5564,1999,8,20,18,30,19,1,,,,,,,,,,,,,,,,,,,,,,,,,,,,,,,,,,,,,,,
5565,1999,8,20,19,30,0,0,,,,,,,,,,,,,,,,,,,,,,,,,,,,,,,,,,,,,,,
5566,1999,8,20,20,30,0,0,,,,,,,,,,,,,,,,,,,,,,,,,,,,,,,,,,,,,,,
5567,1999,8,20,21,30,0,0,,,,,,,,,,,,,,,,,,,,,,,,,,,,,,,,,,,,,,,
5568,1999,8,20,22,30,0,0,,,,,,,,,,,,,,,,,,,,,,,,,,,,,,,,,,,,,,,
5569,1999,8,20,23,30,0,0,,,,,,,,,,,,,,,,,,,,,,,,,,,,,,,,,,,,,,,
5570,1999,8,21,0,30,0,0,,,,,,,,,,,,,,,,,,,,,,,,,,,,,,,,,,,,,,,
5571,1999,8,21,1,30,0,0,,,,,,,,,,,,,,,,,,,,,,,,,,,,,,,,,,,,,,,
5572,1999,8,21,2,30,0,0,,,,,,,,,,,,,,,,,,,,,,,,,,,,,,,,,,,,,,,
5573,1999,8,21,3,30,0,0,,,,,,,,,,,,,,,,,,,,,,,,,,,,,,,,,,,,,,,
5574,1999,8,21,4,30,0,0,,,,,,,,,,,,,,,,,,,,,,,,,,,,,,,,,,,,,,,
5575,1999,8,21,5,30,0,0,,,,,,,,,,,,,,,,,,,,,,,,,,,,,,,,,,,,,,,
5576,1999,8,21,6,30,159,584,,,,,,,,,,,,,,,,,,,,,,,,,,,,,,,,,,,,,,,
5577,1999,8,21,7,30,376,782,,,,,,,,,,,,,,,,,,,,,,,,,,,,,,,,,,,,,,,
5578,1999,8,21,8,30,586,877,,,,,,,,,,,,,,,,,,,,,,,,,,,,,,,,,,,,,,,
5579,1999,8,21,9,30,765,928,,,,,,,,,,,,,,,,,,,,,,,,,,,,,,,,,,,,,,,
5580,1999,8,21,10,30,895,956,,,,,,,,,,,,,,,,,,,,,,,,,,,,,,,,,,,,,,,
5581,1999,8,21,11,30,970,974,,,,,,,,,,,,,,,,,,,,,,,,,,,,,,,,,,,,,,,
5582,1999,8,21,12,30,978,975,,,,,,,,,,,,,,,,,,,,,,,,,,,,,,,,,,,,,,,
5583,1999,8,21,13,30,921,964,,,,,,,,,,,,,,,,,,,,,,,,,,,,,,,,,,,,,,,
5584,1999,8,21,14,30,803,940,,,,,,,,,,,,,,,,,,,,,,,,,,,,,,,,,,,,,,,
5585,1999,8,21,15,30,578,634,,,,,,,,,,,,,,,,,,,,,,,,,,,,,,,,,,,,,,,
5586,1999,8,21,16,30,430,816,,,,,,,,,,,,,,,,,,,,,,,,,,,,,,,,,,,,,,,
5587,1999,8,21,17,30,210,655,,,,,,,,,,,,,,,,,,,,,,,,,,,,,,,,,,,,,,,
5588,1999,8,21,18,30,26,231,,,,,,,,,,,,,,,,,,,,,,,,,,,,,,,,,,,,,,,
5589,1999,8,21,19,30,0,0,,,,,,,,,,,,,,,,,,,,,,,,,,,,,,,,,,,,,,,
5590,1999,8,21,20,30,0,0,,,,,,,,,,,,,,,,,,,,,,,,,,,,,,,,,,,,,,,
5591,1999,8,21,21,30,0,0,,,,,,,,,,,,,,,,,,,,,,,,,,,,,,,,,,,,,,,
5592,1999,8,21,22,30,0,0,,,,,,,,,,,,,,,,,,,,,,,,,,,,,,,,,,,,,,,
5593,1999,8,21,23,30,0,0,,,,,,,,,,,,,,,,,,,,,,,,,,,,,,,,,,,,,,,
5594,1999,8,22,0,30,0,0,,,,,,,,,,,,,,,,,,,,,,,,,,,,,,,,,,,,,,,
5595,1999,8,22,1,30,0,0,,,,,,,,,,,,,,,,,,,,,,,,,,,,,,,,,,,,,,,
5596,1999,8,22,2,30,0,0,,,,,,,,,,,,,,,,,,,,,,,,,,,,,,,,,,,,,,,
5597,1999,8,22,3,30,0,0,,,,,,,,,,,,,,,,,,,,,,,,,,,,,,,,,,,,,,,
5598,1999,8,22,4,30,0,0,,,,,,,,,,,,,,,,,,,,,,,,,,,,,,,,,,,,,,,
5599,1999,8,22,5,30,0,0,,,,,,,,,,,,,,,,,,,,,,,,,,,,,,,,,,,,,,,
5600,1999,8,22,6,30,157,572,,,,,,,,,,,,,,,,,,,,,,,,,,,,,,,,,,,,,,,
5601,1999,8,22,7,30,372,770,,,,,,,,,,,,,,,,,,,,,,,,,,,,,,,,,,,,,,,
5602,1999,8,22,8,30,584,874,,,,,,,,,,,,,,,,,,,,,,,,,,,,,,,,,,,,,,,
5603,1999,8,22,9,30,763,926,,,,,,,,,,,,,,,,,,,,,,,,,,,,,,,,,,,,,,,
5604,1999,8,22,10,30,896,959,,,,,,,,,,,,,,,,,,,,,,,,,,,,,,,,,,,,,,,
5605,1999,8,22,11,30,968,976,,,,,,,,,,,,,,,,,,,,,,,,,,,,,,,,,,,,,,,
5606,1999,8,22,12,30,749,263,,,,,,,,,,,,,,,,,,,,,,,,,,,,,,,,,,,,,,,
5607,1999,8,22,13,30,918,967,,,,,,,,,,,,,,,,,,,,,,,,,,,,,,,,,,,,,,,
5608,1999,8,22,14,30,803,948,,,,,,,,,,,,,,,,,,,,,,,,,,,,,,,,,,,,,,,
5609,1999,8,22,15,30,562,622,,,,,,,,,,,,,,,,,,,,,,,,,,,,,,,,,,,,,,,
5610,1999,8,22,16,30,428,827,,,,,,,,,,,,,,,,,,,,,,,,,,,,,,,,,,,,,,,
5611,1999,8,22,17,30,209,661,,,,,,,,,,,,,,,,,,,,,,,,,,,,,,,,,,,,,,,
5612,1999,8,22,18,30,16,2,,,,,,,,,,,,,,,,,,,,,,,,,,,,,,,,,,,,,,,
5613,1999,8,22,19,30,0,0,,,,,,,,,,,,,,,,,,,,,,,,,,,,,,,,,,,,,,,
5614,1999,8,22,20,30,0,0,,,,,,,,,,,,,,,,,,,,,,,,,,,,,,,,,,,,,,,
5615,1999,8,22,21,30,0,0,,,,,,,,,,,,,,,,,,,,,,,,,,,,,,,,,,,,,,,
5616,1999,8,22,22,30,0,0,,,,,,,,,,,,,,,,,,,,,,,,,,,,,,,,,,,,,,,
5617,1999,8,22,23,30,0,0,,,,,,,,,,,,,,,,,,,,,,,,,,,,,,,,,,,,,,,
5618,1999,8,23,0,30,0,0,,,,,,,,,,,,,,,,,,,,,,,,,,,,,,,,,,,,,,,
5619,1999,8,23,1,30,0,0,,,,,,,,,,,,,,,,,,,,,,,,,,,,,,,,,,,,,,,
5620,1999,8,23,2,30,0,0,,,,,,,,,,,,,,,,,,,,,,,,,,,,,,,,,,,,,,,
5621,1999,8,23,3,30,0,0,,,,,,,,,,,,,,,,,,,,,,,,,,,,,,,,,,,,,,,
5622,1999,8,23,4,30,0,0,,,,,,,,,,,,,,,,,,,,,,,,,,,,,,,,,,,,,,,
5623,1999,8,23,5,30,0,0,,,,,,,,,,,,,,,,,,,,,,,,,,,,,,,,,,,,,,,
5624,1999,8,23,6,30,153,552,,,,,,,,,,,,,,,,,,,,,,,,,,,,,,,,,,,,,,,
5625,1999,8,23,7,30,368,751,,,,,,,,,,,,,,,,,,,,,,,,,,,,,,,,,,,,,,,
5626,1999,8,23,8,30,579,863,,,,,,,,,,,,,,,,,,,,,,,,,,,,,,,,,,,,,,,
5627,1999,8,23,9,30,755,910,,,,,,,,,,,,,,,,,,,,,,,,,,,,,,,,,,,,,,,
5628,1999,8,23,10,30,884,935,,,,,,,,,,,,,,,,,,,,,,,,,,,,,,,,,,,,,,,
5629,1999,8,23,11,30,955,951,,,,,,,,,,,,,,,,,,,,,,,,,,,,,,,,,,,,,,,
5630,1999,8,23,12,30,961,946,,,,,,,,,,,,,,,,,,,,,,,,,,,,,,,,,,,,,,,
5631,1999,8,23,13,30,902,930,,,,,,,,,,,,,,,,,,,,,,,,,,,,,,,,,,,,,,,
5632,1999,8,23,14,30,787,920,,,,,,,,,,,,,,,,,,,,,,,,,,,,,,,,,,,,,,,
5633,1999,8,23,15,30,618,872,,,,,,,,,,,,,,,,,,,,,,,,,,,,,,,,,,,,,,,
5634,1999,8,23,16,30,415,787,,,,,,,,,,,,,,,,,,,,,,,,,,,,,,,,,,,,,,,
5635,1999,8,23,17,30,185,349,,,,,,,,,,,,,,,,,,,,,,,,,,,,,,,,,,,,,,,
5636,1999,8,23,18,30,11,0,,,,,,,,,,,,,,,,,,,,,,,,,,,,,,,,,,,,,,,
5637,1999,8,23,19,30,0,0,,,,,,,,,,,,,,,,,,,,,,,,,,,,,,,,,,,,,,,
5638,1999,8,23,20,30,0,0,,,,,,,,,,,,,,,,,,,,,,,,,,,,,,,,,,,,,,,
5639,1999,8,23,21,30,0,0,,,,,,,,,,,,,,,,,,,,,,,,,,,,,,,,,,,,,,,
5640,1999,8,23,22,30,0,0,,,,,,,,,,,,,,,,,,,,,,,,,,,,,,,,,,,,,,,
5641,1999,8,23,23,30,0,0,,,,,,,,,,,,,,,,,,,,,,,,,,,,,,,,,,,,,,,
5642,1999,8,24,0,30,0,0,,,,,,,,,,,,,,,,,,,,,,,,,,,,,,,,,,,,,,,
5643,1999,8,24,1,30,0,0,,,,,,,,,,,,,,,,,,,,,,,,,,,,,,,,,,,,,,,
5644,1999,8,24,2,30,0,0,,,,,,,,,,,,,,,,,,,,,,,,,,,,,,,,,,,,,,,
5645,1999,8,24,3,30,0,0,,,,,,,,,,,,,,,,,,,,,,,,,,,,,,,,,,,,,,,
5646,1999,8,24,4,30,0,0,,,,,,,,,,,,,,,,,,,,,,,,,,,,,,,,,,,,,,,
5647,1999,8,24,5,30,0,0,,,,,,,,,,,,,,,,,,,,,,,,,,,,,,,,,,,,,,,
5648,1999,8,24,6,30,156,589,,,,,,,,,,,,,,,,,,,,,,,,,,,,,,,,,,,,,,,
5649,1999,8,24,7,30,376,793,,,,,,,,,,,,,,,,,,,,,,,,,,,,,,,,,,,,,,,
5650,1999,8,24,8,30,589,888,,,,,,,,,,,,,,,,,,,,,,,,,,,,,,,,,,,,,,,
5651,1999,8,24,9,30,772,944,,,,,,,,,,,,,,,,,,,,,,,,,,,,,,,,,,,,,,,
5652,1999,8,24,10,30,905,974,,,,,,,,,,,,,,,,,,,,,,,,,,,,,,,,,,,,,,,
5653,1999,8,24,11,30,981,990,,,,,,,,,,,,,,,,,,,,,,,,,,,,,,,,,,,,,,,
5654,1999,8,24,12,30,988,993,,,,,,,,,,,,,,,,,,,,,,,,,,,,,,,,,,,,,,,
5655,1999,8,24,13,30,929,984,,,,,,,,,,,,,,,,,,,,,,,,,,,,,,,,,,,,,,,
5656,1999,8,24,14,30,808,958,,,,,,,,,,,,,,,,,,,,,,,,,,,,,,,,,,,,,,,
5657,1999,8,24,15,30,636,916,,,,,,,,,,,,,,,,,,,,,,,,,,,,,,,,,,,,,,,
5658,1999,8,24,16,30,428,837,,,,,,,,,,,,,,,,,,,,,,,,,,,,,,,,,,,,,,,
5659,1999,8,24,17,30,205,674,,,,,,,,,,,,,,,,,,,,,,,,,,,,,,,,,,,,,,,
5660,1999,8,24,18,30,20,223,,,,,,,,,,,,,,,,,,,,,,,,,,,,,,,,,,,,,,,
5661,1999,8,24,19,30,0,0,,,,,,,,,,,,,,,,,,,,,,,,,,,,,,,,,,,,,,,
5662,1999,8,24,20,30,0,0,,,,,,,,,,,,,,,,,,,,,,,,,,,,,,,,,,,,,,,
5663,1999,8,24,21,30,0,0,,,,,,,,,,,,,,,,,,,,,,,,,,,,,,,,,,,,,,,
5664,1999,8,24,22,30,0,0,,,,,,,,,,,,,,,,,,,,,,,,,,,,,,,,,,,,,,,
5665,1999,8,24,23,30,0,0,,,,,,,,,,,,,,,,,,,,,,,,,,,,,,,,,,,,,,,
5666,1999,8,25,0,30,0,0,,,,,,,,,,,,,,,,,,,,,,,,,,,,,,,,,,,,,,,
5667,1999,8,25,1,30,0,0,,,,,,,,,,,,,,,,,,,,,,,,,,,,,,,,,,,,,,,
5668,1999,8,25,2,30,0,0,,,,,,,,,,,,,,,,,,,,,,,,,,,,,,,,,,,,,,,
5669,1999,8,25,3,30,0,0,,,,,,,,,,,,,,,,,,,,,,,,,,,,,,,,,,,,,,,
5670,1999,8,25,4,30,0,0,,,,,,,,,,,,,,,,,,,,,,,,,,,,,,,,,,,,,,,
5671,1999,8,25,5,30,0,0,,,,,,,,,,,,,,,,,,,,,,,,,,,,,,,,,,,,,,,
5672,1999,8,25,6,30,152,554,,,,,,,,,,,,,,,,,,,,,,,,,,,,,,,,,,,,,,,
5673,1999,8,25,7,30,369,765,,,,,,,,,,,,,,,,,,,,,,,,,,,,,,,,,,,,,,,
5674,1999,8,25,8,30,579,860,,,,,,,,,,,,,,,,,,,,,,,,,,,,,,,,,,,,,,,
5675,1999,8,25,9,30,757,915,,,,,,,,,,,,,,,,,,,,,,,,,,,,,,,,,,,,,,,
5676,1999,8,25,10,30,889,948,,,,,,,,,,,,,,,,,,,,,,,,,,,,,,,,,,,,,,,
5677,1999,8,25,11,30,958,958,,,,,,,,,,,,,,,,,,,,,,,,,,,,,,,,,,,,,,,
5678,1999,8,25,12,30,963,958,,,,,,,,,,,,,,,,,,,,,,,,,,,,,,,,,,,,,,,
5679,1999,8,25,13,30,902,945,,,,,,,,,,,,,,,,,,,,,,,,,,,,,,,,,,,,,,,
5680,1999,8,25,14,30,780,911,,,,,,,,,,,,,,,,,,,,,,,,,,,,,,,,,,,,,,,
5681,1999,8,25,15,30,611,862,,,,,,,,,,,,,,,,,,,,,,,,,,,,,,,,,,,,,,,
5682,1999,8,25,16,30,405,775,,,,,,,,,,,,,,,,,,,,,,,,,,,,,,,,,,,,,,,
5683,1999,8,25,17,30,189,601,,,,,,,,,,,,,,,,,,,,,,,,,,,,,,,,,,,,,,,
5684,1999,8,25,18,30,16,149,,,,,,,,,,,,,,,,,,,,,,,,,,,,,,,,,,,,,,,
5685,1999,8,25,19,30,0,0,,,,,,,,,,,,,,,,,,,,,,,,,,,,,,,,,,,,,,,
5686,1999,8,25,20,30,0,0,,,,,,,,,,,,,,,,,,,,,,,,,,,,,,,,,,,,,,,
5687,1999,8,25,21,30,0,0,,,,,,,,,,,,,,,,,,,,,,,,,,,,,,,,,,,,,,,
5688,1999,8,25,22,30,0,0,,,,,,,,,,,,,,,,,,,,,,,,,,,,,,,,,,,,,,,
5689,1999,8,25,23,30,0,0,,,,,,,,,,,,,,,,,,,,,,,,,,,,,,,,,,,,,,,
5690,1999,8,26,0,30,0,0,,,,,,,,,,,,,,,,,,,,,,,,,,,,,,,,,,,,,,,
5691,1999,8,26,1,30,0,0,,,,,,,,,,,,,,,,,,,,,,,,,,,,,,,,,,,,,,,
5692,1999,8,26,2,30,0,0,,,,,,,,,,,,,,,,,,,,,,,,,,,,,,,,,,,,,,,
5693,1999,8,26,3,30,0,0,,,,,,,,,,,,,,,,,,,,,,,,,,,,,,,,,,,,,,,
5694,1999,8,26,4,30,0,0,,,,,,,,,,,,,,,,,,,,,,,,,,,,,,,,,,,,,,,
5695,1999,8,26,5,30,0,0,,,,,,,,,,,,,,,,,,,,,,,,,,,,,,,,,,,,,,,
5696,1999,8,26,6,30,150,590,,,,,,,,,,,,,,,,,,,,,,,,,,,,,,,,,,,,,,,
5697,1999,8,26,7,30,365,790,,,,,,,,,,,,,,,,,,,,,,,,,,,,,,,,,,,,,,,
5698,1999,8,26,8,30,572,871,,,,,,,,,,,,,,,,,,,,,,,,,,,,,,,,,,,,,,,
5699,1999,8,26,9,30,750,925,,,,,,,,,,,,,,,,,,,,,,,,,,,,,,,,,,,,,,,
5700,1999,8,26,10,30,880,955,,,,,,,,,,,,,,,,,,,,,,,,,,,,,,,,,,,,,,,
5701,1999,8,26,11,30,951,971,,,,,,,,,,,,,,,,,,,,,,,,,,,,,,,,,,,,,,,
5702,1999,8,26,12,30,956,972,,,,,,,,,,,,,,,,,,,,,,,,,,,,,,,,,,,,,,,
5703,1999,8,26,13,30,897,962,,,,,,,,,,,,,,,,,,,,,,,,,,,,,,,,,,,,,,,
5704,1999,8,26,14,30,778,932,,,,,,,,,,,,,,,,,,,,,,,,,,,,,,,,,,,,,,,
5705,1999,8,26,15,30,468,375,,,,,,,,,,,,,,,,,,,,,,,,,,,,,,,,,,,,,,,
5706,1999,8,26,16,30,347,456,,,,,,,,,,,,,,,,,,,,,,,,,,,,,,,,,,,,,,,
5707,1999,8,26,17,30,133,362,,,,,,,,,,,,,,,,,,,,,,,,,,,,,,,,,,,,,,,
5708,1999,8,26,18,30,6,0,,,,,,,,,,,,,,,,,,,,,,,,,,,,,,,,,,,,,,,
5709,1999,8,26,19,30,0,0,,,,,,,,,,,,,,,,,,,,,,,,,,,,,,,,,,,,,,,
5710,1999,8,26,20,30,0,0,,,,,,,,,,,,,,,,,,,,,,,,,,,,,,,,,,,,,,,
5711,1999,8,26,21,30,0,0,,,,,,,,,,,,,,,,,,,,,,,,,,,,,,,,,,,,,,,
5712,1999,8,26,22,30,0,0,,,,,,,,,,,,,,,,,,,,,,,,,,,,,,,,,,,,,,,
5713,1999,8,26,23,30,0,0,,,,,,,,,,,,,,,,,,,,,,,,,,,,,,,,,,,,,,,
5714,1999,8,27,0,30,0,0,,,,,,,,,,,,,,,,,,,,,,,,,,,,,,,,,,,,,,,
5715,1999,8,27,1,30,0,0,,,,,,,,,,,,,,,,,,,,,,,,,,,,,,,,,,,,,,,
5716,1999,8,27,2,30,0,0,,,,,,,,,,,,,,,,,,,,,,,,,,,,,,,,,,,,,,,
5717,1999,8,27,3,30,0,0,,,,,,,,,,,,,,,,,,,,,,,,,,,,,,,,,,,,,,,
5718,1999,8,27,4,30,0,0,,,,,,,,,,,,,,,,,,,,,,,,,,,,,,,,,,,,,,,
5719,1999,8,27,5,30,0,0,,,,,,,,,,,,,,,,,,,,,,,,,,,,,,,,,,,,,,,
5720,1999,8,27,6,30,146,580,,,,,,,,,,,,,,,,,,,,,,,,,,,,,,,,,,,,,,,
5721,1999,8,27,7,30,361,780,,,,,,,,,,,,,,,,,,,,,,,,,,,,,,,,,,,,,,,
5722,1999,8,27,8,30,567,863,,,,,,,,,,,,,,,,,,,,,,,,,,,,,,,,,,,,,,,
5723,1999,8,27,9,30,743,914,,,,,,,,,,,,,,,,,,,,,,,,,,,,,,,,,,,,,,,
5724,1999,8,27,10,30,873,944,,,,,,,,,,,,,,,,,,,,,,,,,,,,,,,,,,,,,,,
5725,1999,8,27,11,30,945,956,,,,,,,,,,,,,,,,,,,,,,,,,,,,,,,,,,,,,,,
5726,1999,8,27,12,30,951,959,,,,,,,,,,,,,,,,,,,,,,,,,,,,,,,,,,,,,,,
5727,1999,8,27,13,30,892,950,,,,,,,,,,,,,,,,,,,,,,,,,,,,,,,,,,,,,,,
5728,1999,8,27,14,30,773,923,,,,,,,,,,,,,,,,,,,,,,,,,,,,,,,,,,,,,,,
5729,1999,8,27,15,30,556,635,,,,,,,,,,,,,,,,,,,,,,,,,,,,,,,,,,,,,,,
5730,1999,8,27,16,30,8,0,,,,,,,,,,,,,,,,,,,,,,,,,,,,,,,,,,,,,,,
5731,1999,8,27,17,30,119,38,,,,,,,,,,,,,,,,,,,,,,,,,,,,,,,,,,,,,,,
5732,1999,8,27,18,30,5,0,,,,,,,,,,,,,,,,,,,,,,,,,,,,,,,,,,,,,,,
5733,1999,8,27,19,30,0,0,,,,,,,,,,,,,,,,,,,,,,,,,,,,,,,,,,,,,,,
5734,1999,8,27,20,30,0,0,,,,,,,,,,,,,,,,,,,,,,,,,,,,,,,,,,,,,,,
5735,1999,8,27,21,30,0,0,,,,,,,,,,,,,,,,,,,,,,,,,,,,,,,,,,,,,,,
5736,1999,8,27,22,30,0,0,,,,,,,,,,,,,,,,,,,,,,,,,,,,,,,,,,,,,,,
5737,1999,8,27,23,30,0,0,,,,,,,,,,,,,,,,,,,,,,,,,,,,,,,,,,,,,,,
5738,1999,8,28,0,30,0,0,,,,,,,,,,,,,,,,,,,,,,,,,,,,,,,,,,,,,,,
5739,1999,8,28,1,30,0,0,,,,,,,,,,,,,,,,,,,,,,,,,,,,,,,,,,,,,,,
5740,1999,8,28,2,30,0,0,,,,,,,,,,,,,,,,,,,,,,,,,,,,,,,,,,,,,,,
5741,1999,8,28,3,30,0,0,,,,,,,,,,,,,,,,,,,,,,,,,,,,,,,,,,,,,,,
5742,1999,8,28,4,30,0,0,,,,,,,,,,,,,,,,,,,,,,,,,,,,,,,,,,,,,,,
5743,1999,8,28,5,30,0,0,,,,,,,,,,,,,,,,,,,,,,,,,,,,,,,,,,,,,,,
5744,1999,8,28,6,30,147,593,,,,,,,,,,,,,,,,,,,,,,,,,,,,,,,,,,,,,,,
5745,1999,8,28,7,30,364,794,,,,,,,,,,,,,,,,,,,,,,,,,,,,,,,,,,,,,,,
5746,1999,8,28,8,30,573,886,,,,,,,,,,,,,,,,,,,,,,,,,,,,,,,,,,,,,,,
5747,1999,8,28,9,30,752,936,,,,,,,,,,,,,,,,,,,,,,,,,,,,,,,,,,,,,,,
5748,1999,8,28,10,30,882,964,,,,,,,,,,,,,,,,,,,,,,,,,,,,,,,,,,,,,,,
5749,1999,8,28,11,30,952,977,,,,,,,,,,,,,,,,,,,,,,,,,,,,,,,,,,,,,,,
5750,1999,8,28,12,30,674,342,,,,,,,,,,,,,,,,,,,,,,,,,,,,,,,,,,,,,,,
5751,1999,8,28,13,30,687,401,,,,,,,,,,,,,,,,,,,,,,,,,,,,,,,,,,,,,,,
5752,1999,8,28,14,30,676,623,,,,,,,,,,,,,,,,,,,,,,,,,,,,,,,,,,,,,,,
5753,1999,8,28,15,30,397,187,,,,,,,,,,,,,,,,,,,,,,,,,,,,,,,,,,,,,,,
5754,1999,8,28,16,30,158,17,,,,,,,,,,,,,,,,,,,,,,,,,,,,,,,,,,,,,,,
5755,1999,8,28,17,30,71,6,,,,,,,,,,,,,,,,,,,,,,,,,,,,,,,,,,,,,,,
5756,1999,8,28,18,30,0,0,,,,,,,,,,,,,,,,,,,,,,,,,,,,,,,,,,,,,,,
5757,1999,8,28,19,30,0,0,,,,,,,,,,,,,,,,,,,,,,,,,,,,,,,,,,,,,,,
5758,1999,8,28,20,30,0,0,,,,,,,,,,,,,,,,,,,,,,,,,,,,,,,,,,,,,,,
5759,1999,8,28,21,30,0,0,,,,,,,,,,,,,,,,,,,,,,,,,,,,,,,,,,,,,,,
5760,1999,8,28,22,30,0,0,,,,,,,,,,,,,,,,,,,,,,,,,,,,,,,,,,,,,,,
5761,1999,8,28,23,30,0,0,,,,,,,,,,,,,,,,,,,,,,,,,,,,,,,,,,,,,,,
5762,1999,8,29,0,30,0,0,,,,,,,,,,,,,,,,,,,,,,,,,,,,,,,,,,,,,,,
5763,1999,8,29,1,30,0,0,,,,,,,,,,,,,,,,,,,,,,,,,,,,,,,,,,,,,,,
5764,1999,8,29,2,30,0,0,,,,,,,,,,,,,,,,,,,,,,,,,,,,,,,,,,,,,,,
5765,1999,8,29,3,30,0,0,,,,,,,,,,,,,,,,,,,,,,,,,,,,,,,,,,,,,,,
5766,1999,8,29,4,30,0,0,,,,,,,,,,,,,,,,,,,,,,,,,,,,,,,,,,,,,,,
5767,1999,8,29,5,30,0,0,,,,,,,,,,,,,,,,,,,,,,,,,,,,,,,,,,,,,,,
5768,1999,8,29,6,30,145,588,,,,,,,,,,,,,,,,,,,,,,,,,,,,,,,,,,,,,,,
5769,1999,8,29,7,30,362,791,,,,,,,,,,,,,,,,,,,,,,,,,,,,,,,,,,,,,,,
5770,1999,8,29,8,30,573,888,,,,,,,,,,,,,,,,,,,,,,,,,,,,,,,,,,,,,,,
5771,1999,8,29,9,30,751,938,,,,,,,,,,,,,,,,,,,,,,,,,,,,,,,,,,,,,,,
5772,1999,8,29,10,30,881,964,,,,,,,,,,,,,,,,,,,,,,,,,,,,,,,,,,,,,,,
5773,1999,8,29,11,30,819,611,,,,,,,,,,,,,,,,,,,,,,,,,,,,,,,,,,,,,,,
5774,1999,8,29,12,30,752,436,,,,,,,,,,,,,,,,,,,,,,,,,,,,,,,,,,,,,,,
5775,1999,8,29,13,30,364,23,,,,,,,,,,,,,,,,,,,,,,,,,,,,,,,,,,,,,,,
5776,1999,8,29,14,30,456,159,,,,,,,,,,,,,,,,,,,,,,,,,,,,,,,,,,,,,,,
5777,1999,8,29,15,30,600,885,,,,,,,,,,,,,,,,,,,,,,,,,,,,,,,,,,,,,,,
5778,1999,8,29,16,30,394,796,,,,,,,,,,,,,,,,,,,,,,,,,,,,,,,,,,,,,,,
5779,1999,8,29,17,30,11,0,,,,,,,,,,,,,,,,,,,,,,,,,,,,,,,,,,,,,,,
5780,1999,8,29,18,30,0,0,,,,,,,,,,,,,,,,,,,,,,,,,,,,,,,,,,,,,,,
5781,1999,8,29,19,30,0,0,,,,,,,,,,,,,,,,,,,,,,,,,,,,,,,,,,,,,,,
5782,1999,8,29,20,30,0,0,,,,,,,,,,,,,,,,,,,,,,,,,,,,,,,,,,,,,,,
5783,1999,8,29,21,30,0,0,,,,,,,,,,,,,,,,,,,,,,,,,,,,,,,,,,,,,,,
5784,1999,8,29,22,30,0,0,,,,,,,,,,,,,,,,,,,,,,,,,,,,,,,,,,,,,,,
5785,1999,8,29,23,30,0,0,,,,,,,,,,,,,,,,,,,,,,,,,,,,,,,,,,,,,,,
5786,1999,8,30,0,30,0,0,,,,,,,,,,,,,,,,,,,,,,,,,,,,,,,,,,,,,,,
5787,1999,8,30,1,30,0,0,,,,,,,,,,,,,,,,,,,,,,,,,,,,,,,,,,,,,,,
5788,1999,8,30,2,30,0,0,,,,,,,,,,,,,,,,,,,,,,,,,,,,,,,,,,,,,,,
5789,1999,8,30,3,30,0,0,,,,,,,,,,,,,,,,,,,,,,,,,,,,,,,,,,,,,,,
5790,1999,8,30,4,30,0,0,,,,,,,,,,,,,,,,,,,,,,,,,,,,,,,,,,,,,,,
5791,1999,8,30,5,30,0,0,,,,,,,,,,,,,,,,,,,,,,,,,,,,,,,,,,,,,,,
5792,1999,8,30,6,30,140,545,,,,,,,,,,,,,,,,,,,,,,,,,,,,,,,,,,,,,,,
5793,1999,8,30,7,30,356,761,,,,,,,,,,,,,,,,,,,,,,,,,,,,,,,,,,,,,,,
5794,1999,8,30,8,30,569,871,,,,,,,,,,,,,,,,,,,,,,,,,,,,,,,,,,,,,,,
5795,1999,8,30,9,30,750,927,,,,,,,,,,,,,,,,,,,,,,,,,,,,,,,,,,,,,,,
5796,1999,8,30,10,30,880,956,,,,,,,,,,,,,,,,,,,,,,,,,,,,,,,,,,,,,,,
5797,1999,8,30,11,30,955,977,,,,,,,,,,,,,,,,,,,,,,,,,,,,,,,,,,,,,,,
5798,1999,8,30,12,30,929,742,,,,,,,,,,,,,,,,,,,,,,,,,,,,,,,,,,,,,,,
5799,1999,8,30,13,30,899,967,,,,,,,,,,,,,,,,,,,,,,,,,,,,,,,,,,,,,,,
5800,1999,8,30,14,30,779,947,,,,,,,,,,,,,,,,,,,,,,,,,,,,,,,,,,,,,,,
5801,1999,8,30,15,30,606,901,,,,,,,,,,,,,,,,,,,,,,,,,,,,,,,,,,,,,,,
5802,1999,8,30,16,30,396,812,,,,,,,,,,,,,,,,,,,,,,,,,,,,,,,,,,,,,,,
5803,1999,8,30,17,30,176,635,,,,,,,,,,,,,,,,,,,,,,,,,,,,,,,,,,,,,,,
5804,1999,8,30,18,30,0,0,,,,,,,,,,,,,,,,,,,,,,,,,,,,,,,,,,,,,,,
5805,1999,8,30,19,30,0,0,,,,,,,,,,,,,,,,,,,,,,,,,,,,,,,,,,,,,,,
5806,1999,8,30,20,30,0,0,,,,,,,,,,,,,,,,,,,,,,,,,,,,,,,,,,,,,,,
5807,1999,8,30,21,30,0,0,,,,,,,,,,,,,,,,,,,,,,,,,,,,,,,,,,,,,,,
5808,1999,8,30,22,30,0,0,,,,,,,,,,,,,,,,,,,,,,,,,,,,,,,,,,,,,,,
5809,1999,8,30,23,30,0,0,,,,,,,,,,,,,,,,,,,,,,,,,,,,,,,,,,,,,,,
5810,1999,8,31,0,30,0,0,,,,,,,,,,,,,,,,,,,,,,,,,,,,,,,,,,,,,,,
5811,1999,8,31,1,30,0,0,,,,,,,,,,,,,,,,,,,,,,,,,,,,,,,,,,,,,,,
5812,1999,8,31,2,30,0,0,,,,,,,,,,,,,,,,,,,,,,,,,,,,,,,,,,,,,,,
5813,1999,8,31,3,30,0,0,,,,,,,,,,,,,,,,,,,,,,,,,,,,,,,,,,,,,,,
5814,1999,8,31,4,30,0,0,,,,,,,,,,,,,,,,,,,,,,,,,,,,,,,,,,,,,,,
5815,1999,8,31,5,30,0,0,,,,,,,,,,,,,,,,,,,,,,,,,,,,,,,,,,,,,,,
5816,1999,8,31,6,30,140,557,,,,,,,,,,,,,,,,,,,,,,,,,,,,,,,,,,,,,,,
5817,1999,8,31,7,30,358,773,,,,,,,,,,,,,,,,,,,,,,,,,,,,,,,,,,,,,,,
5818,1999,8,31,8,30,571,878,,,,,,,,,,,,,,,,,,,,,,,,,,,,,,,,,,,,,,,
5819,1999,8,31,9,30,751,931,,,,,,,,,,,,,,,,,,,,,,,,,,,,,,,,,,,,,,,
5820,1999,8,31,10,30,883,960,,,,,,,,,,,,,,,,,,,,,,,,,,,,,,,,,,,,,,,
5821,1999,8,31,11,30,42,0,,,,,,,,,,,,,,,,,,,,,,,,,,,,,,,,,,,,,,,
5822,1999,8,31,12,30,628,153,,,,,,,,,,,,,,,,,,,,,,,,,,,,,,,,,,,,,,,
5823,1999,8,31,13,30,775,621,,,,,,,,,,,,,,,,,,,,,,,,,,,,,,,,,,,,,,,
5824,1999,8,31,14,30,600,411,,,,,,,,,,,,,,,,,,,,,,,,,,,,,,,,,,,,,,,
5825,1999,8,31,15,30,516,527,,,,,,,,,,,,,,,,,,,,,,,,,,,,,,,,,,,,,,,
5826,1999,8,31,16,30,274,190,,,,,,,,,,,,,,,,,,,,,,,,,,,,,,,,,,,,,,,
5827,1999,8,31,17,30,168,599,,,,,,,,,,,,,,,,,,,,,,,,,,,,,,,,,,,,,,,
5828,1999,8,31,18,30,0,0,,,,,,,,,,,,,,,,,,,,,,,,,,,,,,,,,,,,,,,
5829,1999,8,31,19,30,0,0,,,,,,,,,,,,,,,,,,,,,,,,,,,,,,,,,,,,,,,
5830,1999,8,31,20,30,0,0,,,,,,,,,,,,,,,,,,,,,,,,,,,,,,,,,,,,,,,
5831,1999,8,31,21,30,0,0,,,,,,,,,,,,,,,,,,,,,,,,,,,,,,,,,,,,,,,
5832,1999,8,31,22,30,0,0,,,,,,,,,,,,,,,,,,,,,,,,,,,,,,,,,,,,,,,
5833,1999,8,31,23,30,0,0,,,,,,,,,,,,,,,,,,,,,,,,,,,,,,,,,,,,,,,
5834,1999,9,1,0,30,0,0,,,,,,,,,,,,,,,,,,,,,,,,,,,,,,,,,,,,,,,
5835,1999,9,1,1,30,0,0,,,,,,,,,,,,,,,,,,,,,,,,,,,,,,,,,,,,,,,
5836,1999,9,1,2,30,0,0,,,,,,,,,,,,,,,,,,,,,,,,,,,,,,,,,,,,,,,
5837,1999,9,1,3,30,0,0,,,,,,,,,,,,,,,,,,,,,,,,,,,,,,,,,,,,,,,
5838,1999,9,1,4,30,0,0,,,,,,,,,,,,,,,,,,,,,,,,,,,,,,,,,,,,,,,
5839,1999,9,1,5,30,0,0,,,,,,,,,,,,,,,,,,,,,,,,,,,,,,,,,,,,,,,
5840,1999,9,1,6,30,130,462,,,,,,,,,,,,,,,,,,,,,,,,,,,,,,,,,,,,,,,
5841,1999,9,1,7,30,344,700,,,,,,,,,,,,,,,,,,,,,,,,,,,,,,,,,,,,,,,
5842,1999,9,1,8,30,559,840,,,,,,,,,,,,,,,,,,,,,,,,,,,,,,,,,,,,,,,
5843,1999,9,1,9,30,738,899,,,,,,,,,,,,,,,,,,,,,,,,,,,,,,,,,,,,,,,
5844,1999,9,1,10,30,865,922,,,,,,,,,,,,,,,,,,,,,,,,,,,,,,,,,,,,,,,
5845,1999,9,1,11,30,936,940,,,,,,,,,,,,,,,,,,,,,,,,,,,,,,,,,,,,,,,
5846,1999,9,1,12,30,524,66,,,,,,,,,,,,,,,,,,,,,,,,,,,,,,,,,,,,,,,
5847,1999,9,1,13,30,182,0,,,,,,,,,,,,,,,,,,,,,,,,,,,,,,,,,,,,,,,
5848,1999,9,1,14,30,603,273,,,,,,,,,,,,,,,,,,,,,,,,,,,,,,,,,,,,,,,
5849,1999,9,1,15,30,35,0,,,,,,,,,,,,,,,,,,,,,,,,,,,,,,,,,,,,,,,
5850,1999,9,1,16,30,32,0,,,,,,,,,,,,,,,,,,,,,,,,,,,,,,,,,,,,,,,
5851,1999,9,1,17,30,75,1,,,,,,,,,,,,,,,,,,,,,,,,,,,,,,,,,,,,,,,
5852,1999,9,1,18,30,0,0,,,,,,,,,,,,,,,,,,,,,,,,,,,,,,,,,,,,,,,
5853,1999,9,1,19,30,0,0,,,,,,,,,,,,,,,,,,,,,,,,,,,,,,,,,,,,,,,
5854,1999,9,1,20,30,0,0,,,,,,,,,,,,,,,,,,,,,,,,,,,,,,,,,,,,,,,
5855,1999,9,1,21,30,0,0,,,,,,,,,,,,,,,,,,,,,,,,,,,,,,,,,,,,,,,
5856,1999,9,1,22,30,0,0,,,,,,,,,,,,,,,,,,,,,,,,,,,,,,,,,,,,,,,
5857,1999,9,1,23,30,0,0,,,,,,,,,,,,,,,,,,,,,,,,,,,,,,,,,,,,,,,
5858,1999,9,2,0,30,0,0,,,,,,,,,,,,,,,,,,,,,,,,,,,,,,,,,,,,,,,
5859,1999,9,2,1,30,0,0,,,,,,,,,,,,,,,,,,,,,,,,,,,,,,,,,,,,,,,
5860,1999,9,2,2,30,0,0,,,,,,,,,,,,,,,,,,,,,,,,,,,,,,,,,,,,,,,
5861,1999,9,2,3,30,0,0,,,,,,,,,,,,,,,,,,,,,,,,,,,,,,,,,,,,,,,
5862,1999,9,2,4,30,0,0,,,,,,,,,,,,,,,,,,,,,,,,,,,,,,,,,,,,,,,
5863,1999,9,2,5,30,0,0,,,,,,,,,,,,,,,,,,,,,,,,,,,,,,,,,,,,,,,
5864,1999,9,2,6,30,131,512,,,,,,,,,,,,,,,,,,,,,,,,,,,,,,,,,,,,,,,
5865,1999,9,2,7,30,345,742,,,,,,,,,,,,,,,,,,,,,,,,,,,,,,,,,,,,,,,
5866,1999,9,2,8,30,558,870,,,,,,,,,,,,,,,,,,,,,,,,,,,,,,,,,,,,,,,
5867,1999,9,2,9,30,734,920,,,,,,,,,,,,,,,,,,,,,,,,,,,,,,,,,,,,,,,
5868,1999,9,2,10,30,863,947,,,,,,,,,,,,,,,,,,,,,,,,,,,,,,,,,,,,,,,
5869,1999,9,2,11,30,933,967,,,,,,,,,,,,,,,,,,,,,,,,,,,,,,,,,,,,,,,
5870,1999,9,2,12,30,935,963,,,,,,,,,,,,,,,,,,,,,,,,,,,,,,,,,,,,,,,
5871,1999,9,2,13,30,873,949,,,,,,,,,,,,,,,,,,,,,,,,,,,,,,,,,,,,,,,
5872,1999,9,2,14,30,333,40,,,,,,,,,,,,,,,,,,,,,,,,,,,,,,,,,,,,,,,
5873,1999,9,2,15,30,14,0,,,,,,,,,,,,,,,,,,,,,,,,,,,,,,,,,,,,,,,
5874,1999,9,2,16,30,12,0,,,,,,,,,,,,,,,,,,,,,,,,,,,,,,,,,,,,,,,
5875,1999,9,2,17,30,7,0,,,,,,,,,,,,,,,,,,,,,,,,,,,,,,,,,,,,,,,
5876,1999,9,2,18,30,0,0,,,,,,,,,,,,,,,,,,,,,,,,,,,,,,,,,,,,,,,
5877,1999,9,2,19,30,0,0,,,,,,,,,,,,,,,,,,,,,,,,,,,,,,,,,,,,,,,
5878,1999,9,2,20,30,0,0,,,,,,,,,,,,,,,,,,,,,,,,,,,,,,,,,,,,,,,
5879,1999,9,2,21,30,0,0,,,,,,,,,,,,,,,,,,,,,,,,,,,,,,,,,,,,,,,
5880,1999,9,2,22,30,0,0,,,,,,,,,,,,,,,,,,,,,,,,,,,,,,,,,,,,,,,
5881,1999,9,2,23,30,0,0,,,,,,,,,,,,,,,,,,,,,,,,,,,,,,,,,,,,,,,
5882,1999,9,3,0,30,0,0,,,,,,,,,,,,,,,,,,,,,,,,,,,,,,,,,,,,,,,
5883,1999,9,3,1,30,0,0,,,,,,,,,,,,,,,,,,,,,,,,,,,,,,,,,,,,,,,
5884,1999,9,3,2,30,0,0,,,,,,,,,,,,,,,,,,,,,,,,,,,,,,,,,,,,,,,
5885,1999,9,3,3,30,0,0,,,,,,,,,,,,,,,,,,,,,,,,,,,,,,,,,,,,,,,
5886,1999,9,3,4,30,0,0,,,,,,,,,,,,,,,,,,,,,,,,,,,,,,,,,,,,,,,
5887,1999,9,3,5,30,0,0,,,,,,,,,,,,,,,,,,,,,,,,,,,,,,,,,,,,,,,
5888,1999,9,3,6,30,133,553,,,,,,,,,,,,,,,,,,,,,,,,,,,,,,,,,,,,,,,
5889,1999,9,3,7,30,348,772,,,,,,,,,,,,,,,,,,,,,,,,,,,,,,,,,,,,,,,
5890,1999,9,3,8,30,557,872,,,,,,,,,,,,,,,,,,,,,,,,,,,,,,,,,,,,,,,
5891,1999,9,3,9,30,736,927,,,,,,,,,,,,,,,,,,,,,,,,,,,,,,,,,,,,,,,
5892,1999,9,3,10,30,329,2,,,,,,,,,,,,,,,,,,,,,,,,,,,,,,,,,,,,,,,
5893,1999,9,3,11,30,600,205,,,,,,,,,,,,,,,,,,,,,,,,,,,,,,,,,,,,,,,
5894,1999,9,3,12,30,42,0,,,,,,,,,,,,,,,,,,,,,,,,,,,,,,,,,,,,,,,
5895,1999,9,3,13,30,736,562,,,,,,,,,,,,,,,,,,,,,,,,,,,,,,,,,,,,,,,
5896,1999,9,3,14,30,38,0,,,,,,,,,,,,,,,,,,,,,,,,,,,,,,,,,,,,,,,
5897,1999,9,3,15,30,46,0,,,,,,,,,,,,,,,,,,,,,,,,,,,,,,,,,,,,,,,
5898,1999,9,3,16,30,298,334,,,,,,,,,,,,,,,,,,,,,,,,,,,,,,,,,,,,,,,
5899,1999,9,3,17,30,60,1,,,,,,,,,,,,,,,,,,,,,,,,,,,,,,,,,,,,,,,
5900,1999,9,3,18,30,0,0,,,,,,,,,,,,,,,,,,,,,,,,,,,,,,,,,,,,,,,
5901,1999,9,3,19,30,0,0,,,,,,,,,,,,,,,,,,,,,,,,,,,,,,,,,,,,,,,
5902,1999,9,3,20,30,0,0,,,,,,,,,,,,,,,,,,,,,,,,,,,,,,,,,,,,,,,
5903,1999,9,3,21,30,0,0,,,,,,,,,,,,,,,,,,,,,,,,,,,,,,,,,,,,,,,
5904,1999,9,3,22,30,0,0,,,,,,,,,,,,,,,,,,,,,,,,,,,,,,,,,,,,,,,
5905,1999,9,3,23,30,0,0,,,,,,,,,,,,,,,,,,,,,,,,,,,,,,,,,,,,,,,
5906,1999,9,4,0,30,0,0,,,,,,,,,,,,,,,,,,,,,,,,,,,,,,,,,,,,,,,
5907,1999,9,4,1,30,0,0,,,,,,,,,,,,,,,,,,,,,,,,,,,,,,,,,,,,,,,
5908,1999,9,4,2,30,0,0,,,,,,,,,,,,,,,,,,,,,,,,,,,,,,,,,,,,,,,
5909,1999,9,4,3,30,0,0,,,,,,,,,,,,,,,,,,,,,,,,,,,,,,,,,,,,,,,
5910,1999,9,4,4,30,0,0,,,,,,,,,,,,,,,,,,,,,,,,,,,,,,,,,,,,,,,
5911,1999,9,4,5,30,0,0,,,,,,,,,,,,,,,,,,,,,,,,,,,,,,,,,,,,,,,
5912,1999,9,4,6,30,139,636,,,,,,,,,,,,,,,,,,,,,,,,,,,,,,,,,,,,,,,
5913,1999,9,4,7,30,362,842,,,,,,,,,,,,,,,,,,,,,,,,,,,,,,,,,,,,,,,
5914,1999,9,4,8,30,578,933,,,,,,,,,,,,,,,,,,,,,,,,,,,,,,,,,,,,,,,
5915,1999,9,4,9,30,760,981,,,,,,,,,,,,,,,,,,,,,,,,,,,,,,,,,,,,,,,
5916,1999,9,4,10,30,895,1011,,,,,,,,,,,,,,,,,,,,,,,,,,,,,,,,,,,,,,,
5917,1999,9,4,11,30,965,1023,,,,,,,,,,,,,,,,,,,,,,,,,,,,,,,,,,,,,,,
5918,1999,9,4,12,30,965,1020,,,,,,,,,,,,,,,,,,,,,,,,,,,,,,,,,,,,,,,
5919,1999,9,4,13,30,901,1008,,,,,,,,,,,,,,,,,,,,,,,,,,,,,,,,,,,,,,,
5920,1999,9,4,14,30,776,982,,,,,,,,,,,,,,,,,,,,,,,,,,,,,,,,,,,,,,,
5921,1999,9,4,15,30,598,937,,,,,,,,,,,,,,,,,,,,,,,,,,,,,,,,,,,,,,,
5922,1999,9,4,16,30,384,853,,,,,,,,,,,,,,,,,,,,,,,,,,,,,,,,,,,,,,,
5923,1999,9,4,17,30,160,664,,,,,,,,,,,,,,,,,,,,,,,,,,,,,,,,,,,,,,,
5924,1999,9,4,18,30,0,0,,,,,,,,,,,,,,,,,,,,,,,,,,,,,,,,,,,,,,,
5925,1999,9,4,19,30,0,0,,,,,,,,,,,,,,,,,,,,,,,,,,,,,,,,,,,,,,,
5926,1999,9,4,20,30,0,0,,,,,,,,,,,,,,,,,,,,,,,,,,,,,,,,,,,,,,,
5927,1999,9,4,21,30,0,0,,,,,,,,,,,,,,,,,,,,,,,,,,,,,,,,,,,,,,,
5928,1999,9,4,22,30,0,0,,,,,,,,,,,,,,,,,,,,,,,,,,,,,,,,,,,,,,,
5929,1999,9,4,23,30,0,0,,,,,,,,,,,,,,,,,,,,,,,,,,,,,,,,,,,,,,,
5930,1999,9,5,0,30,0,0,,,,,,,,,,,,,,,,,,,,,,,,,,,,,,,,,,,,,,,
5931,1999,9,5,1,30,0,0,,,,,,,,,,,,,,,,,,,,,,,,,,,,,,,,,,,,,,,
5932,1999,9,5,2,30,0,0,,,,,,,,,,,,,,,,,,,,,,,,,,,,,,,,,,,,,,,
5933,1999,9,5,3,30,0,0,,,,,,,,,,,,,,,,,,,,,,,,,,,,,,,,,,,,,,,
5934,1999,9,5,4,30,0,0,,,,,,,,,,,,,,,,,,,,,,,,,,,,,,,,,,,,,,,
5935,1999,9,5,5,30,0,0,,,,,,,,,,,,,,,,,,,,,,,,,,,,,,,,,,,,,,,
5936,1999,9,5,6,30,85,27,,,,,,,,,,,,,,,,,,,,,,,,,,,,,,,,,,,,,,,
5937,1999,9,5,7,30,87,2,,,,,,,,,,,,,,,,,,,,,,,,,,,,,,,,,,,,,,,
5938,1999,9,5,8,30,510,489,,,,,,,,,,,,,,,,,,,,,,,,,,,,,,,,,,,,,,,
5939,1999,9,5,9,30,629,548,,,,,,,,,,,,,,,,,,,,,,,,,,,,,,,,,,,,,,,
5940,1999,9,5,10,30,189,0,,,,,,,,,,,,,,,,,,,,,,,,,,,,,,,,,,,,,,,
5941,1999,9,5,11,30,748,304,,,,,,,,,,,,,,,,,,,,,,,,,,,,,,,,,,,,,,,
5942,1999,9,5,12,30,941,985,,,,,,,,,,,,,,,,,,,,,,,,,,,,,,,,,,,,,,,
5943,1999,9,5,13,30,877,973,,,,,,,,,,,,,,,,,,,,,,,,,,,,,,,,,,,,,,,
5944,1999,9,5,14,30,589,418,,,,,,,,,,,,,,,,,,,,,,,,,,,,,,,,,,,,,,,
5945,1999,9,5,15,30,545,548,,,,,,,,,,,,,,,,,,,,,,,,,,,,,,,,,,,,,,,
5946,1999,9,5,16,30,325,400,,,,,,,,,,,,,,,,,,,,,,,,,,,,,,,,,,,,,,,
5947,1999,9,5,17,30,150,625,,,,,,,,,,,,,,,,,,,,,,,,,,,,,,,,,,,,,,,
5948,1999,9,5,18,30,0,0,,,,,,,,,,,,,,,,,,,,,,,,,,,,,,,,,,,,,,,
5949,1999,9,5,19,30,0,0,,,,,,,,,,,,,,,,,,,,,,,,,,,,,,,,,,,,,,,
5950,1999,9,5,20,30,0,0,,,,,,,,,,,,,,,,,,,,,,,,,,,,,,,,,,,,,,,
5951,1999,9,5,21,30,0,0,,,,,,,,,,,,,,,,,,,,,,,,,,,,,,,,,,,,,,,
5952,1999,9,5,22,30,0,0,,,,,,,,,,,,,,,,,,,,,,,,,,,,,,,,,,,,,,,
5953,1999,9,5,23,30,0,0,,,,,,,,,,,,,,,,,,,,,,,,,,,,,,,,,,,,,,,
5954,1999,9,6,0,30,0,0,,,,,,,,,,,,,,,,,,,,,,,,,,,,,,,,,,,,,,,
5955,1999,9,6,1,30,0,0,,,,,,,,,,,,,,,,,,,,,,,,,,,,,,,,,,,,,,,
5956,1999,9,6,2,30,0,0,,,,,,,,,,,,,,,,,,,,,,,,,,,,,,,,,,,,,,,
5957,1999,9,6,3,30,0,0,,,,,,,,,,,,,,,,,,,,,,,,,,,,,,,,,,,,,,,
5958,1999,9,6,4,30,0,0,,,,,,,,,,,,,,,,,,,,,,,,,,,,,,,,,,,,,,,
5959,1999,9,6,5,30,0,0,,,,,,,,,,,,,,,,,,,,,,,,,,,,,,,,,,,,,,,
5960,1999,9,6,6,30,122,316,,,,,,,,,,,,,,,,,,,,,,,,,,,,,,,,,,,,,,,
5961,1999,9,6,7,30,340,774,,,,,,,,,,,,,,,,,,,,,,,,,,,,,,,,,,,,,,,
5962,1999,9,6,8,30,550,874,,,,,,,,,,,,,,,,,,,,,,,,,,,,,,,,,,,,,,,
5963,1999,9,6,9,30,645,620,,,,,,,,,,,,,,,,,,,,,,,,,,,,,,,,,,,,,,,
5964,1999,9,6,10,30,673,480,,,,,,,,,,,,,,,,,,,,,,,,,,,,,,,,,,,,,,,
5965,1999,9,6,11,30,312,8,,,,,,,,,,,,,,,,,,,,,,,,,,,,,,,,,,,,,,,
5966,1999,9,6,12,30,347,18,,,,,,,,,,,,,,,,,,,,,,,,,,,,,,,,,,,,,,,
5967,1999,9,6,13,30,127,0,,,,,,,,,,,,,,,,,,,,,,,,,,,,,,,,,,,,,,,
5968,1999,9,6,14,30,617,528,,,,,,,,,,,,,,,,,,,,,,,,,,,,,,,,,,,,,,,
5969,1999,9,6,15,30,435,233,,,,,,,,,,,,,,,,,,,,,,,,,,,,,,,,,,,,,,,
5970,1999,9,6,16,30,358,790,,,,,,,,,,,,,,,,,,,,,,,,,,,,,,,,,,,,,,,
5971,1999,9,6,17,30,99,34,,,,,,,,,,,,,,,,,,,,,,,,,,,,,,,,,,,,,,,
5972,1999,9,6,18,30,0,0,,,,,,,,,,,,,,,,,,,,,,,,,,,,,,,,,,,,,,,
5973,1999,9,6,19,30,0,0,,,,,,,,,,,,,,,,,,,,,,,,,,,,,,,,,,,,,,,
5974,1999,9,6,20,30,0,0,,,,,,,,,,,,,,,,,,,,,,,,,,,,,,,,,,,,,,,
5975,1999,9,6,21,30,0,0,,,,,,,,,,,,,,,,,,,,,,,,,,,,,,,,,,,,,,,
5976,1999,9,6,22,30,0,0,,,,,,,,,,,,,,,,,,,,,,,,,,,,,,,,,,,,,,,
5977,1999,9,6,23,30,0,0,,,,,,,,,,,,,,,,,,,,,,,,,,,,,,,,,,,,,,,
5978,1999,9,7,0,30,0,0,,,,,,,,,,,,,,,,,,,,,,,,,,,,,,,,,,,,,,,
5979,1999,9,7,1,30,0,0,,,,,,,,,,,,,,,,,,,,,,,,,,,,,,,,,,,,,,,
5980,1999,9,7,2,30,0,0,,,,,,,,,,,,,,,,,,,,,,,,,,,,,,,,,,,,,,,
5981,1999,9,7,3,30,0,0,,,,,,,,,,,,,,,,,,,,,,,,,,,,,,,,,,,,,,,
5982,1999,9,7,4,30,0,0,,,,,,,,,,,,,,,,,,,,,,,,,,,,,,,,,,,,,,,
5983,1999,9,7,5,30,0,0,,,,,,,,,,,,,,,,,,,,,,,,,,,,,,,,,,,,,,,
5984,1999,9,7,6,30,128,576,,,,,,,,,,,,,,,,,,,,,,,,,,,,,,,,,,,,,,,
5985,1999,9,7,7,30,348,805,,,,,,,,,,,,,,,,,,,,,,,,,,,,,,,,,,,,,,,
5986,1999,9,7,8,30,564,907,,,,,,,,,,,,,,,,,,,,,,,,,,,,,,,,,,,,,,,
5987,1999,9,7,9,30,747,964,,,,,,,,,,,,,,,,,,,,,,,,,,,,,,,,,,,,,,,
5988,1999,9,7,10,30,881,996,,,,,,,,,,,,,,,,,,,,,,,,,,,,,,,,,,,,,,,
5989,1999,9,7,11,30,950,1009,,,,,,,,,,,,,,,,,,,,,,,,,,,,,,,,,,,,,,,
5990,1999,9,7,12,30,953,1010,,,,,,,,,,,,,,,,,,,,,,,,,,,,,,,,,,,,,,,
5991,1999,9,7,13,30,888,998,,,,,,,,,,,,,,,,,,,,,,,,,,,,,,,,,,,,,,,
5992,1999,9,7,14,30,760,972,,,,,,,,,,,,,,,,,,,,,,,,,,,,,,,,,,,,,,,
5993,1999,9,7,15,30,582,924,,,,,,,,,,,,,,,,,,,,,,,,,,,,,,,,,,,,,,,
5994,1999,9,7,16,30,368,833,,,,,,,,,,,,,,,,,,,,,,,,,,,,,,,,,,,,,,,
5995,1999,9,7,17,30,144,628,,,,,,,,,,,,,,,,,,,,,,,,,,,,,,,,,,,,,,,
5996,1999,9,7,18,30,0,0,,,,,,,,,,,,,,,,,,,,,,,,,,,,,,,,,,,,,,,
5997,1999,9,7,19,30,0,0,,,,,,,,,,,,,,,,,,,,,,,,,,,,,,,,,,,,,,,
5998,1999,9,7,20,30,0,0,,,,,,,,,,,,,,,,,,,,,,,,,,,,,,,,,,,,,,,
5999,1999,9,7,21,30,0,0,,,,,,,,,,,,,,,,,,,,,,,,,,,,,,,,,,,,,,,
6000,1999,9,7,22,30,0,0,,,,,,,,,,,,,,,,,,,,,,,,,,,,,,,,,,,,,,,
6001,1999,9,7,23,30,0,0,,,,,,,,,,,,,,,,,,,,,,,,,,,,,,,,,,,,,,,
6002,1999,9,8,0,30,0,0,,,,,,,,,,,,,,,,,,,,,,,,,,,,,,,,,,,,,,,
6003,1999,9,8,1,30,0,0,,,,,,,,,,,,,,,,,,,,,,,,,,,,,,,,,,,,,,,
6004,1999,9,8,2,30,0,0,,,,,,,,,,,,,,,,,,,,,,,,,,,,,,,,,,,,,,,
6005,1999,9,8,3,30,0,0,,,,,,,,,,,,,,,,,,,,,,,,,,,,,,,,,,,,,,,
6006,1999,9,8,4,30,0,0,,,,,,,,,,,,,,,,,,,,,,,,,,,,,,,,,,,,,,,
6007,1999,9,8,5,30,0,0,,,,,,,,,,,,,,,,,,,,,,,,,,,,,,,,,,,,,,,
6008,1999,9,8,6,30,125,557,,,,,,,,,,,,,,,,,,,,,,,,,,,,,,,,,,,,,,,
6009,1999,9,8,7,30,345,788,,,,,,,,,,,,,,,,,,,,,,,,,,,,,,,,,,,,,,,
6010,1999,9,8,8,30,557,887,,,,,,,,,,,,,,,,,,,,,,,,,,,,,,,,,,,,,,,
6011,1999,9,8,9,30,738,941,,,,,,,,,,,,,,,,,,,,,,,,,,,,,,,,,,,,,,,
6012,1999,9,8,10,30,868,970,,,,,,,,,,,,,,,,,,,,,,,,,,,,,,,,,,,,,,,
6013,1999,9,8,11,30,937,984,,,,,,,,,,,,,,,,,,,,,,,,,,,,,,,,,,,,,,,
6014,1999,9,8,12,30,939,985,,,,,,,,,,,,,,,,,,,,,,,,,,,,,,,,,,,,,,,
6015,1999,9,8,13,30,873,973,,,,,,,,,,,,,,,,,,,,,,,,,,,,,,,,,,,,,,,
6016,1999,9,8,14,30,747,948,,,,,,,,,,,,,,,,,,,,,,,,,,,,,,,,,,,,,,,
6017,1999,9,8,15,30,571,901,,,,,,,,,,,,,,,,,,,,,,,,,,,,,,,,,,,,,,,
6018,1999,9,8,16,30,358,806,,,,,,,,,,,,,,,,,,,,,,,,,,,,,,,,,,,,,,,
6019,1999,9,8,17,30,137,593,,,,,,,,,,,,,,,,,,,,,,,,,,,,,,,,,,,,,,,
6020,1999,9,8,18,30,0,0,,,,,,,,,,,,,,,,,,,,,,,,,,,,,,,,,,,,,,,
6021,1999,9,8,19,30,0,0,,,,,,,,,,,,,,,,,,,,,,,,,,,,,,,,,,,,,,,
6022,1999,9,8,20,30,0,0,,,,,,,,,,,,,,,,,,,,,,,,,,,,,,,,,,,,,,,
6023,1999,9,8,21,30,0,0,,,,,,,,,,,,,,,,,,,,,,,,,,,,,,,,,,,,,,,
6024,1999,9,8,22,30,0,0,,,,,,,,,,,,,,,,,,,,,,,,,,,,,,,,,,,,,,,
6025,1999,9,8,23,30,0,0,,,,,,,,,,,,,,,,,,,,,,,,,,,,,,,,,,,,,,,
6026,1999,9,9,0,30,0,0,,,,,,,,,,,,,,,,,,,,,,,,,,,,,,,,,,,,,,,
6027,1999,9,9,1,30,0,0,,,,,,,,,,,,,,,,,,,,,,,,,,,,,,,,,,,,,,,
6028,1999,9,9,2,30,0,0,,,,,,,,,,,,,,,,,,,,,,,,,,,,,,,,,,,,,,,
6029,1999,9,9,3,30,0,0,,,,,,,,,,,,,,,,,,,,,,,,,,,,,,,,,,,,,,,
6030,1999,9,9,4,30,0,0,,,,,,,,,,,,,,,,,,,,,,,,,,,,,,,,,,,,,,,
6031,1999,9,9,5,30,0,0,,,,,,,,,,,,,,,,,,,,,,,,,,,,,,,,,,,,,,,
6032,1999,9,9,6,30,22,0,,,,,,,,,,,,,,,,,,,,,,,,,,,,,,,,,,,,,,,
6033,1999,9,9,7,30,332,743,,,,,,,,,,,,,,,,,,,,,,,,,,,,,,,,,,,,,,,
6034,1999,9,9,8,30,413,199,,,,,,,,,,,,,,,,,,,,,,,,,,,,,,,,,,,,,,,
6035,1999,9,9,9,30,720,909,,,,,,,,,,,,,,,,,,,,,,,,,,,,,,,,,,,,,,,
6036,1999,9,9,10,30,849,942,,,,,,,,,,,,,,,,,,,,,,,,,,,,,,,,,,,,,,,
6037,1999,9,9,11,30,876,648,,,,,,,,,,,,,,,,,,,,,,,,,,,,,,,,,,,,,,,
6038,1999,9,9,12,30,918,952,,,,,,,,,,,,,,,,,,,,,,,,,,,,,,,,,,,,,,,
6039,1999,9,9,13,30,516,169,,,,,,,,,,,,,,,,,,,,,,,,,,,,,,,,,,,,,,,
6040,1999,9,9,14,30,554,365,,,,,,,,,,,,,,,,,,,,,,,,,,,,,,,,,,,,,,,
6041,1999,9,9,15,30,546,834,,,,,,,,,,,,,,,,,,,,,,,,,,,,,,,,,,,,,,,
6042,1999,9,9,16,30,185,45,,,,,,,,,,,,,,,,,,,,,,,,,,,,,,,,,,,,,,,
6043,1999,9,9,17,30,87,31,,,,,,,,,,,,,,,,,,,,,,,,,,,,,,,,,,,,,,,
6044,1999,9,9,18,30,0,0,,,,,,,,,,,,,,,,,,,,,,,,,,,,,,,,,,,,,,,
6045,1999,9,9,19,30,0,0,,,,,,,,,,,,,,,,,,,,,,,,,,,,,,,,,,,,,,,
6046,1999,9,9,20,30,0,0,,,,,,,,,,,,,,,,,,,,,,,,,,,,,,,,,,,,,,,
6047,1999,9,9,21,30,0,0,,,,,,,,,,,,,,,,,,,,,,,,,,,,,,,,,,,,,,,
6048,1999,9,9,22,30,0,0,,,,,,,,,,,,,,,,,,,,,,,,,,,,,,,,,,,,,,,
6049,1999,9,9,23,30,0,0,,,,,,,,,,,,,,,,,,,,,,,,,,,,,,,,,,,,,,,
6050,1999,9,10,0,30,0,0,,,,,,,,,,,,,,,,,,,,,,,,,,,,,,,,,,,,,,,
6051,1999,9,10,1,30,0,0,,,,,,,,,,,,,,,,,,,,,,,,,,,,,,,,,,,,,,,
6052,1999,9,10,2,30,0,0,,,,,,,,,,,,,,,,,,,,,,,,,,,,,,,,,,,,,,,
6053,1999,9,10,3,30,0,0,,,,,,,,,,,,,,,,,,,,,,,,,,,,,,,,,,,,,,,
6054,1999,9,10,4,30,0,0,,,,,,,,,,,,,,,,,,,,,,,,,,,,,,,,,,,,,,,
6055,1999,9,10,5,30,0,0,,,,,,,,,,,,,,,,,,,,,,,,,,,,,,,,,,,,,,,
6056,1999,9,10,6,30,48,3,,,,,,,,,,,,,,,,,,,,,,,,,,,,,,,,,,,,,,,
6057,1999,9,10,7,30,224,163,,,,,,,,,,,,,,,,,,,,,,,,,,,,,,,,,,,,,,,
6058,1999,9,10,8,30,323,115,,,,,,,,,,,,,,,,,,,,,,,,,,,,,,,,,,,,,,,
6059,1999,9,10,9,30,79,0,,,,,,,,,,,,,,,,,,,,,,,,,,,,,,,,,,,,,,,
6060,1999,9,10,10,30,384,10,,,,,,,,,,,,,,,,,,,,,,,,,,,,,,,,,,,,,,,
6061,1999,9,10,11,30,729,308,,,,,,,,,,,,,,,,,,,,,,,,,,,,,,,,,,,,,,,
6062,1999,9,10,12,30,852,603,,,,,,,,,,,,,,,,,,,,,,,,,,,,,,,,,,,,,,,
6063,1999,9,10,13,30,842,931,,,,,,,,,,,,,,,,,,,,,,,,,,,,,,,,,,,,,,,
6064,1999,9,10,14,30,718,669,,,,,,,,,,,,,,,,,,,,,,,,,,,,,,,,,,,,,,,
6065,1999,9,10,15,30,550,880,,,,,,,,,,,,,,,,,,,,,,,,,,,,,,,,,,,,,,,
6066,1999,9,10,16,30,342,790,,,,,,,,,,,,,,,,,,,,,,,,,,,,,,,,,,,,,,,
6067,1999,9,10,17,30,95,79,,,,,,,,,,,,,,,,,,,,,,,,,,,,,,,,,,,,,,,
6068,1999,9,10,18,30,0,0,,,,,,,,,,,,,,,,,,,,,,,,,,,,,,,,,,,,,,,
6069,1999,9,10,19,30,0,0,,,,,,,,,,,,,,,,,,,,,,,,,,,,,,,,,,,,,,,
6070,1999,9,10,20,30,0,0,,,,,,,,,,,,,,,,,,,,,,,,,,,,,,,,,,,,,,,
6071,1999,9,10,21,30,0,0,,,,,,,,,,,,,,,,,,,,,,,,,,,,,,,,,,,,,,,
6072,1999,9,10,22,30,0,0,,,,,,,,,,,,,,,,,,,,,,,,,,,,,,,,,,,,,,,
6073,1999,9,10,23,30,0,0,,,,,,,,,,,,,,,,,,,,,,,,,,,,,,,,,,,,,,,
6074,1999,9,11,0,30,0,0,,,,,,,,,,,,,,,,,,,,,,,,,,,,,,,,,,,,,,,
6075,1999,9,11,1,30,0,0,,,,,,,,,,,,,,,,,,,,,,,,,,,,,,,,,,,,,,,
6076,1999,9,11,2,30,0,0,,,,,,,,,,,,,,,,,,,,,,,,,,,,,,,,,,,,,,,
6077,1999,9,11,3,30,0,0,,,,,,,,,,,,,,,,,,,,,,,,,,,,,,,,,,,,,,,
6078,1999,9,11,4,30,0,0,,,,,,,,,,,,,,,,,,,,,,,,,,,,,,,,,,,,,,,
6079,1999,9,11,5,30,0,0,,,,,,,,,,,,,,,,,,,,,,,,,,,,,,,,,,,,,,,
6080,1999,9,11,6,30,120,570,,,,,,,,,,,,,,,,,,,,,,,,,,,,,,,,,,,,,,,
6081,1999,9,11,7,30,341,801,,,,,,,,,,,,,,,,,,,,,,,,,,,,,,,,,,,,,,,
6082,1999,9,11,8,30,554,901,,,,,,,,,,,,,,,,,,,,,,,,,,,,,,,,,,,,,,,
6083,1999,9,11,9,30,733,948,,,,,,,,,,,,,,,,,,,,,,,,,,,,,,,,,,,,,,,
6084,1999,9,11,10,30,862,976,,,,,,,,,,,,,,,,,,,,,,,,,,,,,,,,,,,,,,,
6085,1999,9,11,11,30,887,675,,,,,,,,,,,,,,,,,,,,,,,,,,,,,,,,,,,,,,,
6086,1999,9,11,12,30,926,989,,,,,,,,,,,,,,,,,,,,,,,,,,,,,,,,,,,,,,,
6087,1999,9,11,13,30,858,976,,,,,,,,,,,,,,,,,,,,,,,,,,,,,,,,,,,,,,,
6088,1999,9,11,14,30,723,684,,,,,,,,,,,,,,,,,,,,,,,,,,,,,,,,,,,,,,,
6089,1999,9,11,15,30,550,891,,,,,,,,,,,,,,,,,,,,,,,,,,,,,,,,,,,,,,,
6090,1999,9,11,16,30,261,242,,,,,,,,,,,,,,,,,,,,,,,,,,,,,,,,,,,,,,,
6091,1999,9,11,17,30,40,2,,,,,,,,,,,,,,,,,,,,,,,,,,,,,,,,,,,,,,,
6092,1999,9,11,18,30,0,0,,,,,,,,,,,,,,,,,,,,,,,,,,,,,,,,,,,,,,,
6093,1999,9,11,19,30,0,0,,,,,,,,,,,,,,,,,,,,,,,,,,,,,,,,,,,,,,,
6094,1999,9,11,20,30,0,0,,,,,,,,,,,,,,,,,,,,,,,,,,,,,,,,,,,,,,,
6095,1999,9,11,21,30,0,0,,,,,,,,,,,,,,,,,,,,,,,,,,,,,,,,,,,,,,,
6096,1999,9,11,22,30,0,0,,,,,,,,,,,,,,,,,,,,,,,,,,,,,,,,,,,,,,,
6097,1999,9,11,23,30,0,0,,,,,,,,,,,,,,,,,,,,,,,,,,,,,,,,,,,,,,,
6098,1999,9,12,0,30,0,0,,,,,,,,,,,,,,,,,,,,,,,,,,,,,,,,,,,,,,,
6099,1999,9,12,1,30,0,0,,,,,,,,,,,,,,,,,,,,,,,,,,,,,,,,,,,,,,,
6100,1999,9,12,2,30,0,0,,,,,,,,,,,,,,,,,,,,,,,,,,,,,,,,,,,,,,,
6101,1999,9,12,3,30,0,0,,,,,,,,,,,,,,,,,,,,,,,,,,,,,,,,,,,,,,,
6102,1999,9,12,4,30,0,0,,,,,,,,,,,,,,,,,,,,,,,,,,,,,,,,,,,,,,,
6103,1999,9,12,5,30,0,0,,,,,,,,,,,,,,,,,,,,,,,,,,,,,,,,,,,,,,,
6104,1999,9,12,6,30,113,513,,,,,,,,,,,,,,,,,,,,,,,,,,,,,,,,,,,,,,,
6105,1999,9,12,7,30,326,748,,,,,,,,,,,,,,,,,,,,,,,,,,,,,,,,,,,,,,,
6106,1999,9,12,8,30,434,284,,,,,,,,,,,,,,,,,,,,,,,,,,,,,,,,,,,,,,,
6107,1999,9,12,9,30,720,930,,,,,,,,,,,,,,,,,,,,,,,,,,,,,,,,,,,,,,,
6108,1999,9,12,10,30,702,353,,,,,,,,,,,,,,,,,,,,,,,,,,,,,,,,,,,,,,,
6109,1999,9,12,11,30,919,986,,,,,,,,,,,,,,,,,,,,,,,,,,,,,,,,,,,,,,,
6110,1999,9,12,12,30,922,988,,,,,,,,,,,,,,,,,,,,,,,,,,,,,,,,,,,,,,,
6111,1999,9,12,13,30,855,976,,,,,,,,,,,,,,,,,,,,,,,,,,,,,,,,,,,,,,,
6112,1999,9,12,14,30,680,578,,,,,,,,,,,,,,,,,,,,,,,,,,,,,,,,,,,,,,,
6113,1999,9,12,15,30,483,586,,,,,,,,,,,,,,,,,,,,,,,,,,,,,,,,,,,,,,,
6114,1999,9,12,16,30,335,794,,,,,,,,,,,,,,,,,,,,,,,,,,,,,,,,,,,,,,,
6115,1999,9,12,17,30,117,557,,,,,,,,,,,,,,,,,,,,,,,,,,,,,,,,,,,,,,,
6116,1999,9,12,18,30,0,0,,,,,,,,,,,,,,,,,,,,,,,,,,,,,,,,,,,,,,,
6117,1999,9,12,19,30,0,0,,,,,,,,,,,,,,,,,,,,,,,,,,,,,,,,,,,,,,,
6118,1999,9,12,20,30,0,0,,,,,,,,,,,,,,,,,,,,,,,,,,,,,,,,,,,,,,,
6119,1999,9,12,21,30,0,0,,,,,,,,,,,,,,,,,,,,,,,,,,,,,,,,,,,,,,,
6120,1999,9,12,22,30,0,0,,,,,,,,,,,,,,,,,,,,,,,,,,,,,,,,,,,,,,,
6121,1999,9,12,23,30,0,0,,,,,,,,,,,,,,,,,,,,,,,,,,,,,,,,,,,,,,,
6122,1999,9,13,0,30,0,0,,,,,,,,,,,,,,,,,,,,,,,,,,,,,,,,,,,,,,,
6123,1999,9,13,1,30,0,0,,,,,,,,,,,,,,,,,,,,,,,,,,,,,,,,,,,,,,,
6124,1999,9,13,2,30,0,0,,,,,,,,,,,,,,,,,,,,,,,,,,,,,,,,,,,,,,,
6125,1999,9,13,3,30,0,0,,,,,,,,,,,,,,,,,,,,,,,,,,,,,,,,,,,,,,,
6126,1999,9,13,4,30,0,0,,,,,,,,,,,,,,,,,,,,,,,,,,,,,,,,,,,,,,,
6127,1999,9,13,5,30,0,0,,,,,,,,,,,,,,,,,,,,,,,,,,,,,,,,,,,,,,,
6128,1999,9,13,6,30,4,0,,,,,,,,,,,,,,,,,,,,,,,,,,,,,,,,,,,,,,,
6129,1999,9,13,7,30,47,0,,,,,,,,,,,,,,,,,,,,,,,,,,,,,,,,,,,,,,,
6130,1999,9,13,8,30,33,0,,,,,,,,,,,,,,,,,,,,,,,,,,,,,,,,,,,,,,,
6131,1999,9,13,9,30,508,225,,,,,,,,,,,,,,,,,,,,,,,,,,,,,,,,,,,,,,,
6132,1999,9,13,10,30,366,33,,,,,,,,,,,,,,,,,,,,,,,,,,,,,,,,,,,,,,,
6133,1999,9,13,11,30,474,41,,,,,,,,,,,,,,,,,,,,,,,,,,,,,,,,,,,,,,,
6134,1999,9,13,12,30,896,928,,,,,,,,,,,,,,,,,,,,,,,,,,,,,,,,,,,,,,,
6135,1999,9,13,13,30,829,911,,,,,,,,,,,,,,,,,,,,,,,,,,,,,,,,,,,,,,,
6136,1999,9,13,14,30,700,874,,,,,,,,,,,,,,,,,,,,,,,,,,,,,,,,,,,,,,,
6137,1999,9,13,15,30,254,44,,,,,,,,,,,,,,,,,,,,,,,,,,,,,,,,,,,,,,,
6138,1999,9,13,16,30,19,0,,,,,,,,,,,,,,,,,,,,,,,,,,,,,,,,,,,,,,,
6139,1999,9,13,17,30,35,1,,,,,,,,,,,,,,,,,,,,,,,,,,,,,,,,,,,,,,,
6140,1999,9,13,18,30,0,0,,,,,,,,,,,,,,,,,,,,,,,,,,,,,,,,,,,,,,,
6141,1999,9,13,19,30,0,0,,,,,,,,,,,,,,,,,,,,,,,,,,,,,,,,,,,,,,,
6142,1999,9,13,20,30,0,0,,,,,,,,,,,,,,,,,,,,,,,,,,,,,,,,,,,,,,,
6143,1999,9,13,21,30,0,0,,,,,,,,,,,,,,,,,,,,,,,,,,,,,,,,,,,,,,,
6144,1999,9,13,22,30,0,0,,,,,,,,,,,,,,,,,,,,,,,,,,,,,,,,,,,,,,,
6145,1999,9,13,23,30,0,0,,,,,,,,,,,,,,,,,,,,,,,,,,,,,,,,,,,,,,,
6146,1999,9,14,0,30,0,0,,,,,,,,,,,,,,,,,,,,,,,,,,,,,,,,,,,,,,,
6147,1999,9,14,1,30,0,0,,,,,,,,,,,,,,,,,,,,,,,,,,,,,,,,,,,,,,,
6148,1999,9,14,2,30,0,0,,,,,,,,,,,,,,,,,,,,,,,,,,,,,,,,,,,,,,,
6149,1999,9,14,3,30,0,0,,,,,,,,,,,,,,,,,,,,,,,,,,,,,,,,,,,,,,,
6150,1999,9,14,4,30,0,0,,,,,,,,,,,,,,,,,,,,,,,,,,,,,,,,,,,,,,,
6151,1999,9,14,5,30,0,0,,,,,,,,,,,,,,,,,,,,,,,,,,,,,,,,,,,,,,,
6152,1999,9,14,6,30,106,475,,,,,,,,,,,,,,,,,,,,,,,,,,,,,,,,,,,,,,,
6153,1999,9,14,7,30,321,736,,,,,,,,,,,,,,,,,,,,,,,,,,,,,,,,,,,,,,,
6154,1999,9,14,8,30,365,102,,,,,,,,,,,,,,,,,,,,,,,,,,,,,,,,,,,,,,,
6155,1999,9,14,9,30,716,931,,,,,,,,,,,,,,,,,,,,,,,,,,,,,,,,,,,,,,,
6156,1999,9,14,10,30,844,962,,,,,,,,,,,,,,,,,,,,,,,,,,,,,,,,,,,,,,,
6157,1999,9,14,11,30,817,677,,,,,,,,,,,,,,,,,,,,,,,,,,,,,,,,,,,,,,,
6158,1999,9,14,12,30,799,635,,,,,,,,,,,,,,,,,,,,,,,,,,,,,,,,,,,,,,,
6159,1999,9,14,13,30,691,498,,,,,,,,,,,,,,,,,,,,,,,,,,,,,,,,,,,,,,,
6160,1999,9,14,14,30,582,510,,,,,,,,,,,,,,,,,,,,,,,,,,,,,,,,,,,,,,,
6161,1999,9,14,15,30,420,329,,,,,,,,,,,,,,,,,,,,,,,,,,,,,,,,,,,,,,,
6162,1999,9,14,16,30,234,114,,,,,,,,,,,,,,,,,,,,,,,,,,,,,,,,,,,,,,,
6163,1999,9,14,17,30,68,22,,,,,,,,,,,,,,,,,,,,,,,,,,,,,,,,,,,,,,,
6164,1999,9,14,18,30,0,0,,,,,,,,,,,,,,,,,,,,,,,,,,,,,,,,,,,,,,,
6165,1999,9,14,19,30,0,0,,,,,,,,,,,,,,,,,,,,,,,,,,,,,,,,,,,,,,,
6166,1999,9,14,20,30,0,0,,,,,,,,,,,,,,,,,,,,,,,,,,,,,,,,,,,,,,,
6167,1999,9,14,21,30,0,0,,,,,,,,,,,,,,,,,,,,,,,,,,,,,,,,,,,,,,,
6168,1999,9,14,22,30,0,0,,,,,,,,,,,,,,,,,,,,,,,,,,,,,,,,,,,,,,,
6169,1999,9,14,23,30,0,0,,,,,,,,,,,,,,,,,,,,,,,,,,,,,,,,,,,,,,,
6170,1999,9,15,0,30,0,0,,,,,,,,,,,,,,,,,,,,,,,,,,,,,,,,,,,,,,,
6171,1999,9,15,1,30,0,0,,,,,,,,,,,,,,,,,,,,,,,,,,,,,,,,,,,,,,,
6172,1999,9,15,2,30,0,0,,,,,,,,,,,,,,,,,,,,,,,,,,,,,,,,,,,,,,,
6173,1999,9,15,3,30,0,0,,,,,,,,,,,,,,,,,,,,,,,,,,,,,,,,,,,,,,,
6174,1999,9,15,4,30,0,0,,,,,,,,,,,,,,,,,,,,,,,,,,,,,,,,,,,,,,,
6175,1999,9,15,5,30,0,0,,,,,,,,,,,,,,,,,,,,,,,,,,,,,,,,,,,,,,,
6176,1999,9,15,6,30,3,0,,,,,,,,,,,,,,,,,,,,,,,,,,,,,,,,,,,,,,,
6177,1999,9,15,7,30,274,316,,,,,,,,,,,,,,,,,,,,,,,,,,,,,,,,,,,,,,,
6178,1999,9,15,8,30,424,417,,,,,,,,,,,,,,,,,,,,,,,,,,,,,,,,,,,,,,,
6179,1999,9,15,9,30,647,696,,,,,,,,,,,,,,,,,,,,,,,,,,,,,,,,,,,,,,,
6180,1999,9,15,10,30,585,308,,,,,,,,,,,,,,,,,,,,,,,,,,,,,,,,,,,,,,,
6181,1999,9,15,11,30,783,620,,,,,,,,,,,,,,,,,,,,,,,,,,,,,,,,,,,,,,,
6182,1999,9,15,12,30,402,34,,,,,,,,,,,,,,,,,,,,,,,,,,,,,,,,,,,,,,,
6183,1999,9,15,13,30,695,544,,,,,,,,,,,,,,,,,,,,,,,,,,,,,,,,,,,,,,,
6184,1999,9,15,14,30,705,932,,,,,,,,,,,,,,,,,,,,,,,,,,,,,,,,,,,,,,,
6185,1999,9,15,15,30,527,878,,,,,,,,,,,,,,,,,,,,,,,,,,,,,,,,,,,,,,,
6186,1999,9,15,16,30,20,0,,,,,,,,,,,,,,,,,,,,,,,,,,,,,,,,,,,,,,,
6187,1999,9,15,17,30,68,23,,,,,,,,,,,,,,,,,,,,,,,,,,,,,,,,,,,,,,,
6188,1999,9,15,18,30,0,0,,,,,,,,,,,,,,,,,,,,,,,,,,,,,,,,,,,,,,,
6189,1999,9,15,19,30,0,0,,,,,,,,,,,,,,,,,,,,,,,,,,,,,,,,,,,,,,,
6190,1999,9,15,20,30,0,0,,,,,,,,,,,,,,,,,,,,,,,,,,,,,,,,,,,,,,,
6191,1999,9,15,21,30,0,0,,,,,,,,,,,,,,,,,,,,,,,,,,,,,,,,,,,,,,,
6192,1999,9,15,22,30,0,0,,,,,,,,,,,,,,,,,,,,,,,,,,,,,,,,,,,,,,,
6193,1999,9,15,23,30,0,0,,,,,,,,,,,,,,,,,,,,,,,,,,,,,,,,,,,,,,,
6194,1999,9,16,0,30,0,0,,,,,,,,,,,,,,,,,,,,,,,,,,,,,,,,,,,,,,,
6195,1999,9,16,1,30,0,0,,,,,,,,,,,,,,,,,,,,,,,,,,,,,,,,,,,,,,,
6196,1999,9,16,2,30,0,0,,,,,,,,,,,,,,,,,,,,,,,,,,,,,,,,,,,,,,,
6197,1999,9,16,3,30,0,0,,,,,,,,,,,,,,,,,,,,,,,,,,,,,,,,,,,,,,,
6198,1999,9,16,4,30,0,0,,,,,,,,,,,,,,,,,,,,,,,,,,,,,,,,,,,,,,,
6199,1999,9,16,5,30,0,0,,,,,,,,,,,,,,,,,,,,,,,,,,,,,,,,,,,,,,,
6200,1999,9,16,6,30,36,0,,,,,,,,,,,,,,,,,,,,,,,,,,,,,,,,,,,,,,,
6201,1999,9,16,7,30,319,761,,,,,,,,,,,,,,,,,,,,,,,,,,,,,,,,,,,,,,,
6202,1999,9,16,8,30,120,0,,,,,,,,,,,,,,,,,,,,,,,,,,,,,,,,,,,,,,,
6203,1999,9,16,9,30,509,169,,,,,,,,,,,,,,,,,,,,,,,,,,,,,,,,,,,,,,,
6204,1999,9,16,10,30,631,232,,,,,,,,,,,,,,,,,,,,,,,,,,,,,,,,,,,,,,,
6205,1999,9,16,11,30,901,984,,,,,,,,,,,,,,,,,,,,,,,,,,,,,,,,,,,,,,,
6206,1999,9,16,12,30,899,983,,,,,,,,,,,,,,,,,,,,,,,,,,,,,,,,,,,,,,,
6207,1999,9,16,13,30,831,969,,,,,,,,,,,,,,,,,,,,,,,,,,,,,,,,,,,,,,,
6208,1999,9,16,14,30,642,680,,,,,,,,,,,,,,,,,,,,,,,,,,,,,,,,,,,,,,,
6209,1999,9,16,15,30,10,0,,,,,,,,,,,,,,,,,,,,,,,,,,,,,,,,,,,,,,,
6210,1999,9,16,16,30,205,109,,,,,,,,,,,,,,,,,,,,,,,,,,,,,,,,,,,,,,,
6211,1999,9,16,17,30,58,16,,,,,,,,,,,,,,,,,,,,,,,,,,,,,,,,,,,,,,,
6212,1999,9,16,18,30,0,0,,,,,,,,,,,,,,,,,,,,,,,,,,,,,,,,,,,,,,,
6213,1999,9,16,19,30,0,0,,,,,,,,,,,,,,,,,,,,,,,,,,,,,,,,,,,,,,,
6214,1999,9,16,20,30,0,0,,,,,,,,,,,,,,,,,,,,,,,,,,,,,,,,,,,,,,,
6215,1999,9,16,21,30,0,0,,,,,,,,,,,,,,,,,,,,,,,,,,,,,,,,,,,,,,,
6216,1999,9,16,22,30,0,0,,,,,,,,,,,,,,,,,,,,,,,,,,,,,,,,,,,,,,,
6217,1999,9,16,23,30,0,0,,,,,,,,,,,,,,,,,,,,,,,,,,,,,,,,,,,,,,,
6218,1999,9,17,0,30,0,0,,,,,,,,,,,,,,,,,,,,,,,,,,,,,,,,,,,,,,,
6219,1999,9,17,1,30,0,0,,,,,,,,,,,,,,,,,,,,,,,,,,,,,,,,,,,,,,,
6220,1999,9,17,2,30,0,0,,,,,,,,,,,,,,,,,,,,,,,,,,,,,,,,,,,,,,,
6221,1999,9,17,3,30,0,0,,,,,,,,,,,,,,,,,,,,,,,,,,,,,,,,,,,,,,,
6222,1999,9,17,4,30,0,0,,,,,,,,,,,,,,,,,,,,,,,,,,,,,,,,,,,,,,,
6223,1999,9,17,5,30,0,0,,,,,,,,,,,,,,,,,,,,,,,,,,,,,,,,,,,,,,,
6224,1999,9,17,6,30,29,0,,,,,,,,,,,,,,,,,,,,,,,,,,,,,,,,,,,,,,,
6225,1999,9,17,7,30,203,91,,,,,,,,,,,,,,,,,,,,,,,,,,,,,,,,,,,,,,,
6226,1999,9,17,8,30,299,79,,,,,,,,,,,,,,,,,,,,,,,,,,,,,,,,,,,,,,,
6227,1999,9,17,9,30,257,10,,,,,,,,,,,,,,,,,,,,,,,,,,,,,,,,,,,,,,,
6228,1999,9,17,10,30,144,1,,,,,,,,,,,,,,,,,,,,,,,,,,,,,,,,,,,,,,,
6229,1999,9,17,11,30,378,21,,,,,,,,,,,,,,,,,,,,,,,,,,,,,,,,,,,,,,,
6230,1999,9,17,12,30,451,59,,,,,,,,,,,,,,,,,,,,,,,,,,,,,,,,,,,,,,,
6231,1999,9,17,13,30,351,23,,,,,,,,,,,,,,,,,,,,,,,,,,,,,,,,,,,,,,,
6232,1999,9,17,14,30,276,21,,,,,,,,,,,,,,,,,,,,,,,,,,,,,,,,,,,,,,,
6233,1999,9,17,15,30,324,134,,,,,,,,,,,,,,,,,,,,,,,,,,,,,,,,,,,,,,,
6234,1999,9,17,16,30,23,0,,,,,,,,,,,,,,,,,,,,,,,,,,,,,,,,,,,,,,,
6235,1999,9,17,17,30,39,3,,,,,,,,,,,,,,,,,,,,,,,,,,,,,,,,,,,,,,,
6236,1999,9,17,18,30,0,0,,,,,,,,,,,,,,,,,,,,,,,,,,,,,,,,,,,,,,,
6237,1999,9,17,19,30,0,0,,,,,,,,,,,,,,,,,,,,,,,,,,,,,,,,,,,,,,,
6238,1999,9,17,20,30,0,0,,,,,,,,,,,,,,,,,,,,,,,,,,,,,,,,,,,,,,,
6239,1999,9,17,21,30,0,0,,,,,,,,,,,,,,,,,,,,,,,,,,,,,,,,,,,,,,,
6240,1999,9,17,22,30,0,0,,,,,,,,,,,,,,,,,,,,,,,,,,,,,,,,,,,,,,,
6241,1999,9,17,23,30,0,0,,,,,,,,,,,,,,,,,,,,,,,,,,,,,,,,,,,,,,,
6242,1999,9,18,0,30,0,0,,,,,,,,,,,,,,,,,,,,,,,,,,,,,,,,,,,,,,,
6243,1999,9,18,1,30,0,0,,,,,,,,,,,,,,,,,,,,,,,,,,,,,,,,,,,,,,,
6244,1999,9,18,2,30,0,0,,,,,,,,,,,,,,,,,,,,,,,,,,,,,,,,,,,,,,,
6245,1999,9,18,3,30,0,0,,,,,,,,,,,,,,,,,,,,,,,,,,,,,,,,,,,,,,,
6246,1999,9,18,4,30,0,0,,,,,,,,,,,,,,,,,,,,,,,,,,,,,,,,,,,,,,,
6247,1999,9,18,5,30,0,0,,,,,,,,,,,,,,,,,,,,,,,,,,,,,,,,,,,,,,,
6248,1999,9,18,6,30,61,3,,,,,,,,,,,,,,,,,,,,,,,,,,,,,,,,,,,,,,,
6249,1999,9,18,7,30,220,80,,,,,,,,,,,,,,,,,,,,,,,,,,,,,,,,,,,,,,,
6250,1999,9,18,8,30,524,865,,,,,,,,,,,,,,,,,,,,,,,,,,,,,,,,,,,,,,,
6251,1999,9,18,9,30,702,926,,,,,,,,,,,,,,,,,,,,,,,,,,,,,,,,,,,,,,,
6252,1999,9,18,10,30,831,962,,,,,,,,,,,,,,,,,,,,,,,,,,,,,,,,,,,,,,,
6253,1999,9,18,11,30,446,26,,,,,,,,,,,,,,,,,,,,,,,,,,,,,,,,,,,,,,,
6254,1999,9,18,12,30,623,297,,,,,,,,,,,,,,,,,,,,,,,,,,,,,,,,,,,,,,,
6255,1999,9,18,13,30,798,811,,,,,,,,,,,,,,,,,,,,,,,,,,,,,,,,,,,,,,,
6256,1999,9,18,14,30,700,945,,,,,,,,,,,,,,,,,,,,,,,,,,,,,,,,,,,,,,,
6257,1999,9,18,15,30,315,57,,,,,,,,,,,,,,,,,,,,,,,,,,,,,,,,,,,,,,,
6258,1999,9,18,16,30,280,505,,,,,,,,,,,,,,,,,,,,,,,,,,,,,,,,,,,,,,,
6259,1999,9,18,17,30,59,7,,,,,,,,,,,,,,,,,,,,,,,,,,,,,,,,,,,,,,,
6260,1999,9,18,18,30,0,0,,,,,,,,,,,,,,,,,,,,,,,,,,,,,,,,,,,,,,,
6261,1999,9,18,19,30,0,0,,,,,,,,,,,,,,,,,,,,,,,,,,,,,,,,,,,,,,,
6262,1999,9,18,20,30,0,0,,,,,,,,,,,,,,,,,,,,,,,,,,,,,,,,,,,,,,,
6263,1999,9,18,21,30,0,0,,,,,,,,,,,,,,,,,,,,,,,,,,,,,,,,,,,,,,,
6264,1999,9,18,22,30,0,0,,,,,,,,,,,,,,,,,,,,,,,,,,,,,,,,,,,,,,,
6265,1999,9,18,23,30,0,0,,,,,,,,,,,,,,,,,,,,,,,,,,,,,,,,,,,,,,,
6266,1999,9,19,0,30,0,0,,,,,,,,,,,,,,,,,,,,,,,,,,,,,,,,,,,,,,,
6267,1999,9,19,1,30,0,0,,,,,,,,,,,,,,,,,,,,,,,,,,,,,,,,,,,,,,,
6268,1999,9,19,2,30,0,0,,,,,,,,,,,,,,,,,,,,,,,,,,,,,,,,,,,,,,,
6269,1999,9,19,3,30,0,0,,,,,,,,,,,,,,,,,,,,,,,,,,,,,,,,,,,,,,,
6270,1999,9,19,4,30,0,0,,,,,,,,,,,,,,,,,,,,,,,,,,,,,,,,,,,,,,,
6271,1999,9,19,5,30,0,0,,,,,,,,,,,,,,,,,,,,,,,,,,,,,,,,,,,,,,,
6272,1999,9,19,6,30,102,533,,,,,,,,,,,,,,,,,,,,,,,,,,,,,,,,,,,,,,,
6273,1999,9,19,7,30,319,791,,,,,,,,,,,,,,,,,,,,,,,,,,,,,,,,,,,,,,,
6274,1999,9,19,8,30,531,897,,,,,,,,,,,,,,,,,,,,,,,,,,,,,,,,,,,,,,,
6275,1999,9,19,9,30,449,97,,,,,,,,,,,,,,,,,,,,,,,,,,,,,,,,,,,,,,,
6276,1999,9,19,10,30,571,247,,,,,,,,,,,,,,,,,,,,,,,,,,,,,,,,,,,,,,,
6277,1999,9,19,11,30,898,984,,,,,,,,,,,,,,,,,,,,,,,,,,,,,,,,,,,,,,,
6278,1999,9,19,12,30,894,983,,,,,,,,,,,,,,,,,,,,,,,,,,,,,,,,,,,,,,,
6279,1999,9,19,13,30,824,971,,,,,,,,,,,,,,,,,,,,,,,,,,,,,,,,,,,,,,,
6280,1999,9,19,14,30,637,540,,,,,,,,,,,,,,,,,,,,,,,,,,,,,,,,,,,,,,,
6281,1999,9,19,15,30,346,207,,,,,,,,,,,,,,,,,,,,,,,,,,,,,,,,,,,,,,,
6282,1999,9,19,16,30,258,406,,,,,,,,,,,,,,,,,,,,,,,,,,,,,,,,,,,,,,,
6283,1999,9,19,17,30,85,491,,,,,,,,,,,,,,,,,,,,,,,,,,,,,,,,,,,,,,,
6284,1999,9,19,18,30,0,0,,,,,,,,,,,,,,,,,,,,,,,,,,,,,,,,,,,,,,,
6285,1999,9,19,19,30,0,0,,,,,,,,,,,,,,,,,,,,,,,,,,,,,,,,,,,,,,,
6286,1999,9,19,20,30,0,0,,,,,,,,,,,,,,,,,,,,,,,,,,,,,,,,,,,,,,,
6287,1999,9,19,21,30,0,0,,,,,,,,,,,,,,,,,,,,,,,,,,,,,,,,,,,,,,,
6288,1999,9,19,22,30,0,0,,,,,,,,,,,,,,,,,,,,,,,,,,,,,,,,,,,,,,,
6289,1999,9,19,23,30,0,0,,,,,,,,,,,,,,,,,,,,,,,,,,,,,,,,,,,,,,,
6290,1999,9,20,0,30,0,0,,,,,,,,,,,,,,,,,,,,,,,,,,,,,,,,,,,,,,,
6291,1999,9,20,1,30,0,0,,,,,,,,,,,,,,,,,,,,,,,,,,,,,,,,,,,,,,,
6292,1999,9,20,2,30,0,0,,,,,,,,,,,,,,,,,,,,,,,,,,,,,,,,,,,,,,,
6293,1999,9,20,3,30,0,0,,,,,,,,,,,,,,,,,,,,,,,,,,,,,,,,,,,,,,,
6294,1999,9,20,4,30,0,0,,,,,,,,,,,,,,,,,,,,,,,,,,,,,,,,,,,,,,,
6295,1999,9,20,5,30,0,0,,,,,,,,,,,,,,,,,,,,,,,,,,,,,,,,,,,,,,,
6296,1999,9,20,6,30,97,516,,,,,,,,,,,,,,,,,,,,,,,,,,,,,,,,,,,,,,,
6297,1999,9,20,7,30,313,784,,,,,,,,,,,,,,,,,,,,,,,,,,,,,,,,,,,,,,,
6298,1999,9,20,8,30,528,901,,,,,,,,,,,,,,,,,,,,,,,,,,,,,,,,,,,,,,,
6299,1999,9,20,9,30,706,956,,,,,,,,,,,,,,,,,,,,,,,,,,,,,,,,,,,,,,,
6300,1999,9,20,10,30,833,986,,,,,,,,,,,,,,,,,,,,,,,,,,,,,,,,,,,,,,,
6301,1999,9,20,11,30,420,13,,,,,,,,,,,,,,,,,,,,,,,,,,,,,,,,,,,,,,,
6302,1999,9,20,12,30,775,458,,,,,,,,,,,,,,,,,,,,,,,,,,,,,,,,,,,,,,,
6303,1999,9,20,13,30,778,620,,,,,,,,,,,,,,,,,,,,,,,,,,,,,,,,,,,,,,,
6304,1999,9,20,14,30,69,0,,,,,,,,,,,,,,,,,,,,,,,,,,,,,,,,,,,,,,,
6305,1999,9,20,15,30,432,502,,,,,,,,,,,,,,,,,,,,,,,,,,,,,,,,,,,,,,,
6306,1999,9,20,16,30,214,233,,,,,,,,,,,,,,,,,,,,,,,,,,,,,,,,,,,,,,,
6307,1999,9,20,17,30,58,26,,,,,,,,,,,,,,,,,,,,,,,,,,,,,,,,,,,,,,,
6308,1999,9,20,18,30,0,0,,,,,,,,,,,,,,,,,,,,,,,,,,,,,,,,,,,,,,,
6309,1999,9,20,19,30,0,0,,,,,,,,,,,,,,,,,,,,,,,,,,,,,,,,,,,,,,,
6310,1999,9,20,20,30,0,0,,,,,,,,,,,,,,,,,,,,,,,,,,,,,,,,,,,,,,,
6311,1999,9,20,21,30,0,0,,,,,,,,,,,,,,,,,,,,,,,,,,,,,,,,,,,,,,,
6312,1999,9,20,22,30,0,0,,,,,,,,,,,,,,,,,,,,,,,,,,,,,,,,,,,,,,,
6313,1999,9,20,23,30,0,0,,,,,,,,,,,,,,,,,,,,,,,,,,,,,,,,,,,,,,,
6314,1999,9,21,0,30,0,0,,,,,,,,,,,,,,,,,,,,,,,,,,,,,,,,,,,,,,,
6315,1999,9,21,1,30,0,0,,,,,,,,,,,,,,,,,,,,,,,,,,,,,,,,,,,,,,,
6316,1999,9,21,2,30,0,0,,,,,,,,,,,,,,,,,,,,,,,,,,,,,,,,,,,,,,,
6317,1999,9,21,3,30,0,0,,,,,,,,,,,,,,,,,,,,,,,,,,,,,,,,,,,,,,,
6318,1999,9,21,4,30,0,0,,,,,,,,,,,,,,,,,,,,,,,,,,,,,,,,,,,,,,,
6319,1999,9,21,5,30,0,0,,,,,,,,,,,,,,,,,,,,,,,,,,,,,,,,,,,,,,,
6320,1999,9,21,6,30,30,0,,,,,,,,,,,,,,,,,,,,,,,,,,,,,,,,,,,,,,,
6321,1999,9,21,7,30,101,0,,,,,,,,,,,,,,,,,,,,,,,,,,,,,,,,,,,,,,,
6322,1999,9,21,8,30,175,1,,,,,,,,,,,,,,,,,,,,,,,,,,,,,,,,,,,,,,,
6323,1999,9,21,9,30,540,234,,,,,,,,,,,,,,,,,,,,,,,,,,,,,,,,,,,,,,,
6324,1999,9,21,10,30,834,983,,,,,,,,,,,,,,,,,,,,,,,,,,,,,,,,,,,,,,,
6325,1999,9,21,11,30,899,1000,,,,,,,,,,,,,,,,,,,,,,,,,,,,,,,,,,,,,,,
6326,1999,9,21,12,30,895,999,,,,,,,,,,,,,,,,,,,,,,,,,,,,,,,,,,,,,,,
6327,1999,9,21,13,30,827,989,,,,,,,,,,,,,,,,,,,,,,,,,,,,,,,,,,,,,,,
6328,1999,9,21,14,30,694,960,,,,,,,,,,,,,,,,,,,,,,,,,,,,,,,,,,,,,,,
6329,1999,9,21,15,30,510,901,,,,,,,,,,,,,,,,,,,,,,,,,,,,,,,,,,,,,,,
6330,1999,9,21,16,30,295,789,,,,,,,,,,,,,,,,,,,,,,,,,,,,,,,,,,,,,,,
6331,1999,9,21,17,30,78,492,,,,,,,,,,,,,,,,,,,,,,,,,,,,,,,,,,,,,,,
6332,1999,9,21,18,30,0,0,,,,,,,,,,,,,,,,,,,,,,,,,,,,,,,,,,,,,,,
6333,1999,9,21,19,30,0,0,,,,,,,,,,,,,,,,,,,,,,,,,,,,,,,,,,,,,,,
6334,1999,9,21,20,30,0,0,,,,,,,,,,,,,,,,,,,,,,,,,,,,,,,,,,,,,,,
6335,1999,9,21,21,30,0,0,,,,,,,,,,,,,,,,,,,,,,,,,,,,,,,,,,,,,,,
6336,1999,9,21,22,30,0,0,,,,,,,,,,,,,,,,,,,,,,,,,,,,,,,,,,,,,,,
6337,1999,9,21,23,30,0,0,,,,,,,,,,,,,,,,,,,,,,,,,,,,,,,,,,,,,,,
6338,1999,9,22,0,30,0,0,,,,,,,,,,,,,,,,,,,,,,,,,,,,,,,,,,,,,,,
6339,1999,9,22,1,30,0,0,,,,,,,,,,,,,,,,,,,,,,,,,,,,,,,,,,,,,,,
6340,1999,9,22,2,30,0,0,,,,,,,,,,,,,,,,,,,,,,,,,,,,,,,,,,,,,,,
6341,1999,9,22,3,30,0,0,,,,,,,,,,,,,,,,,,,,,,,,,,,,,,,,,,,,,,,
6342,1999,9,22,4,30,0,0,,,,,,,,,,,,,,,,,,,,,,,,,,,,,,,,,,,,,,,
6343,1999,9,22,5,30,0,0,,,,,,,,,,,,,,,,,,,,,,,,,,,,,,,,,,,,,,,
6344,1999,9,22,6,30,93,492,,,,,,,,,,,,,,,,,,,,,,,,,,,,,,,,,,,,,,,
6345,1999,9,22,7,30,309,771,,,,,,,,,,,,,,,,,,,,,,,,,,,,,,,,,,,,,,,
6346,1999,9,22,8,30,519,880,,,,,,,,,,,,,,,,,,,,,,,,,,,,,,,,,,,,,,,
6347,1999,9,22,9,30,698,940,,,,,,,,,,,,,,,,,,,,,,,,,,,,,,,,,,,,,,,
6348,1999,9,22,10,30,822,967,,,,,,,,,,,,,,,,,,,,,,,,,,,,,,,,,,,,,,,
6349,1999,9,22,11,30,886,980,,,,,,,,,,,,,,,,,,,,,,,,,,,,,,,,,,,,,,,
6350,1999,9,22,12,30,756,433,,,,,,,,,,,,,,,,,,,,,,,,,,,,,,,,,,,,,,,
6351,1999,9,22,13,30,712,634,,,,,,,,,,,,,,,,,,,,,,,,,,,,,,,,,,,,,,,
6352,1999,9,22,14,30,669,916,,,,,,,,,,,,,,,,,,,,,,,,,,,,,,,,,,,,,,,
6353,1999,9,22,15,30,454,617,,,,,,,,,,,,,,,,,,,,,,,,,,,,,,,,,,,,,,,
6354,1999,9,22,16,30,220,293,,,,,,,,,,,,,,,,,,,,,,,,,,,,,,,,,,,,,,,
6355,1999,9,22,17,30,42,6,,,,,,,,,,,,,,,,,,,,,,,,,,,,,,,,,,,,,,,
6356,1999,9,22,18,30,0,0,,,,,,,,,,,,,,,,,,,,,,,,,,,,,,,,,,,,,,,
6357,1999,9,22,19,30,0,0,,,,,,,,,,,,,,,,,,,,,,,,,,,,,,,,,,,,,,,
6358,1999,9,22,20,30,0,0,,,,,,,,,,,,,,,,,,,,,,,,,,,,,,,,,,,,,,,
6359,1999,9,22,21,30,0,0,,,,,,,,,,,,,,,,,,,,,,,,,,,,,,,,,,,,,,,
6360,1999,9,22,22,30,0,0,,,,,,,,,,,,,,,,,,,,,,,,,,,,,,,,,,,,,,,
6361,1999,9,22,23,30,0,0,,,,,,,,,,,,,,,,,,,,,,,,,,,,,,,,,,,,,,,
6362,1999,9,23,0,30,0,0,,,,,,,,,,,,,,,,,,,,,,,,,,,,,,,,,,,,,,,
6363,1999,9,23,1,30,0,0,,,,,,,,,,,,,,,,,,,,,,,,,,,,,,,,,,,,,,,
6364,1999,9,23,2,30,0,0,,,,,,,,,,,,,,,,,,,,,,,,,,,,,,,,,,,,,,,
6365,1999,9,23,3,30,0,0,,,,,,,,,,,,,,,,,,,,,,,,,,,,,,,,,,,,,,,
6366,1999,9,23,4,30,0,0,,,,,,,,,,,,,,,,,,,,,,,,,,,,,,,,,,,,,,,
6367,1999,9,23,5,30,0,0,,,,,,,,,,,,,,,,,,,,,,,,,,,,,,,,,,,,,,,
6368,1999,9,23,6,30,63,25,,,,,,,,,,,,,,,,,,,,,,,,,,,,,,,,,,,,,,,
6369,1999,9,23,7,30,26,0,,,,,,,,,,,,,,,,,,,,,,,,,,,,,,,,,,,,,,,
6370,1999,9,23,8,30,235,11,,,,,,,,,,,,,,,,,,,,,,,,,,,,,,,,,,,,,,,
6371,1999,9,23,9,30,423,85,,,,,,,,,,,,,,,,,,,,,,,,,,,,,,,,,,,,,,,
6372,1999,9,23,10,30,800,930,,,,,,,,,,,,,,,,,,,,,,,,,,,,,,,,,,,,,,,
6373,1999,9,23,11,30,799,723,,,,,,,,,,,,,,,,,,,,,,,,,,,,,,,,,,,,,,,
6374,1999,9,23,12,30,751,625,,,,,,,,,,,,,,,,,,,,,,,,,,,,,,,,,,,,,,,
6375,1999,9,23,13,30,635,470,,,,,,,,,,,,,,,,,,,,,,,,,,,,,,,,,,,,,,,
6376,1999,9,23,14,30,322,50,,,,,,,,,,,,,,,,,,,,,,,,,,,,,,,,,,,,,,,
6377,1999,9,23,15,30,310,146,,,,,,,,,,,,,,,,,,,,,,,,,,,,,,,,,,,,,,,
6378,1999,9,23,16,30,88,5,,,,,,,,,,,,,,,,,,,,,,,,,,,,,,,,,,,,,,,
6379,1999,9,23,17,30,19,0,,,,,,,,,,,,,,,,,,,,,,,,,,,,,,,,,,,,,,,
6380,1999,9,23,18,30,0,0,,,,,,,,,,,,,,,,,,,,,,,,,,,,,,,,,,,,,,,
6381,1999,9,23,19,30,0,0,,,,,,,,,,,,,,,,,,,,,,,,,,,,,,,,,,,,,,,
6382,1999,9,23,20,30,0,0,,,,,,,,,,,,,,,,,,,,,,,,,,,,,,,,,,,,,,,
6383,1999,9,23,21,30,0,0,,,,,,,,,,,,,,,,,,,,,,,,,,,,,,,,,,,,,,,
6384,1999,9,23,22,30,0,0,,,,,,,,,,,,,,,,,,,,,,,,,,,,,,,,,,,,,,,
6385,1999,9,23,23,30,0,0,,,,,,,,,,,,,,,,,,,,,,,,,,,,,,,,,,,,,,,
6386,1999,9,24,0,30,0,0,,,,,,,,,,,,,,,,,,,,,,,,,,,,,,,,,,,,,,,
6387,1999,9,24,1,30,0,0,,,,,,,,,,,,,,,,,,,,,,,,,,,,,,,,,,,,,,,
6388,1999,9,24,2,30,0,0,,,,,,,,,,,,,,,,,,,,,,,,,,,,,,,,,,,,,,,
6389,1999,9,24,3,30,0,0,,,,,,,,,,,,,,,,,,,,,,,,,,,,,,,,,,,,,,,
6390,1999,9,24,4,30,0,0,,,,,,,,,,,,,,,,,,,,,,,,,,,,,,,,,,,,,,,
6391,1999,9,24,5,30,0,0,,,,,,,,,,,,,,,,,,,,,,,,,,,,,,,,,,,,,,,
6392,1999,9,24,6,30,87,481,,,,,,,,,,,,,,,,,,,,,,,,,,,,,,,,,,,,,,,
6393,1999,9,24,7,30,301,770,,,,,,,,,,,,,,,,,,,,,,,,,,,,,,,,,,,,,,,
6394,1999,9,24,8,30,514,893,,,,,,,,,,,,,,,,,,,,,,,,,,,,,,,,,,,,,,,
6395,1999,9,24,9,30,693,950,,,,,,,,,,,,,,,,,,,,,,,,,,,,,,,,,,,,,,,
6396,1999,9,24,10,30,821,981,,,,,,,,,,,,,,,,,,,,,,,,,,,,,,,,,,,,,,,
6397,1999,9,24,11,30,885,999,,,,,,,,,,,,,,,,,,,,,,,,,,,,,,,,,,,,,,,
6398,1999,9,24,12,30,881,999,,,,,,,,,,,,,,,,,,,,,,,,,,,,,,,,,,,,,,,
6399,1999,9,24,13,30,808,985,,,,,,,,,,,,,,,,,,,,,,,,,,,,,,,,,,,,,,,
6400,1999,9,24,14,30,675,954,,,,,,,,,,,,,,,,,,,,,,,,,,,,,,,,,,,,,,,
6401,1999,9,24,15,30,489,887,,,,,,,,,,,,,,,,,,,,,,,,,,,,,,,,,,,,,,,
6402,1999,9,24,16,30,273,759,,,,,,,,,,,,,,,,,,,,,,,,,,,,,,,,,,,,,,,
6403,1999,9,24,17,30,63,434,,,,,,,,,,,,,,,,,,,,,,,,,,,,,,,,,,,,,,,
6404,1999,9,24,18,30,0,0,,,,,,,,,,,,,,,,,,,,,,,,,,,,,,,,,,,,,,,
6405,1999,9,24,19,30,0,0,,,,,,,,,,,,,,,,,,,,,,,,,,,,,,,,,,,,,,,
6406,1999,9,24,20,30,0,0,,,,,,,,,,,,,,,,,,,,,,,,,,,,,,,,,,,,,,,
6407,1999,9,24,21,30,0,0,,,,,,,,,,,,,,,,,,,,,,,,,,,,,,,,,,,,,,,
6408,1999,9,24,22,30,0,0,,,,,,,,,,,,,,,,,,,,,,,,,,,,,,,,,,,,,,,
6409,1999,9,24,23,30,0,0,,,,,,,,,,,,,,,,,,,,,,,,,,,,,,,,,,,,,,,
6410,1999,9,25,0,30,0,0,,,,,,,,,,,,,,,,,,,,,,,,,,,,,,,,,,,,,,,
6411,1999,9,25,1,30,0,0,,,,,,,,,,,,,,,,,,,,,,,,,,,,,,,,,,,,,,,
6412,1999,9,25,2,30,0,0,,,,,,,,,,,,,,,,,,,,,,,,,,,,,,,,,,,,,,,
6413,1999,9,25,3,30,0,0,,,,,,,,,,,,,,,,,,,,,,,,,,,,,,,,,,,,,,,
6414,1999,9,25,4,30,0,0,,,,,,,,,,,,,,,,,,,,,,,,,,,,,,,,,,,,,,,
6415,1999,9,25,5,30,0,0,,,,,,,,,,,,,,,,,,,,,,,,,,,,,,,,,,,,,,,
6416,1999,9,25,6,30,85,484,,,,,,,,,,,,,,,,,,,,,,,,,,,,,,,,,,,,,,,
6417,1999,9,25,7,30,299,768,,,,,,,,,,,,,,,,,,,,,,,,,,,,,,,,,,,,,,,
6418,1999,9,25,8,30,511,891,,,,,,,,,,,,,,,,,,,,,,,,,,,,,,,,,,,,,,,
6419,1999,9,25,9,30,688,947,,,,,,,,,,,,,,,,,,,,,,,,,,,,,,,,,,,,,,,
6420,1999,9,25,10,30,812,975,,,,,,,,,,,,,,,,,,,,,,,,,,,,,,,,,,,,,,,
6421,1999,9,25,11,30,877,994,,,,,,,,,,,,,,,,,,,,,,,,,,,,,,,,,,,,,,,
6422,1999,9,25,12,30,873,993,,,,,,,,,,,,,,,,,,,,,,,,,,,,,,,,,,,,,,,
6423,1999,9,25,13,30,800,977,,,,,,,,,,,,,,,,,,,,,,,,,,,,,,,,,,,,,,,
6424,1999,9,25,14,30,668,951,,,,,,,,,,,,,,,,,,,,,,,,,,,,,,,,,,,,,,,
6425,1999,9,25,15,30,486,894,,,,,,,,,,,,,,,,,,,,,,,,,,,,,,,,,,,,,,,
6426,1999,9,25,16,30,270,769,,,,,,,,,,,,,,,,,,,,,,,,,,,,,,,,,,,,,,,
6427,1999,9,25,17,30,60,443,,,,,,,,,,,,,,,,,,,,,,,,,,,,,,,,,,,,,,,
6428,1999,9,25,18,30,0,0,,,,,,,,,,,,,,,,,,,,,,,,,,,,,,,,,,,,,,,
6429,1999,9,25,19,30,0,0,,,,,,,,,,,,,,,,,,,,,,,,,,,,,,,,,,,,,,,
6430,1999,9,25,20,30,0,0,,,,,,,,,,,,,,,,,,,,,,,,,,,,,,,,,,,,,,,
6431,1999,9,25,21,30,0,0,,,,,,,,,,,,,,,,,,,,,,,,,,,,,,,,,,,,,,,
6432,1999,9,25,22,30,0,0,,,,,,,,,,,,,,,,,,,,,,,,,,,,,,,,,,,,,,,
6433,1999,9,25,23,30,0,0,,,,,,,,,,,,,,,,,,,,,,,,,,,,,,,,,,,,,,,
6434,1999,9,26,0,30,0,0,,,,,,,,,,,,,,,,,,,,,,,,,,,,,,,,,,,,,,,
6435,1999,9,26,1,30,0,0,,,,,,,,,,,,,,,,,,,,,,,,,,,,,,,,,,,,,,,
6436,1999,9,26,2,30,0,0,,,,,,,,,,,,,,,,,,,,,,,,,,,,,,,,,,,,,,,
6437,1999,9,26,3,30,0,0,,,,,,,,,,,,,,,,,,,,,,,,,,,,,,,,,,,,,,,
6438,1999,9,26,4,30,0,0,,,,,,,,,,,,,,,,,,,,,,,,,,,,,,,,,,,,,,,
6439,1999,9,26,5,30,0,0,,,,,,,,,,,,,,,,,,,,,,,,,,,,,,,,,,,,,,,
6440,1999,9,26,6,30,87,541,,,,,,,,,,,,,,,,,,,,,,,,,,,,,,,,,,,,,,,
6441,1999,9,26,7,30,305,820,,,,,,,,,,,,,,,,,,,,,,,,,,,,,,,,,,,,,,,
6442,1999,9,26,8,30,520,932,,,,,,,,,,,,,,,,,,,,,,,,,,,,,,,,,,,,,,,
6443,1999,9,26,9,30,698,987,,,,,,,,,,,,,,,,,,,,,,,,,,,,,,,,,,,,,,,
6444,1999,9,26,10,30,825,1016,,,,,,,,,,,,,,,,,,,,,,,,,,,,,,,,,,,,,,,
6445,1999,9,26,11,30,888,1028,,,,,,,,,,,,,,,,,,,,,,,,,,,,,,,,,,,,,,,
6446,1999,9,26,12,30,883,1027,,,,,,,,,,,,,,,,,,,,,,,,,,,,,,,,,,,,,,,
6447,1999,9,26,13,30,809,1013,,,,,,,,,,,,,,,,,,,,,,,,,,,,,,,,,,,,,,,
6448,1999,9,26,14,30,674,981,,,,,,,,,,,,,,,,,,,,,,,,,,,,,,,,,,,,,,,
6449,1999,9,26,15,30,490,929,,,,,,,,,,,,,,,,,,,,,,,,,,,,,,,,,,,,,,,
6450,1999,9,26,16,30,272,811,,,,,,,,,,,,,,,,,,,,,,,,,,,,,,,,,,,,,,,
6451,1999,9,26,17,30,59,488,,,,,,,,,,,,,,,,,,,,,,,,,,,,,,,,,,,,,,,
6452,1999,9,26,18,30,0,0,,,,,,,,,,,,,,,,,,,,,,,,,,,,,,,,,,,,,,,
6453,1999,9,26,19,30,0,0,,,,,,,,,,,,,,,,,,,,,,,,,,,,,,,,,,,,,,,
6454,1999,9,26,20,30,0,0,,,,,,,,,,,,,,,,,,,,,,,,,,,,,,,,,,,,,,,
6455,1999,9,26,21,30,0,0,,,,,,,,,,,,,,,,,,,,,,,,,,,,,,,,,,,,,,,
6456,1999,9,26,22,30,0,0,,,,,,,,,,,,,,,,,,,,,,,,,,,,,,,,,,,,,,,
6457,1999,9,26,23,30,0,0,,,,,,,,,,,,,,,,,,,,,,,,,,,,,,,,,,,,,,,
6458,1999,9,27,0,30,0,0,,,,,,,,,,,,,,,,,,,,,,,,,,,,,,,,,,,,,,,
6459,1999,9,27,1,30,0,0,,,,,,,,,,,,,,,,,,,,,,,,,,,,,,,,,,,,,,,
6460,1999,9,27,2,30,0,0,,,,,,,,,,,,,,,,,,,,,,,,,,,,,,,,,,,,,,,
6461,1999,9,27,3,30,0,0,,,,,,,,,,,,,,,,,,,,,,,,,,,,,,,,,,,,,,,
6462,1999,9,27,4,30,0,0,,,,,,,,,,,,,,,,,,,,,,,,,,,,,,,,,,,,,,,
6463,1999,9,27,5,30,0,0,,,,,,,,,,,,,,,,,,,,,,,,,,,,,,,,,,,,,,,
6464,1999,9,27,6,30,87,560,,,,,,,,,,,,,,,,,,,,,,,,,,,,,,,,,,,,,,,
6465,1999,9,27,7,30,306,835,,,,,,,,,,,,,,,,,,,,,,,,,,,,,,,,,,,,,,,
6466,1999,9,27,8,30,522,945,,,,,,,,,,,,,,,,,,,,,,,,,,,,,,,,,,,,,,,
6467,1999,9,27,9,30,702,998,,,,,,,,,,,,,,,,,,,,,,,,,,,,,,,,,,,,,,,
6468,1999,9,27,10,30,829,1024,,,,,,,,,,,,,,,,,,,,,,,,,,,,,,,,,,,,,,,
6469,1999,9,27,11,30,888,1031,,,,,,,,,,,,,,,,,,,,,,,,,,,,,,,,,,,,,,,
6470,1999,9,27,12,30,882,1029,,,,,,,,,,,,,,,,,,,,,,,,,,,,,,,,,,,,,,,
6471,1999,9,27,13,30,808,1015,,,,,,,,,,,,,,,,,,,,,,,,,,,,,,,,,,,,,,,
6472,1999,9,27,14,30,671,983,,,,,,,,,,,,,,,,,,,,,,,,,,,,,,,,,,,,,,,
6473,1999,9,27,15,30,485,924,,,,,,,,,,,,,,,,,,,,,,,,,,,,,,,,,,,,,,,
6474,1999,9,27,16,30,266,801,,,,,,,,,,,,,,,,,,,,,,,,,,,,,,,,,,,,,,,
6475,1999,9,27,17,30,54,463,,,,,,,,,,,,,,,,,,,,,,,,,,,,,,,,,,,,,,,
6476,1999,9,27,18,30,0,0,,,,,,,,,,,,,,,,,,,,,,,,,,,,,,,,,,,,,,,
6477,1999,9,27,19,30,0,0,,,,,,,,,,,,,,,,,,,,,,,,,,,,,,,,,,,,,,,
6478,1999,9,27,20,30,0,0,,,,,,,,,,,,,,,,,,,,,,,,,,,,,,,,,,,,,,,
6479,1999,9,27,21,30,0,0,,,,,,,,,,,,,,,,,,,,,,,,,,,,,,,,,,,,,,,
6480,1999,9,27,22,30,0,0,,,,,,,,,,,,,,,,,,,,,,,,,,,,,,,,,,,,,,,
6481,1999,9,27,23,30,0,0,,,,,,,,,,,,,,,,,,,,,,,,,,,,,,,,,,,,,,,
6482,1999,9,28,0,30,0,0,,,,,,,,,,,,,,,,,,,,,,,,,,,,,,,,,,,,,,,
6483,1999,9,28,1,30,0,0,,,,,,,,,,,,,,,,,,,,,,,,,,,,,,,,,,,,,,,
6484,1999,9,28,2,30,0,0,,,,,,,,,,,,,,,,,,,,,,,,,,,,,,,,,,,,,,,
6485,1999,9,28,3,30,0,0,,,,,,,,,,,,,,,,,,,,,,,,,,,,,,,,,,,,,,,
6486,1999,9,28,4,30,0,0,,,,,,,,,,,,,,,,,,,,,,,,,,,,,,,,,,,,,,,
6487,1999,9,28,5,30,0,0,,,,,,,,,,,,,,,,,,,,,,,,,,,,,,,,,,,,,,,
6488,1999,9,28,6,30,54,6,,,,,,,,,,,,,,,,,,,,,,,,,,,,,,,,,,,,,,,
6489,1999,9,28,7,30,305,828,,,,,,,,,,,,,,,,,,,,,,,,,,,,,,,,,,,,,,,
6490,1999,9,28,8,30,525,953,,,,,,,,,,,,,,,,,,,,,,,,,,,,,,,,,,,,,,,
6491,1999,9,28,9,30,712,1018,,,,,,,,,,,,,,,,,,,,,,,,,,,,,,,,,,,,,,,
6492,1999,9,28,10,30,840,1047,,,,,,,,,,,,,,,,,,,,,,,,,,,,,,,,,,,,,,,
6493,1999,9,28,11,30,911,1071,,,,,,,,,,,,,,,,,,,,,,,,,,,,,,,,,,,,,,,
6494,1999,9,28,12,30,905,1070,,,,,,,,,,,,,,,,,,,,,,,,,,,,,,,,,,,,,,,
6495,1999,9,28,13,30,829,1055,,,,,,,,,,,,,,,,,,,,,,,,,,,,,,,,,,,,,,,
6496,1999,9,28,14,30,689,1025,,,,,,,,,,,,,,,,,,,,,,,,,,,,,,,,,,,,,,,
6497,1999,9,28,15,30,497,968,,,,,,,,,,,,,,,,,,,,,,,,,,,,,,,,,,,,,,,
6498,1999,9,28,16,30,273,848,,,,,,,,,,,,,,,,,,,,,,,,,,,,,,,,,,,,,,,
6499,1999,9,28,17,30,54,505,,,,,,,,,,,,,,,,,,,,,,,,,,,,,,,,,,,,,,,
6500,1999,9,28,18,30,0,0,,,,,,,,,,,,,,,,,,,,,,,,,,,,,,,,,,,,,,,
6501,1999,9,28,19,30,0,0,,,,,,,,,,,,,,,,,,,,,,,,,,,,,,,,,,,,,,,
6502,1999,9,28,20,30,0,0,,,,,,,,,,,,,,,,,,,,,,,,,,,,,,,,,,,,,,,
6503,1999,9,28,21,30,0,0,,,,,,,,,,,,,,,,,,,,,,,,,,,,,,,,,,,,,,,
6504,1999,9,28,22,30,0,0,,,,,,,,,,,,,,,,,,,,,,,,,,,,,,,,,,,,,,,
6505,1999,9,28,23,30,0,0,,,,,,,,,,,,,,,,,,,,,,,,,,,,,,,,,,,,,,,
6506,1999,9,29,0,30,0,0,,,,,,,,,,,,,,,,,,,,,,,,,,,,,,,,,,,,,,,
6507,1999,9,29,1,30,0,0,,,,,,,,,,,,,,,,,,,,,,,,,,,,,,,,,,,,,,,
6508,1999,9,29,2,30,0,0,,,,,,,,,,,,,,,,,,,,,,,,,,,,,,,,,,,,,,,
6509,1999,9,29,3,30,0,0,,,,,,,,,,,,,,,,,,,,,,,,,,,,,,,,,,,,,,,
6510,1999,9,29,4,30,0,0,,,,,,,,,,,,,,,,,,,,,,,,,,,,,,,,,,,,,,,
6511,1999,9,29,5,30,0,0,,,,,,,,,,,,,,,,,,,,,,,,,,,,,,,,,,,,,,,
6512,1999,9,29,6,30,85,567,,,,,,,,,,,,,,,,,,,,,,,,,,,,,,,,,,,,,,,
6513,1999,9,29,7,30,308,854,,,,,,,,,,,,,,,,,,,,,,,,,,,,,,,,,,,,,,,
6514,1999,9,29,8,30,527,964,,,,,,,,,,,,,,,,,,,,,,,,,,,,,,,,,,,,,,,
6515,1999,9,29,9,30,708,1018,,,,,,,,,,,,,,,,,,,,,,,,,,,,,,,,,,,,,,,
6516,1999,9,29,10,30,836,1046,,,,,,,,,,,,,,,,,,,,,,,,,,,,,,,,,,,,,,,
6517,1999,9,29,11,30,899,1059,,,,,,,,,,,,,,,,,,,,,,,,,,,,,,,,,,,,,,,
6518,1999,9,29,12,30,892,1059,,,,,,,,,,,,,,,,,,,,,,,,,,,,,,,,,,,,,,,
6519,1999,9,29,13,30,815,1046,,,,,,,,,,,,,,,,,,,,,,,,,,,,,,,,,,,,,,,
6520,1999,9,29,14,30,676,1015,,,,,,,,,,,,,,,,,,,,,,,,,,,,,,,,,,,,,,,
6521,1999,9,29,15,30,486,958,,,,,,,,,,,,,,,,,,,,,,,,,,,,,,,,,,,,,,,
6522,1999,9,29,16,30,264,836,,,,,,,,,,,,,,,,,,,,,,,,,,,,,,,,,,,,,,,
6523,1999,9,29,17,30,49,487,,,,,,,,,,,,,,,,,,,,,,,,,,,,,,,,,,,,,,,
6524,1999,9,29,18,30,0,0,,,,,,,,,,,,,,,,,,,,,,,,,,,,,,,,,,,,,,,
6525,1999,9,29,19,30,0,0,,,,,,,,,,,,,,,,,,,,,,,,,,,,,,,,,,,,,,,
6526,1999,9,29,20,30,0,0,,,,,,,,,,,,,,,,,,,,,,,,,,,,,,,,,,,,,,,
6527,1999,9,29,21,30,0,0,,,,,,,,,,,,,,,,,,,,,,,,,,,,,,,,,,,,,,,
6528,1999,9,29,22,30,0,0,,,,,,,,,,,,,,,,,,,,,,,,,,,,,,,,,,,,,,,
6529,1999,9,29,23,30,0,0,,,,,,,,,,,,,,,,,,,,,,,,,,,,,,,,,,,,,,,
6530,1999,9,30,0,30,0,0,,,,,,,,,,,,,,,,,,,,,,,,,,,,,,,,,,,,,,,
6531,1999,9,30,1,30,0,0,,,,,,,,,,,,,,,,,,,,,,,,,,,,,,,,,,,,,,,
6532,1999,9,30,2,30,0,0,,,,,,,,,,,,,,,,,,,,,,,,,,,,,,,,,,,,,,,
6533,1999,9,30,3,30,0,0,,,,,,,,,,,,,,,,,,,,,,,,,,,,,,,,,,,,,,,
6534,1999,9,30,4,30,0,0,,,,,,,,,,,,,,,,,,,,,,,,,,,,,,,,,,,,,,,
6535,1999,9,30,5,30,0,0,,,,,,,,,,,,,,,,,,,,,,,,,,,,,,,,,,,,,,,
6536,1999,9,30,6,30,81,552,,,,,,,,,,,,,,,,,,,,,,,,,,,,,,,,,,,,,,,
6537,1999,9,30,7,30,299,838,,,,,,,,,,,,,,,,,,,,,,,,,,,,,,,,,,,,,,,
6538,1999,9,30,8,30,518,959,,,,,,,,,,,,,,,,,,,,,,,,,,,,,,,,,,,,,,,
6539,1999,9,30,9,30,698,1014,,,,,,,,,,,,,,,,,,,,,,,,,,,,,,,,,,,,,,,
6540,1999,9,30,10,30,825,1041,,,,,,,,,,,,,,,,,,,,,,,,,,,,,,,,,,,,,,,
6541,1999,9,30,11,30,886,1055,,,,,,,,,,,,,,,,,,,,,,,,,,,,,,,,,,,,,,,
6542,1999,9,30,12,30,879,1054,,,,,,,,,,,,,,,,,,,,,,,,,,,,,,,,,,,,,,,
6543,1999,9,30,13,30,803,1039,,,,,,,,,,,,,,,,,,,,,,,,,,,,,,,,,,,,,,,
6544,1999,9,30,14,30,664,1009,,,,,,,,,,,,,,,,,,,,,,,,,,,,,,,,,,,,,,,
6545,1999,9,30,15,30,475,950,,,,,,,,,,,,,,,,,,,,,,,,,,,,,,,,,,,,,,,
6546,1999,9,30,16,30,255,824,,,,,,,,,,,,,,,,,,,,,,,,,,,,,,,,,,,,,,,
6547,1999,9,30,17,30,43,455,,,,,,,,,,,,,,,,,,,,,,,,,,,,,,,,,,,,,,,
6548,1999,9,30,18,30,0,0,,,,,,,,,,,,,,,,,,,,,,,,,,,,,,,,,,,,,,,
6549,1999,9,30,19,30,0,0,,,,,,,,,,,,,,,,,,,,,,,,,,,,,,,,,,,,,,,
6550,1999,9,30,20,30,0,0,,,,,,,,,,,,,,,,,,,,,,,,,,,,,,,,,,,,,,,
6551,1999,9,30,21,30,0,0,,,,,,,,,,,,,,,,,,,,,,,,,,,,,,,,,,,,,,,
6552,1999,9,30,22,30,0,0,,,,,,,,,,,,,,,,,,,,,,,,,,,,,,,,,,,,,,,
6553,1999,9,30,23,30,0,0,,,,,,,,,,,,,,,,,,,,,,,,,,,,,,,,,,,,,,,
6554,1999,10,1,0,30,0,0,,,,,,,,,,,,,,,,,,,,,,,,,,,,,,,,,,,,,,,
6555,1999,10,1,1,30,0,0,,,,,,,,,,,,,,,,,,,,,,,,,,,,,,,,,,,,,,,
6556,1999,10,1,2,30,0,0,,,,,,,,,,,,,,,,,,,,,,,,,,,,,,,,,,,,,,,
6557,1999,10,1,3,30,0,0,,,,,,,,,,,,,,,,,,,,,,,,,,,,,,,,,,,,,,,
6558,1999,10,1,4,30,0,0,,,,,,,,,,,,,,,,,,,,,,,,,,,,,,,,,,,,,,,
6559,1999,10,1,5,30,0,0,,,,,,,,,,,,,,,,,,,,,,,,,,,,,,,,,,,,,,,
6560,1999,10,1,6,30,77,524,,,,,,,,,,,,,,,,,,,,,,,,,,,,,,,,,,,,,,,
6561,1999,10,1,7,30,296,829,,,,,,,,,,,,,,,,,,,,,,,,,,,,,,,,,,,,,,,
6562,1999,10,1,8,30,512,944,,,,,,,,,,,,,,,,,,,,,,,,,,,,,,,,,,,,,,,
6563,1999,10,1,9,30,691,1000,,,,,,,,,,,,,,,,,,,,,,,,,,,,,,,,,,,,,,,
6564,1999,10,1,10,30,818,1028,,,,,,,,,,,,,,,,,,,,,,,,,,,,,,,,,,,,,,,
6565,1999,10,1,11,30,880,1041,,,,,,,,,,,,,,,,,,,,,,,,,,,,,,,,,,,,,,,
6566,1999,10,1,12,30,873,1039,,,,,,,,,,,,,,,,,,,,,,,,,,,,,,,,,,,,,,,
6567,1999,10,1,13,30,792,1017,,,,,,,,,,,,,,,,,,,,,,,,,,,,,,,,,,,,,,,
6568,1999,10,1,14,30,654,985,,,,,,,,,,,,,,,,,,,,,,,,,,,,,,,,,,,,,,,
6569,1999,10,1,15,30,463,915,,,,,,,,,,,,,,,,,,,,,,,,,,,,,,,,,,,,,,,
6570,1999,10,1,16,30,244,777,,,,,,,,,,,,,,,,,,,,,,,,,,,,,,,,,,,,,,,
6571,1999,10,1,17,30,39,391,,,,,,,,,,,,,,,,,,,,,,,,,,,,,,,,,,,,,,,
6572,1999,10,1,18,30,0,0,,,,,,,,,,,,,,,,,,,,,,,,,,,,,,,,,,,,,,,
6573,1999,10,1,19,30,0,0,,,,,,,,,,,,,,,,,,,,,,,,,,,,,,,,,,,,,,,
6574,1999,10,1,20,30,0,0,,,,,,,,,,,,,,,,,,,,,,,,,,,,,,,,,,,,,,,
6575,1999,10,1,21,30,0,0,,,,,,,,,,,,,,,,,,,,,,,,,,,,,,,,,,,,,,,
6576,1999,10,1,22,30,0,0,,,,,,,,,,,,,,,,,,,,,,,,,,,,,,,,,,,,,,,
6577,1999,10,1,23,30,0,0,,,,,,,,,,,,,,,,,,,,,,,,,,,,,,,,,,,,,,,
6578,1999,10,2,0,30,0,0,,,,,,,,,,,,,,,,,,,,,,,,,,,,,,,,,,,,,,,
6579,1999,10,2,1,30,0,0,,,,,,,,,,,,,,,,,,,,,,,,,,,,,,,,,,,,,,,
6580,1999,10,2,2,30,0,0,,,,,,,,,,,,,,,,,,,,,,,,,,,,,,,,,,,,,,,
6581,1999,10,2,3,30,0,0,,,,,,,,,,,,,,,,,,,,,,,,,,,,,,,,,,,,,,,
6582,1999,10,2,4,30,0,0,,,,,,,,,,,,,,,,,,,,,,,,,,,,,,,,,,,,,,,
6583,1999,10,2,5,30,0,0,,,,,,,,,,,,,,,,,,,,,,,,,,,,,,,,,,,,,,,
6584,1999,10,2,6,30,74,507,,,,,,,,,,,,,,,,,,,,,,,,,,,,,,,,,,,,,,,
6585,1999,10,2,7,30,290,812,,,,,,,,,,,,,,,,,,,,,,,,,,,,,,,,,,,,,,,
6586,1999,10,2,8,30,505,929,,,,,,,,,,,,,,,,,,,,,,,,,,,,,,,,,,,,,,,
6587,1999,10,2,9,30,684,986,,,,,,,,,,,,,,,,,,,,,,,,,,,,,,,,,,,,,,,
6588,1999,10,2,10,30,805,1010,,,,,,,,,,,,,,,,,,,,,,,,,,,,,,,,,,,,,,,
6589,1999,10,2,11,30,866,1023,,,,,,,,,,,,,,,,,,,,,,,,,,,,,,,,,,,,,,,
6590,1999,10,2,12,30,859,1021,,,,,,,,,,,,,,,,,,,,,,,,,,,,,,,,,,,,,,,
6591,1999,10,2,13,30,783,1005,,,,,,,,,,,,,,,,,,,,,,,,,,,,,,,,,,,,,,,
6592,1999,10,2,14,30,644,969,,,,,,,,,,,,,,,,,,,,,,,,,,,,,,,,,,,,,,,
6593,1999,10,2,15,30,456,900,,,,,,,,,,,,,,,,,,,,,,,,,,,,,,,,,,,,,,,
6594,1999,10,2,16,30,237,755,,,,,,,,,,,,,,,,,,,,,,,,,,,,,,,,,,,,,,,
6595,1999,10,2,17,30,34,346,,,,,,,,,,,,,,,,,,,,,,,,,,,,,,,,,,,,,,,
6596,1999,10,2,18,30,0,0,,,,,,,,,,,,,,,,,,,,,,,,,,,,,,,,,,,,,,,
6597,1999,10,2,19,30,0,0,,,,,,,,,,,,,,,,,,,,,,,,,,,,,,,,,,,,,,,
6598,1999,10,2,20,30,0,0,,,,,,,,,,,,,,,,,,,,,,,,,,,,,,,,,,,,,,,
6599,1999,10,2,21,30,0,0,,,,,,,,,,,,,,,,,,,,,,,,,,,,,,,,,,,,,,,
6600,1999,10,2,22,30,0,0,,,,,,,,,,,,,,,,,,,,,,,,,,,,,,,,,,,,,,,
6601,1999,10,2,23,30,0,0,,,,,,,,,,,,,,,,,,,,,,,,,,,,,,,,,,,,,,,
6602,1999,10,3,0,30,0,0,,,,,,,,,,,,,,,,,,,,,,,,,,,,,,,,,,,,,,,
6603,1999,10,3,1,30,0,0,,,,,,,,,,,,,,,,,,,,,,,,,,,,,,,,,,,,,,,
6604,1999,10,3,2,30,0,0,,,,,,,,,,,,,,,,,,,,,,,,,,,,,,,,,,,,,,,
6605,1999,10,3,3,30,0,0,,,,,,,,,,,,,,,,,,,,,,,,,,,,,,,,,,,,,,,
6606,1999,10,3,4,30,0,0,,,,,,,,,,,,,,,,,,,,,,,,,,,,,,,,,,,,,,,
6607,1999,10,3,5,30,0,0,,,,,,,,,,,,,,,,,,,,,,,,,,,,,,,,,,,,,,,
6608,1999,10,3,6,30,71,465,,,,,,,,,,,,,,,,,,,,,,,,,,,,,,,,,,,,,,,
6609,1999,10,3,7,30,287,789,,,,,,,,,,,,,,,,,,,,,,,,,,,,,,,,,,,,,,,
6610,1999,10,3,8,30,500,906,,,,,,,,,,,,,,,,,,,,,,,,,,,,,,,,,,,,,,,
6611,1999,10,3,9,30,680,969,,,,,,,,,,,,,,,,,,,,,,,,,,,,,,,,,,,,,,,
6612,1999,10,3,10,30,806,1001,,,,,,,,,,,,,,,,,,,,,,,,,,,,,,,,,,,,,,,
6613,1999,10,3,11,30,867,1015,,,,,,,,,,,,,,,,,,,,,,,,,,,,,,,,,,,,,,,
6614,1999,10,3,12,30,859,1012,,,,,,,,,,,,,,,,,,,,,,,,,,,,,,,,,,,,,,,
6615,1999,10,3,13,30,781,994,,,,,,,,,,,,,,,,,,,,,,,,,,,,,,,,,,,,,,,
6616,1999,10,3,14,30,637,949,,,,,,,,,,,,,,,,,,,,,,,,,,,,,,,,,,,,,,,
6617,1999,10,3,15,30,448,876,,,,,,,,,,,,,,,,,,,,,,,,,,,,,,,,,,,,,,,
6618,1999,10,3,16,30,229,722,,,,,,,,,,,,,,,,,,,,,,,,,,,,,,,,,,,,,,,
6619,1999,10,3,17,30,30,280,,,,,,,,,,,,,,,,,,,,,,,,,,,,,,,,,,,,,,,
6620,1999,10,3,18,30,0,0,,,,,,,,,,,,,,,,,,,,,,,,,,,,,,,,,,,,,,,
6621,1999,10,3,19,30,0,0,,,,,,,,,,,,,,,,,,,,,,,,,,,,,,,,,,,,,,,
6622,1999,10,3,20,30,0,0,,,,,,,,,,,,,,,,,,,,,,,,,,,,,,,,,,,,,,,
6623,1999,10,3,21,30,0,0,,,,,,,,,,,,,,,,,,,,,,,,,,,,,,,,,,,,,,,
6624,1999,10,3,22,30,0,0,,,,,,,,,,,,,,,,,,,,,,,,,,,,,,,,,,,,,,,
6625,1999,10,3,23,30,0,0,,,,,,,,,,,,,,,,,,,,,,,,,,,,,,,,,,,,,,,
6626,1999,10,4,0,30,0,0,,,,,,,,,,,,,,,,,,,,,,,,,,,,,,,,,,,,,,,
6627,1999,10,4,1,30,0,0,,,,,,,,,,,,,,,,,,,,,,,,,,,,,,,,,,,,,,,
6628,1999,10,4,2,30,0,0,,,,,,,,,,,,,,,,,,,,,,,,,,,,,,,,,,,,,,,
6629,1999,10,4,3,30,0,0,,,,,,,,,,,,,,,,,,,,,,,,,,,,,,,,,,,,,,,
6630,1999,10,4,4,30,0,0,,,,,,,,,,,,,,,,,,,,,,,,,,,,,,,,,,,,,,,
6631,1999,10,4,5,30,0,0,,,,,,,,,,,,,,,,,,,,,,,,,,,,,,,,,,,,,,,
6632,1999,10,4,6,30,23,0,,,,,,,,,,,,,,,,,,,,,,,,,,,,,,,,,,,,,,,
6633,1999,10,4,7,30,72,0,,,,,,,,,,,,,,,,,,,,,,,,,,,,,,,,,,,,,,,
6634,1999,10,4,8,30,236,13,,,,,,,,,,,,,,,,,,,,,,,,,,,,,,,,,,,,,,,
6635,1999,10,4,9,30,667,947,,,,,,,,,,,,,,,,,,,,,,,,,,,,,,,,,,,,,,,
6636,1999,10,4,10,30,793,983,,,,,,,,,,,,,,,,,,,,,,,,,,,,,,,,,,,,,,,
6637,1999,10,4,11,30,854,1002,,,,,,,,,,,,,,,,,,,,,,,,,,,,,,,,,,,,,,,
6638,1999,10,4,12,30,846,1002,,,,,,,,,,,,,,,,,,,,,,,,,,,,,,,,,,,,,,,
6639,1999,10,4,13,30,769,986,,,,,,,,,,,,,,,,,,,,,,,,,,,,,,,,,,,,,,,
6640,1999,10,4,14,30,630,950,,,,,,,,,,,,,,,,,,,,,,,,,,,,,,,,,,,,,,,
6641,1999,10,4,15,30,442,880,,,,,,,,,,,,,,,,,,,,,,,,,,,,,,,,,,,,,,,
6642,1999,10,4,16,30,226,737,,,,,,,,,,,,,,,,,,,,,,,,,,,,,,,,,,,,,,,
6643,1999,10,4,17,30,27,290,,,,,,,,,,,,,,,,,,,,,,,,,,,,,,,,,,,,,,,
6644,1999,10,4,18,30,0,0,,,,,,,,,,,,,,,,,,,,,,,,,,,,,,,,,,,,,,,
6645,1999,10,4,19,30,0,0,,,,,,,,,,,,,,,,,,,,,,,,,,,,,,,,,,,,,,,
6646,1999,10,4,20,30,0,0,,,,,,,,,,,,,,,,,,,,,,,,,,,,,,,,,,,,,,,
6647,1999,10,4,21,30,0,0,,,,,,,,,,,,,,,,,,,,,,,,,,,,,,,,,,,,,,,
6648,1999,10,4,22,30,0,0,,,,,,,,,,,,,,,,,,,,,,,,,,,,,,,,,,,,,,,
6649,1999,10,4,23,30,0,0,,,,,,,,,,,,,,,,,,,,,,,,,,,,,,,,,,,,,,,
6650,1999,10,5,0,30,0,0,,,,,,,,,,,,,,,,,,,,,,,,,,,,,,,,,,,,,,,
6651,1999,10,5,1,30,0,0,,,,,,,,,,,,,,,,,,,,,,,,,,,,,,,,,,,,,,,
6652,1999,10,5,2,30,0,0,,,,,,,,,,,,,,,,,,,,,,,,,,,,,,,,,,,,,,,
6653,1999,10,5,3,30,0,0,,,,,,,,,,,,,,,,,,,,,,,,,,,,,,,,,,,,,,,
6654,1999,10,5,4,30,0,0,,,,,,,,,,,,,,,,,,,,,,,,,,,,,,,,,,,,,,,
6655,1999,10,5,5,30,0,0,,,,,,,,,,,,,,,,,,,,,,,,,,,,,,,,,,,,,,,
6656,1999,10,5,6,30,64,434,,,,,,,,,,,,,,,,,,,,,,,,,,,,,,,,,,,,,,,
6657,1999,10,5,7,30,273,766,,,,,,,,,,,,,,,,,,,,,,,,,,,,,,,,,,,,,,,
6658,1999,10,5,8,30,484,890,,,,,,,,,,,,,,,,,,,,,,,,,,,,,,,,,,,,,,,
6659,1999,10,5,9,30,660,953,,,,,,,,,,,,,,,,,,,,,,,,,,,,,,,,,,,,,,,
6660,1999,10,5,10,30,784,984,,,,,,,,,,,,,,,,,,,,,,,,,,,,,,,,,,,,,,,
6661,1999,10,5,11,30,843,995,,,,,,,,,,,,,,,,,,,,,,,,,,,,,,,,,,,,,,,
6662,1999,10,5,12,30,835,993,,,,,,,,,,,,,,,,,,,,,,,,,,,,,,,,,,,,,,,
6663,1999,10,5,13,30,758,976,,,,,,,,,,,,,,,,,,,,,,,,,,,,,,,,,,,,,,,
6664,1999,10,5,14,30,619,935,,,,,,,,,,,,,,,,,,,,,,,,,,,,,,,,,,,,,,,
6665,1999,10,5,15,30,430,857,,,,,,,,,,,,,,,,,,,,,,,,,,,,,,,,,,,,,,,
6666,1999,10,5,16,30,215,698,,,,,,,,,,,,,,,,,,,,,,,,,,,,,,,,,,,,,,,
6667,1999,10,5,17,30,23,235,,,,,,,,,,,,,,,,,,,,,,,,,,,,,,,,,,,,,,,
6668,1999,10,5,18,30,0,0,,,,,,,,,,,,,,,,,,,,,,,,,,,,,,,,,,,,,,,
6669,1999,10,5,19,30,0,0,,,,,,,,,,,,,,,,,,,,,,,,,,,,,,,,,,,,,,,
6670,1999,10,5,20,30,0,0,,,,,,,,,,,,,,,,,,,,,,,,,,,,,,,,,,,,,,,
6671,1999,10,5,21,30,0,0,,,,,,,,,,,,,,,,,,,,,,,,,,,,,,,,,,,,,,,
6672,1999,10,5,22,30,0,0,,,,,,,,,,,,,,,,,,,,,,,,,,,,,,,,,,,,,,,
6673,1999,10,5,23,30,0,0,,,,,,,,,,,,,,,,,,,,,,,,,,,,,,,,,,,,,,,
6674,1999,10,6,0,30,0,0,,,,,,,,,,,,,,,,,,,,,,,,,,,,,,,,,,,,,,,
6675,1999,10,6,1,30,0,0,,,,,,,,,,,,,,,,,,,,,,,,,,,,,,,,,,,,,,,
6676,1999,10,6,2,30,0,0,,,,,,,,,,,,,,,,,,,,,,,,,,,,,,,,,,,,,,,
6677,1999,10,6,3,30,0,0,,,,,,,,,,,,,,,,,,,,,,,,,,,,,,,,,,,,,,,
6678,1999,10,6,4,30,0,0,,,,,,,,,,,,,,,,,,,,,,,,,,,,,,,,,,,,,,,
6679,1999,10,6,5,30,0,0,,,,,,,,,,,,,,,,,,,,,,,,,,,,,,,,,,,,,,,
6680,1999,10,6,6,30,37,1,,,,,,,,,,,,,,,,,,,,,,,,,,,,,,,,,,,,,,,
6681,1999,10,6,7,30,168,28,,,,,,,,,,,,,,,,,,,,,,,,,,,,,,,,,,,,,,,
6682,1999,10,6,8,30,366,217,,,,,,,,,,,,,,,,,,,,,,,,,,,,,,,,,,,,,,,
6683,1999,10,6,9,30,653,940,,,,,,,,,,,,,,,,,,,,,,,,,,,,,,,,,,,,,,,
6684,1999,10,6,10,30,776,974,,,,,,,,,,,,,,,,,,,,,,,,,,,,,,,,,,,,,,,
6685,1999,10,6,11,30,814,684,,,,,,,,,,,,,,,,,,,,,,,,,,,,,,,,,,,,,,,
6686,1999,10,6,12,30,492,97,,,,,,,,,,,,,,,,,,,,,,,,,,,,,,,,,,,,,,,
6687,1999,10,6,13,30,689,549,,,,,,,,,,,,,,,,,,,,,,,,,,,,,,,,,,,,,,,
6688,1999,10,6,14,30,471,238,,,,,,,,,,,,,,,,,,,,,,,,,,,,,,,,,,,,,,,
6689,1999,10,6,15,30,282,76,,,,,,,,,,,,,,,,,,,,,,,,,,,,,,,,,,,,,,,
6690,1999,10,6,16,30,166,194,,,,,,,,,,,,,,,,,,,,,,,,,,,,,,,,,,,,,,,
6691,1999,10,6,17,30,13,1,,,,,,,,,,,,,,,,,,,,,,,,,,,,,,,,,,,,,,,
6692,1999,10,6,18,30,0,0,,,,,,,,,,,,,,,,,,,,,,,,,,,,,,,,,,,,,,,
6693,1999,10,6,19,30,0,0,,,,,,,,,,,,,,,,,,,,,,,,,,,,,,,,,,,,,,,
6694,1999,10,6,20,30,0,0,,,,,,,,,,,,,,,,,,,,,,,,,,,,,,,,,,,,,,,
6695,1999,10,6,21,30,0,0,,,,,,,,,,,,,,,,,,,,,,,,,,,,,,,,,,,,,,,
6696,1999,10,6,22,30,0,0,,,,,,,,,,,,,,,,,,,,,,,,,,,,,,,,,,,,,,,
6697,1999,10,6,23,30,0,0,,,,,,,,,,,,,,,,,,,,,,,,,,,,,,,,,,,,,,,
6698,1999,10,7,0,30,0,0,,,,,,,,,,,,,,,,,,,,,,,,,,,,,,,,,,,,,,,
6699,1999,10,7,1,30,0,0,,,,,,,,,,,,,,,,,,,,,,,,,,,,,,,,,,,,,,,
6700,1999,10,7,2,30,0,0,,,,,,,,,,,,,,,,,,,,,,,,,,,,,,,,,,,,,,,
6701,1999,10,7,3,30,0,0,,,,,,,,,,,,,,,,,,,,,,,,,,,,,,,,,,,,,,,
6702,1999,10,7,4,30,0,0,,,,,,,,,,,,,,,,,,,,,,,,,,,,,,,,,,,,,,,
6703,1999,10,7,5,30,0,0,,,,,,,,,,,,,,,,,,,,,,,,,,,,,,,,,,,,,,,
6704,1999,10,7,6,30,25,0,,,,,,,,,,,,,,,,,,,,,,,,,,,,,,,,,,,,,,,
6705,1999,10,7,7,30,177,40,,,,,,,,,,,,,,,,,,,,,,,,,,,,,,,,,,,,,,,
6706,1999,10,7,8,30,477,884,,,,,,,,,,,,,,,,,,,,,,,,,,,,,,,,,,,,,,,
6707,1999,10,7,9,30,650,943,,,,,,,,,,,,,,,,,,,,,,,,,,,,,,,,,,,,,,,
6708,1999,10,7,10,30,773,974,,,,,,,,,,,,,,,,,,,,,,,,,,,,,,,,,,,,,,,
6709,1999,10,7,11,30,833,993,,,,,,,,,,,,,,,,,,,,,,,,,,,,,,,,,,,,,,,
6710,1999,10,7,12,30,827,997,,,,,,,,,,,,,,,,,,,,,,,,,,,,,,,,,,,,,,,
6711,1999,10,7,13,30,520,141,,,,,,,,,,,,,,,,,,,,,,,,,,,,,,,,,,,,,,,
6712,1999,10,7,14,30,611,948,,,,,,,,,,,,,,,,,,,,,,,,,,,,,,,,,,,,,,,
6713,1999,10,7,15,30,338,364,,,,,,,,,,,,,,,,,,,,,,,,,,,,,,,,,,,,,,,
6714,1999,10,7,16,30,41,0,,,,,,,,,,,,,,,,,,,,,,,,,,,,,,,,,,,,,,,
6715,1999,10,7,17,30,8,0,,,,,,,,,,,,,,,,,,,,,,,,,,,,,,,,,,,,,,,
6716,1999,10,7,18,30,0,0,,,,,,,,,,,,,,,,,,,,,,,,,,,,,,,,,,,,,,,
6717,1999,10,7,19,30,0,0,,,,,,,,,,,,,,,,,,,,,,,,,,,,,,,,,,,,,,,
6718,1999,10,7,20,30,0,0,,,,,,,,,,,,,,,,,,,,,,,,,,,,,,,,,,,,,,,
6719,1999,10,7,21,30,0,0,,,,,,,,,,,,,,,,,,,,,,,,,,,,,,,,,,,,,,,
6720,1999,10,7,22,30,0,0,,,,,,,,,,,,,,,,,,,,,,,,,,,,,,,,,,,,,,,
6721,1999,10,7,23,30,0,0,,,,,,,,,,,,,,,,,,,,,,,,,,,,,,,,,,,,,,,
6722,1999,10,8,0,30,0,0,,,,,,,,,,,,,,,,,,,,,,,,,,,,,,,,,,,,,,,
6723,1999,10,8,1,30,0,0,,,,,,,,,,,,,,,,,,,,,,,,,,,,,,,,,,,,,,,
6724,1999,10,8,2,30,0,0,,,,,,,,,,,,,,,,,,,,,,,,,,,,,,,,,,,,,,,
6725,1999,10,8,3,30,0,0,,,,,,,,,,,,,,,,,,,,,,,,,,,,,,,,,,,,,,,
6726,1999,10,8,4,30,0,0,,,,,,,,,,,,,,,,,,,,,,,,,,,,,,,,,,,,,,,
6727,1999,10,8,5,30,0,0,,,,,,,,,,,,,,,,,,,,,,,,,,,,,,,,,,,,,,,
6728,1999,10,8,6,30,55,377,,,,,,,,,,,,,,,,,,,,,,,,,,,,,,,,,,,,,,,
6729,1999,10,8,7,30,265,750,,,,,,,,,,,,,,,,,,,,,,,,,,,,,,,,,,,,,,,
6730,1999,10,8,8,30,479,895,,,,,,,,,,,,,,,,,,,,,,,,,,,,,,,,,,,,,,,
6731,1999,10,8,9,30,657,965,,,,,,,,,,,,,,,,,,,,,,,,,,,,,,,,,,,,,,,
6732,1999,10,8,10,30,777,994,,,,,,,,,,,,,,,,,,,,,,,,,,,,,,,,,,,,,,,
6733,1999,10,8,11,30,836,1009,,,,,,,,,,,,,,,,,,,,,,,,,,,,,,,,,,,,,,,
6734,1999,10,8,12,30,823,1002,,,,,,,,,,,,,,,,,,,,,,,,,,,,,,,,,,,,,,,
6735,1999,10,8,13,30,745,984,,,,,,,,,,,,,,,,,,,,,,,,,,,,,,,,,,,,,,,
6736,1999,10,8,14,30,606,947,,,,,,,,,,,,,,,,,,,,,,,,,,,,,,,,,,,,,,,
6737,1999,10,8,15,30,418,873,,,,,,,,,,,,,,,,,,,,,,,,,,,,,,,,,,,,,,,
6738,1999,10,8,16,30,204,719,,,,,,,,,,,,,,,,,,,,,,,,,,,,,,,,,,,,,,,
6739,1999,10,8,17,30,16,221,,,,,,,,,,,,,,,,,,,,,,,,,,,,,,,,,,,,,,,
6740,1999,10,8,18,30,0,0,,,,,,,,,,,,,,,,,,,,,,,,,,,,,,,,,,,,,,,
6741,1999,10,8,19,30,0,0,,,,,,,,,,,,,,,,,,,,,,,,,,,,,,,,,,,,,,,
6742,1999,10,8,20,30,0,0,,,,,,,,,,,,,,,,,,,,,,,,,,,,,,,,,,,,,,,
6743,1999,10,8,21,30,0,0,,,,,,,,,,,,,,,,,,,,,,,,,,,,,,,,,,,,,,,
6744,1999,10,8,22,30,0,0,,,,,,,,,,,,,,,,,,,,,,,,,,,,,,,,,,,,,,,
6745,1999,10,8,23,30,0,0,,,,,,,,,,,,,,,,,,,,,,,,,,,,,,,,,,,,,,,
6746,1999,10,9,0,30,0,0,,,,,,,,,,,,,,,,,,,,,,,,,,,,,,,,,,,,,,,
6747,1999,10,9,1,30,0,0,,,,,,,,,,,,,,,,,,,,,,,,,,,,,,,,,,,,,,,
6748,1999,10,9,2,30,0,0,,,,,,,,,,,,,,,,,,,,,,,,,,,,,,,,,,,,,,,
6749,1999,10,9,3,30,0,0,,,,,,,,,,,,,,,,,,,,,,,,,,,,,,,,,,,,,,,
6750,1999,10,9,4,30,0,0,,,,,,,,,,,,,,,,,,,,,,,,,,,,,,,,,,,,,,,
6751,1999,10,9,5,30,0,0,,,,,,,,,,,,,,,,,,,,,,,,,,,,,,,,,,,,,,,
6752,1999,10,9,6,30,55,436,,,,,,,,,,,,,,,,,,,,,,,,,,,,,,,,,,,,,,,
6753,1999,10,9,7,30,264,782,,,,,,,,,,,,,,,,,,,,,,,,,,,,,,,,,,,,,,,
6754,1999,10,9,8,30,475,910,,,,,,,,,,,,,,,,,,,,,,,,,,,,,,,,,,,,,,,
6755,1999,10,9,9,30,651,971,,,,,,,,,,,,,,,,,,,,,,,,,,,,,,,,,,,,,,,
6756,1999,10,9,10,30,773,1004,,,,,,,,,,,,,,,,,,,,,,,,,,,,,,,,,,,,,,,
6757,1999,10,9,11,30,836,1023,,,,,,,,,,,,,,,,,,,,,,,,,,,,,,,,,,,,,,,
6758,1999,10,9,12,30,826,1022,,,,,,,,,,,,,,,,,,,,,,,,,,,,,,,,,,,,,,,
6759,1999,10,9,13,30,748,1005,,,,,,,,,,,,,,,,,,,,,,,,,,,,,,,,,,,,,,,
6760,1999,10,9,14,30,607,969,,,,,,,,,,,,,,,,,,,,,,,,,,,,,,,,,,,,,,,
6761,1999,10,9,15,30,418,896,,,,,,,,,,,,,,,,,,,,,,,,,,,,,,,,,,,,,,,
6762,1999,10,9,16,30,201,736,,,,,,,,,,,,,,,,,,,,,,,,,,,,,,,,,,,,,,,
6763,1999,10,9,17,30,0,0,,,,,,,,,,,,,,,,,,,,,,,,,,,,,,,,,,,,,,,
6764,1999,10,9,18,30,0,0,,,,,,,,,,,,,,,,,,,,,,,,,,,,,,,,,,,,,,,
6765,1999,10,9,19,30,0,0,,,,,,,,,,,,,,,,,,,,,,,,,,,,,,,,,,,,,,,
6766,1999,10,9,20,30,0,0,,,,,,,,,,,,,,,,,,,,,,,,,,,,,,,,,,,,,,,
6767,1999,10,9,21,30,0,0,,,,,,,,,,,,,,,,,,,,,,,,,,,,,,,,,,,,,,,
6768,1999,10,9,22,30,0,0,,,,,,,,,,,,,,,,,,,,,,,,,,,,,,,,,,,,,,,
6769,1999,10,9,23,30,0,0,,,,,,,,,,,,,,,,,,,,,,,,,,,,,,,,,,,,,,,
6770,1999,10,10,0,30,0,0,,,,,,,,,,,,,,,,,,,,,,,,,,,,,,,,,,,,,,,
6771,1999,10,10,1,30,0,0,,,,,,,,,,,,,,,,,,,,,,,,,,,,,,,,,,,,,,,
6772,1999,10,10,2,30,0,0,,,,,,,,,,,,,,,,,,,,,,,,,,,,,,,,,,,,,,,
6773,1999,10,10,3,30,0,0,,,,,,,,,,,,,,,,,,,,,,,,,,,,,,,,,,,,,,,
6774,1999,10,10,4,30,0,0,,,,,,,,,,,,,,,,,,,,,,,,,,,,,,,,,,,,,,,
6775,1999,10,10,5,30,0,0,,,,,,,,,,,,,,,,,,,,,,,,,,,,,,,,,,,,,,,
6776,1999,10,10,6,30,56,477,,,,,,,,,,,,,,,,,,,,,,,,,,,,,,,,,,,,,,,
6777,1999,10,10,7,30,268,818,,,,,,,,,,,,,,,,,,,,,,,,,,,,,,,,,,,,,,,
6778,1999,10,10,8,30,481,941,,,,,,,,,,,,,,,,,,,,,,,,,,,,,,,,,,,,,,,
6779,1999,10,10,9,30,659,1000,,,,,,,,,,,,,,,,,,,,,,,,,,,,,,,,,,,,,,,
6780,1999,10,10,10,30,782,1029,,,,,,,,,,,,,,,,,,,,,,,,,,,,,,,,,,,,,,,
6781,1999,10,10,11,30,836,1036,,,,,,,,,,,,,,,,,,,,,,,,,,,,,,,,,,,,,,,
6782,1999,10,10,12,30,825,1034,,,,,,,,,,,,,,,,,,,,,,,,,,,,,,,,,,,,,,,
6783,1999,10,10,13,30,746,1018,,,,,,,,,,,,,,,,,,,,,,,,,,,,,,,,,,,,,,,
6784,1999,10,10,14,30,605,983,,,,,,,,,,,,,,,,,,,,,,,,,,,,,,,,,,,,,,,
6785,1999,10,10,15,30,416,911,,,,,,,,,,,,,,,,,,,,,,,,,,,,,,,,,,,,,,,
6786,1999,10,10,16,30,196,747,,,,,,,,,,,,,,,,,,,,,,,,,,,,,,,,,,,,,,,
6787,1999,10,10,17,30,0,0,,,,,,,,,,,,,,,,,,,,,,,,,,,,,,,,,,,,,,,
6788,1999,10,10,18,30,0,0,,,,,,,,,,,,,,,,,,,,,,,,,,,,,,,,,,,,,,,
6789,1999,10,10,19,30,0,0,,,,,,,,,,,,,,,,,,,,,,,,,,,,,,,,,,,,,,,
6790,1999,10,10,20,30,0,0,,,,,,,,,,,,,,,,,,,,,,,,,,,,,,,,,,,,,,,
6791,1999,10,10,21,30,0,0,,,,,,,,,,,,,,,,,,,,,,,,,,,,,,,,,,,,,,,
6792,1999,10,10,22,30,0,0,,,,,,,,,,,,,,,,,,,,,,,,,,,,,,,,,,,,,,,
6793,1999,10,10,23,30,0,0,,,,,,,,,,,,,,,,,,,,,,,,,,,,,,,,,,,,,,,
6794,1999,10,11,0,30,0,0,,,,,,,,,,,,,,,,,,,,,,,,,,,,,,,,,,,,,,,
6795,1999,10,11,1,30,0,0,,,,,,,,,,,,,,,,,,,,,,,,,,,,,,,,,,,,,,,
6796,1999,10,11,2,30,0,0,,,,,,,,,,,,,,,,,,,,,,,,,,,,,,,,,,,,,,,
6797,1999,10,11,3,30,0,0,,,,,,,,,,,,,,,,,,,,,,,,,,,,,,,,,,,,,,,
6798,1999,10,11,4,30,0,0,,,,,,,,,,,,,,,,,,,,,,,,,,,,,,,,,,,,,,,
6799,1999,10,11,5,30,0,0,,,,,,,,,,,,,,,,,,,,,,,,,,,,,,,,,,,,,,,
6800,1999,10,11,6,30,52,443,,,,,,,,,,,,,,,,,,,,,,,,,,,,,,,,,,,,,,,
6801,1999,10,11,7,30,260,794,,,,,,,,,,,,,,,,,,,,,,,,,,,,,,,,,,,,,,,
6802,1999,10,11,8,30,470,922,,,,,,,,,,,,,,,,,,,,,,,,,,,,,,,,,,,,,,,
6803,1999,10,11,9,30,646,982,,,,,,,,,,,,,,,,,,,,,,,,,,,,,,,,,,,,,,,
6804,1999,10,11,10,30,769,1014,,,,,,,,,,,,,,,,,,,,,,,,,,,,,,,,,,,,,,,
6805,1999,10,11,11,30,826,1029,,,,,,,,,,,,,,,,,,,,,,,,,,,,,,,,,,,,,,,
6806,1999,10,11,12,30,816,1026,,,,,,,,,,,,,,,,,,,,,,,,,,,,,,,,,,,,,,,
6807,1999,10,11,13,30,737,1011,,,,,,,,,,,,,,,,,,,,,,,,,,,,,,,,,,,,,,,
6808,1999,10,11,14,30,597,975,,,,,,,,,,,,,,,,,,,,,,,,,,,,,,,,,,,,,,,
6809,1999,10,11,15,30,408,901,,,,,,,,,,,,,,,,,,,,,,,,,,,,,,,,,,,,,,,
6810,1999,10,11,16,30,192,739,,,,,,,,,,,,,,,,,,,,,,,,,,,,,,,,,,,,,,,
6811,1999,10,11,17,30,0,0,,,,,,,,,,,,,,,,,,,,,,,,,,,,,,,,,,,,,,,
6812,1999,10,11,18,30,0,0,,,,,,,,,,,,,,,,,,,,,,,,,,,,,,,,,,,,,,,
6813,1999,10,11,19,30,0,0,,,,,,,,,,,,,,,,,,,,,,,,,,,,,,,,,,,,,,,
6814,1999,10,11,20,30,0,0,,,,,,,,,,,,,,,,,,,,,,,,,,,,,,,,,,,,,,,
6815,1999,10,11,21,30,0,0,,,,,,,,,,,,,,,,,,,,,,,,,,,,,,,,,,,,,,,
6816,1999,10,11,22,30,0,0,,,,,,,,,,,,,,,,,,,,,,,,,,,,,,,,,,,,,,,
6817,1999,10,11,23,30,0,0,,,,,,,,,,,,,,,,,,,,,,,,,,,,,,,,,,,,,,,
6818,1999,10,12,0,30,0,0,,,,,,,,,,,,,,,,,,,,,,,,,,,,,,,,,,,,,,,
6819,1999,10,12,1,30,0,0,,,,,,,,,,,,,,,,,,,,,,,,,,,,,,,,,,,,,,,
6820,1999,10,12,2,30,0,0,,,,,,,,,,,,,,,,,,,,,,,,,,,,,,,,,,,,,,,
6821,1999,10,12,3,30,0,0,,,,,,,,,,,,,,,,,,,,,,,,,,,,,,,,,,,,,,,
6822,1999,10,12,4,30,0,0,,,,,,,,,,,,,,,,,,,,,,,,,,,,,,,,,,,,,,,
6823,1999,10,12,5,30,0,0,,,,,,,,,,,,,,,,,,,,,,,,,,,,,,,,,,,,,,,
6824,1999,10,12,6,30,50,447,,,,,,,,,,,,,,,,,,,,,,,,,,,,,,,,,,,,,,,
6825,1999,10,12,7,30,259,808,,,,,,,,,,,,,,,,,,,,,,,,,,,,,,,,,,,,,,,
6826,1999,10,12,8,30,470,936,,,,,,,,,,,,,,,,,,,,,,,,,,,,,,,,,,,,,,,
6827,1999,10,12,9,30,646,995,,,,,,,,,,,,,,,,,,,,,,,,,,,,,,,,,,,,,,,
6828,1999,10,12,10,30,768,1026,,,,,,,,,,,,,,,,,,,,,,,,,,,,,,,,,,,,,,,
6829,1999,10,12,11,30,826,1038,,,,,,,,,,,,,,,,,,,,,,,,,,,,,,,,,,,,,,,
6830,1999,10,12,12,30,815,1036,,,,,,,,,,,,,,,,,,,,,,,,,,,,,,,,,,,,,,,
6831,1999,10,12,13,30,736,1019,,,,,,,,,,,,,,,,,,,,,,,,,,,,,,,,,,,,,,,
6832,1999,10,12,14,30,595,981,,,,,,,,,,,,,,,,,,,,,,,,,,,,,,,,,,,,,,,
6833,1999,10,12,15,30,405,907,,,,,,,,,,,,,,,,,,,,,,,,,,,,,,,,,,,,,,,
6834,1999,10,12,16,30,189,741,,,,,,,,,,,,,,,,,,,,,,,,,,,,,,,,,,,,,,,
6835,1999,10,12,17,30,0,0,,,,,,,,,,,,,,,,,,,,,,,,,,,,,,,,,,,,,,,
6836,1999,10,12,18,30,0,0,,,,,,,,,,,,,,,,,,,,,,,,,,,,,,,,,,,,,,,
6837,1999,10,12,19,30,0,0,,,,,,,,,,,,,,,,,,,,,,,,,,,,,,,,,,,,,,,
6838,1999,10,12,20,30,0,0,,,,,,,,,,,,,,,,,,,,,,,,,,,,,,,,,,,,,,,
6839,1999,10,12,21,30,0,0,,,,,,,,,,,,,,,,,,,,,,,,,,,,,,,,,,,,,,,
6840,1999,10,12,22,30,0,0,,,,,,,,,,,,,,,,,,,,,,,,,,,,,,,,,,,,,,,
6841,1999,10,12,23,30,0,0,,,,,,,,,,,,,,,,,,,,,,,,,,,,,,,,,,,,,,,
6842,1999,10,13,0,30,0,0,,,,,,,,,,,,,,,,,,,,,,,,,,,,,,,,,,,,,,,
6843,1999,10,13,1,30,0,0,,,,,,,,,,,,,,,,,,,,,,,,,,,,,,,,,,,,,,,
6844,1999,10,13,2,30,0,0,,,,,,,,,,,,,,,,,,,,,,,,,,,,,,,,,,,,,,,
6845,1999,10,13,3,30,0,0,,,,,,,,,,,,,,,,,,,,,,,,,,,,,,,,,,,,,,,
6846,1999,10,13,4,30,0,0,,,,,,,,,,,,,,,,,,,,,,,,,,,,,,,,,,,,,,,
6847,1999,10,13,5,30,0,0,,,,,,,,,,,,,,,,,,,,,,,,,,,,,,,,,,,,,,,
6848,1999,10,13,6,30,27,0,,,,,,,,,,,,,,,,,,,,,,,,,,,,,,,,,,,,,,,
6849,1999,10,13,7,30,258,809,,,,,,,,,,,,,,,,,,,,,,,,,,,,,,,,,,,,,,,
6850,1999,10,13,8,30,466,925,,,,,,,,,,,,,,,,,,,,,,,,,,,,,,,,,,,,,,,
6851,1999,10,13,9,30,642,985,,,,,,,,,,,,,,,,,,,,,,,,,,,,,,,,,,,,,,,
6852,1999,10,13,10,30,764,1016,,,,,,,,,,,,,,,,,,,,,,,,,,,,,,,,,,,,,,,
6853,1999,10,13,11,30,817,1019,,,,,,,,,,,,,,,,,,,,,,,,,,,,,,,,,,,,,,,
6854,1999,10,13,12,30,806,1016,,,,,,,,,,,,,,,,,,,,,,,,,,,,,,,,,,,,,,,
6855,1999,10,13,13,30,723,991,,,,,,,,,,,,,,,,,,,,,,,,,,,,,,,,,,,,,,,
6856,1999,10,13,14,30,582,947,,,,,,,,,,,,,,,,,,,,,,,,,,,,,,,,,,,,,,,
6857,1999,10,13,15,30,393,867,,,,,,,,,,,,,,,,,,,,,,,,,,,,,,,,,,,,,,,
6858,1999,10,13,16,30,179,690,,,,,,,,,,,,,,,,,,,,,,,,,,,,,,,,,,,,,,,
6859,1999,10,13,17,30,0,0,,,,,,,,,,,,,,,,,,,,,,,,,,,,,,,,,,,,,,,
6860,1999,10,13,18,30,0,0,,,,,,,,,,,,,,,,,,,,,,,,,,,,,,,,,,,,,,,
6861,1999,10,13,19,30,0,0,,,,,,,,,,,,,,,,,,,,,,,,,,,,,,,,,,,,,,,
6862,1999,10,13,20,30,0,0,,,,,,,,,,,,,,,,,,,,,,,,,,,,,,,,,,,,,,,
6863,1999,10,13,21,30,0,0,,,,,,,,,,,,,,,,,,,,,,,,,,,,,,,,,,,,,,,
6864,1999,10,13,22,30,0,0,,,,,,,,,,,,,,,,,,,,,,,,,,,,,,,,,,,,,,,
6865,1999,10,13,23,30,0,0,,,,,,,,,,,,,,,,,,,,,,,,,,,,,,,,,,,,,,,
6866,1999,10,14,0,30,0,0,,,,,,,,,,,,,,,,,,,,,,,,,,,,,,,,,,,,,,,
6867,1999,10,14,1,30,0,0,,,,,,,,,,,,,,,,,,,,,,,,,,,,,,,,,,,,,,,
6868,1999,10,14,2,30,0,0,,,,,,,,,,,,,,,,,,,,,,,,,,,,,,,,,,,,,,,
6869,1999,10,14,3,30,0,0,,,,,,,,,,,,,,,,,,,,,,,,,,,,,,,,,,,,,,,
6870,1999,10,14,4,30,0,0,,,,,,,,,,,,,,,,,,,,,,,,,,,,,,,,,,,,,,,
6871,1999,10,14,5,30,0,0,,,,,,,,,,,,,,,,,,,,,,,,,,,,,,,,,,,,,,,
6872,1999,10,14,6,30,46,413,,,,,,,,,,,,,,,,,,,,,,,,,,,,,,,,,,,,,,,
6873,1999,10,14,7,30,251,786,,,,,,,,,,,,,,,,,,,,,,,,,,,,,,,,,,,,,,,
6874,1999,10,14,8,30,462,917,,,,,,,,,,,,,,,,,,,,,,,,,,,,,,,,,,,,,,,
6875,1999,10,14,9,30,637,981,,,,,,,,,,,,,,,,,,,,,,,,,,,,,,,,,,,,,,,
6876,1999,10,14,10,30,759,1014,,,,,,,,,,,,,,,,,,,,,,,,,,,,,,,,,,,,,,,
6877,1999,10,14,11,30,817,1027,,,,,,,,,,,,,,,,,,,,,,,,,,,,,,,,,,,,,,,
6878,1999,10,14,12,30,805,1025,,,,,,,,,,,,,,,,,,,,,,,,,,,,,,,,,,,,,,,
6879,1999,10,14,13,30,726,1008,,,,,,,,,,,,,,,,,,,,,,,,,,,,,,,,,,,,,,,
6880,1999,10,14,14,30,584,966,,,,,,,,,,,,,,,,,,,,,,,,,,,,,,,,,,,,,,,
6881,1999,10,14,15,30,394,888,,,,,,,,,,,,,,,,,,,,,,,,,,,,,,,,,,,,,,,
6882,1999,10,14,16,30,178,708,,,,,,,,,,,,,,,,,,,,,,,,,,,,,,,,,,,,,,,
6883,1999,10,14,17,30,0,0,,,,,,,,,,,,,,,,,,,,,,,,,,,,,,,,,,,,,,,
6884,1999,10,14,18,30,0,0,,,,,,,,,,,,,,,,,,,,,,,,,,,,,,,,,,,,,,,
6885,1999,10,14,19,30,0,0,,,,,,,,,,,,,,,,,,,,,,,,,,,,,,,,,,,,,,,
6886,1999,10,14,20,30,0,0,,,,,,,,,,,,,,,,,,,,,,,,,,,,,,,,,,,,,,,
6887,1999,10,14,21,30,0,0,,,,,,,,,,,,,,,,,,,,,,,,,,,,,,,,,,,,,,,
6888,1999,10,14,22,30,0,0,,,,,,,,,,,,,,,,,,,,,,,,,,,,,,,,,,,,,,,
6889,1999,10,14,23,30,0,0,,,,,,,,,,,,,,,,,,,,,,,,,,,,,,,,,,,,,,,
6890,1999,10,15,0,30,0,0,,,,,,,,,,,,,,,,,,,,,,,,,,,,,,,,,,,,,,,
6891,1999,10,15,1,30,0,0,,,,,,,,,,,,,,,,,,,,,,,,,,,,,,,,,,,,,,,
6892,1999,10,15,2,30,0,0,,,,,,,,,,,,,,,,,,,,,,,,,,,,,,,,,,,,,,,
6893,1999,10,15,3,30,0,0,,,,,,,,,,,,,,,,,,,,,,,,,,,,,,,,,,,,,,,
6894,1999,10,15,4,30,0,0,,,,,,,,,,,,,,,,,,,,,,,,,,,,,,,,,,,,,,,
6895,1999,10,15,5,30,0,0,,,,,,,,,,,,,,,,,,,,,,,,,,,,,,,,,,,,,,,
6896,1999,10,15,6,30,28,4,,,,,,,,,,,,,,,,,,,,,,,,,,,,,,,,,,,,,,,
6897,1999,10,15,7,30,170,135,,,,,,,,,,,,,,,,,,,,,,,,,,,,,,,,,,,,,,,
6898,1999,10,15,8,30,453,898,,,,,,,,,,,,,,,,,,,,,,,,,,,,,,,,,,,,,,,
6899,1999,10,15,9,30,628,965,,,,,,,,,,,,,,,,,,,,,,,,,,,,,,,,,,,,,,,
6900,1999,10,15,10,30,653,609,,,,,,,,,,,,,,,,,,,,,,,,,,,,,,,,,,,,,,,
6901,1999,10,15,11,30,702,643,,,,,,,,,,,,,,,,,,,,,,,,,,,,,,,,,,,,,,,
6902,1999,10,15,12,30,799,1020,,,,,,,,,,,,,,,,,,,,,,,,,,,,,,,,,,,,,,,
6903,1999,10,15,13,30,719,1001,,,,,,,,,,,,,,,,,,,,,,,,,,,,,,,,,,,,,,,
6904,1999,10,15,14,30,577,957,,,,,,,,,,,,,,,,,,,,,,,,,,,,,,,,,,,,,,,
6905,1999,10,15,15,30,384,863,,,,,,,,,,,,,,,,,,,,,,,,,,,,,,,,,,,,,,,
6906,1999,10,15,16,30,169,669,,,,,,,,,,,,,,,,,,,,,,,,,,,,,,,,,,,,,,,
6907,1999,10,15,17,30,0,0,,,,,,,,,,,,,,,,,,,,,,,,,,,,,,,,,,,,,,,
6908,1999,10,15,18,30,0,0,,,,,,,,,,,,,,,,,,,,,,,,,,,,,,,,,,,,,,,
6909,1999,10,15,19,30,0,0,,,,,,,,,,,,,,,,,,,,,,,,,,,,,,,,,,,,,,,
6910,1999,10,15,20,30,0,0,,,,,,,,,,,,,,,,,,,,,,,,,,,,,,,,,,,,,,,
6911,1999,10,15,21,30,0,0,,,,,,,,,,,,,,,,,,,,,,,,,,,,,,,,,,,,,,,
6912,1999,10,15,22,30,0,0,,,,,,,,,,,,,,,,,,,,,,,,,,,,,,,,,,,,,,,
6913,1999,10,15,23,30,0,0,,,,,,,,,,,,,,,,,,,,,,,,,,,,,,,,,,,,,,,
6914,1999,10,16,0,30,0,0,,,,,,,,,,,,,,,,,,,,,,,,,,,,,,,,,,,,,,,
6915,1999,10,16,1,30,0,0,,,,,,,,,,,,,,,,,,,,,,,,,,,,,,,,,,,,,,,
6916,1999,10,16,2,30,0,0,,,,,,,,,,,,,,,,,,,,,,,,,,,,,,,,,,,,,,,
6917,1999,10,16,3,30,0,0,,,,,,,,,,,,,,,,,,,,,,,,,,,,,,,,,,,,,,,
6918,1999,10,16,4,30,0,0,,,,,,,,,,,,,,,,,,,,,,,,,,,,,,,,,,,,,,,
6919,1999,10,16,5,30,0,0,,,,,,,,,,,,,,,,,,,,,,,,,,,,,,,,,,,,,,,
6920,1999,10,16,6,30,37,272,,,,,,,,,,,,,,,,,,,,,,,,,,,,,,,,,,,,,,,
6921,1999,10,16,7,30,230,678,,,,,,,,,,,,,,,,,,,,,,,,,,,,,,,,,,,,,,,
6922,1999,10,16,8,30,435,839,,,,,,,,,,,,,,,,,,,,,,,,,,,,,,,,,,,,,,,
6923,1999,10,16,9,30,607,915,,,,,,,,,,,,,,,,,,,,,,,,,,,,,,,,,,,,,,,
6924,1999,10,16,10,30,727,953,,,,,,,,,,,,,,,,,,,,,,,,,,,,,,,,,,,,,,,
6925,1999,10,16,11,30,605,245,,,,,,,,,,,,,,,,,,,,,,,,,,,,,,,,,,,,,,,
6926,1999,10,16,12,30,732,756,,,,,,,,,,,,,,,,,,,,,,,,,,,,,,,,,,,,,,,
6927,1999,10,16,13,30,396,110,,,,,,,,,,,,,,,,,,,,,,,,,,,,,,,,,,,,,,,
6928,1999,10,16,14,30,420,363,,,,,,,,,,,,,,,,,,,,,,,,,,,,,,,,,,,,,,,
6929,1999,10,16,15,30,110,6,,,,,,,,,,,,,,,,,,,,,,,,,,,,,,,,,,,,,,,
6930,1999,10,16,16,30,94,101,,,,,,,,,,,,,,,,,,,,,,,,,,,,,,,,,,,,,,,
6931,1999,10,16,17,30,0,0,,,,,,,,,,,,,,,,,,,,,,,,,,,,,,,,,,,,,,,
6932,1999,10,16,18,30,0,0,,,,,,,,,,,,,,,,,,,,,,,,,,,,,,,,,,,,,,,
6933,1999,10,16,19,30,0,0,,,,,,,,,,,,,,,,,,,,,,,,,,,,,,,,,,,,,,,
6934,1999,10,16,20,30,0,0,,,,,,,,,,,,,,,,,,,,,,,,,,,,,,,,,,,,,,,
6935,1999,10,16,21,30,0,0,,,,,,,,,,,,,,,,,,,,,,,,,,,,,,,,,,,,,,,
6936,1999,10,16,22,30,0,0,,,,,,,,,,,,,,,,,,,,,,,,,,,,,,,,,,,,,,,
6937,1999,10,16,23,30,0,0,,,,,,,,,,,,,,,,,,,,,,,,,,,,,,,,,,,,,,,
6938,1999,10,17,0,30,0,0,,,,,,,,,,,,,,,,,,,,,,,,,,,,,,,,,,,,,,,
6939,1999,10,17,1,30,0,0,,,,,,,,,,,,,,,,,,,,,,,,,,,,,,,,,,,,,,,
6940,1999,10,17,2,30,0,0,,,,,,,,,,,,,,,,,,,,,,,,,,,,,,,,,,,,,,,
6941,1999,10,17,3,30,0,0,,,,,,,,,,,,,,,,,,,,,,,,,,,,,,,,,,,,,,,
6942,1999,10,17,4,30,0,0,,,,,,,,,,,,,,,,,,,,,,,,,,,,,,,,,,,,,,,
6943,1999,10,17,5,30,0,0,,,,,,,,,,,,,,,,,,,,,,,,,,,,,,,,,,,,,,,
6944,1999,10,17,6,30,7,0,,,,,,,,,,,,,,,,,,,,,,,,,,,,,,,,,,,,,,,
6945,1999,10,17,7,30,8,0,,,,,,,,,,,,,,,,,,,,,,,,,,,,,,,,,,,,,,,
6946,1999,10,17,8,30,161,12,,,,,,,,,,,,,,,,,,,,,,,,,,,,,,,,,,,,,,,
6947,1999,10,17,9,30,30,0,,,,,,,,,,,,,,,,,,,,,,,,,,,,,,,,,,,,,,,
6948,1999,10,17,10,30,34,0,,,,,,,,,,,,,,,,,,,,,,,,,,,,,,,,,,,,,,,
6949,1999,10,17,11,30,55,0,,,,,,,,,,,,,,,,,,,,,,,,,,,,,,,,,,,,,,,
6950,1999,10,17,12,30,72,0,,,,,,,,,,,,,,,,,,,,,,,,,,,,,,,,,,,,,,,
6951,1999,10,17,13,30,75,0,,,,,,,,,,,,,,,,,,,,,,,,,,,,,,,,,,,,,,,
6952,1999,10,17,14,30,34,0,,,,,,,,,,,,,,,,,,,,,,,,,,,,,,,,,,,,,,,
6953,1999,10,17,15,30,31,0,,,,,,,,,,,,,,,,,,,,,,,,,,,,,,,,,,,,,,,
6954,1999,10,17,16,30,52,2,,,,,,,,,,,,,,,,,,,,,,,,,,,,,,,,,,,,,,,
6955,1999,10,17,17,30,0,0,,,,,,,,,,,,,,,,,,,,,,,,,,,,,,,,,,,,,,,
6956,1999,10,17,18,30,0,0,,,,,,,,,,,,,,,,,,,,,,,,,,,,,,,,,,,,,,,
6957,1999,10,17,19,30,0,0,,,,,,,,,,,,,,,,,,,,,,,,,,,,,,,,,,,,,,,
6958,1999,10,17,20,30,0,0,,,,,,,,,,,,,,,,,,,,,,,,,,,,,,,,,,,,,,,
6959,1999,10,17,21,30,0,0,,,,,,,,,,,,,,,,,,,,,,,,,,,,,,,,,,,,,,,
6960,1999,10,17,22,30,0,0,,,,,,,,,,,,,,,,,,,,,,,,,,,,,,,,,,,,,,,
6961,1999,10,17,23,30,0,0,,,,,,,,,,,,,,,,,,,,,,,,,,,,,,,,,,,,,,,
6962,1999,10,18,0,30,0,0,,,,,,,,,,,,,,,,,,,,,,,,,,,,,,,,,,,,,,,
6963,1999,10,18,1,30,0,0,,,,,,,,,,,,,,,,,,,,,,,,,,,,,,,,,,,,,,,
6964,1999,10,18,2,30,0,0,,,,,,,,,,,,,,,,,,,,,,,,,,,,,,,,,,,,,,,
6965,1999,10,18,3,30,0,0,,,,,,,,,,,,,,,,,,,,,,,,,,,,,,,,,,,,,,,
6966,1999,10,18,4,30,0,0,,,,,,,,,,,,,,,,,,,,,,,,,,,,,,,,,,,,,,,
6967,1999,10,18,5,30,0,0,,,,,,,,,,,,,,,,,,,,,,,,,,,,,,,,,,,,,,,
6968,1999,10,18,6,30,38,409,,,,,,,,,,,,,,,,,,,,,,,,,,,,,,,,,,,,,,,
6969,1999,10,18,7,30,240,793,,,,,,,,,,,,,,,,,,,,,,,,,,,,,,,,,,,,,,,
6970,1999,10,18,8,30,451,928,,,,,,,,,,,,,,,,,,,,,,,,,,,,,,,,,,,,,,,
6971,1999,10,18,9,30,627,991,,,,,,,,,,,,,,,,,,,,,,,,,,,,,,,,,,,,,,,
6972,1999,10,18,10,30,504,75,,,,,,,,,,,,,,,,,,,,,,,,,,,,,,,,,,,,,,,
6973,1999,10,18,11,30,806,1037,,,,,,,,,,,,,,,,,,,,,,,,,,,,,,,,,,,,,,,
6974,1999,10,18,12,30,788,1029,,,,,,,,,,,,,,,,,,,,,,,,,,,,,,,,,,,,,,,
6975,1999,10,18,13,30,707,1011,,,,,,,,,,,,,,,,,,,,,,,,,,,,,,,,,,,,,,,
6976,1999,10,18,14,30,566,967,,,,,,,,,,,,,,,,,,,,,,,,,,,,,,,,,,,,,,,
6977,1999,10,18,15,30,375,885,,,,,,,,,,,,,,,,,,,,,,,,,,,,,,,,,,,,,,,
6978,1999,10,18,16,30,158,689,,,,,,,,,,,,,,,,,,,,,,,,,,,,,,,,,,,,,,,
6979,1999,10,18,17,30,0,0,,,,,,,,,,,,,,,,,,,,,,,,,,,,,,,,,,,,,,,
6980,1999,10,18,18,30,0,0,,,,,,,,,,,,,,,,,,,,,,,,,,,,,,,,,,,,,,,
6981,1999,10,18,19,30,0,0,,,,,,,,,,,,,,,,,,,,,,,,,,,,,,,,,,,,,,,
6982,1999,10,18,20,30,0,0,,,,,,,,,,,,,,,,,,,,,,,,,,,,,,,,,,,,,,,
6983,1999,10,18,21,30,0,0,,,,,,,,,,,,,,,,,,,,,,,,,,,,,,,,,,,,,,,
6984,1999,10,18,22,30,0,0,,,,,,,,,,,,,,,,,,,,,,,,,,,,,,,,,,,,,,,
6985,1999,10,18,23,30,0,0,,,,,,,,,,,,,,,,,,,,,,,,,,,,,,,,,,,,,,,
6986,1999,10,19,0,30,0,0,,,,,,,,,,,,,,,,,,,,,,,,,,,,,,,,,,,,,,,
6987,1999,10,19,1,30,0,0,,,,,,,,,,,,,,,,,,,,,,,,,,,,,,,,,,,,,,,
6988,1999,10,19,2,30,0,0,,,,,,,,,,,,,,,,,,,,,,,,,,,,,,,,,,,,,,,
6989,1999,10,19,3,30,0,0,,,,,,,,,,,,,,,,,,,,,,,,,,,,,,,,,,,,,,,
6990,1999,10,19,4,30,0,0,,,,,,,,,,,,,,,,,,,,,,,,,,,,,,,,,,,,,,,
6991,1999,10,19,5,30,0,0,,,,,,,,,,,,,,,,,,,,,,,,,,,,,,,,,,,,,,,
6992,1999,10,19,6,30,35,362,,,,,,,,,,,,,,,,,,,,,,,,,,,,,,,,,,,,,,,
6993,1999,10,19,7,30,238,785,,,,,,,,,,,,,,,,,,,,,,,,,,,,,,,,,,,,,,,
6994,1999,10,19,8,30,208,1,,,,,,,,,,,,,,,,,,,,,,,,,,,,,,,,,,,,,,,
6995,1999,10,19,9,30,320,4,,,,,,,,,,,,,,,,,,,,,,,,,,,,,,,,,,,,,,,
6996,1999,10,19,10,30,746,1010,,,,,,,,,,,,,,,,,,,,,,,,,,,,,,,,,,,,,,,
6997,1999,10,19,11,30,803,1022,,,,,,,,,,,,,,,,,,,,,,,,,,,,,,,,,,,,,,,
6998,1999,10,19,12,30,790,1020,,,,,,,,,,,,,,,,,,,,,,,,,,,,,,,,,,,,,,,
6999,1999,10,19,13,30,708,1001,,,,,,,,,,,,,,,,,,,,,,,,,,,,,,,,,,,,,,,
7000,1999,10,19,14,30,564,960,,,,,,,,,,,,,,,,,,,,,,,,,,,,,,,,,,,,,,,
7001,1999,10,19,15,30,372,877,,,,,,,,,,,,,,,,,,,,,,,,,,,,,,,,,,,,,,,
7002,1999,10,19,16,30,155,684,,,,,,,,,,,,,,,,,,,,,,,,,,,,,,,,,,,,,,,
7003,1999,10,19,17,30,0,0,,,,,,,,,,,,,,,,,,,,,,,,,,,,,,,,,,,,,,,
7004,1999,10,19,18,30,0,0,,,,,,,,,,,,,,,,,,,,,,,,,,,,,,,,,,,,,,,
7005,1999,10,19,19,30,0,0,,,,,,,,,,,,,,,,,,,,,,,,,,,,,,,,,,,,,,,
7006,1999,10,19,20,30,0,0,,,,,,,,,,,,,,,,,,,,,,,,,,,,,,,,,,,,,,,
7007,1999,10,19,21,30,0,0,,,,,,,,,,,,,,,,,,,,,,,,,,,,,,,,,,,,,,,
7008,1999,10,19,22,30,0,0,,,,,,,,,,,,,,,,,,,,,,,,,,,,,,,,,,,,,,,
7009,1999,10,19,23,30,0,0,,,,,,,,,,,,,,,,,,,,,,,,,,,,,,,,,,,,,,,
7010,1999,10,20,0,30,0,0,,,,,,,,,,,,,,,,,,,,,,,,,,,,,,,,,,,,,,,
7011,1999,10,20,1,30,0,0,,,,,,,,,,,,,,,,,,,,,,,,,,,,,,,,,,,,,,,
7012,1999,10,20,2,30,0,0,,,,,,,,,,,,,,,,,,,,,,,,,,,,,,,,,,,,,,,
7013,1999,10,20,3,30,0,0,,,,,,,,,,,,,,,,,,,,,,,,,,,,,,,,,,,,,,,
7014,1999,10,20,4,30,0,0,,,,,,,,,,,,,,,,,,,,,,,,,,,,,,,,,,,,,,,
7015,1999,10,20,5,30,0,0,,,,,,,,,,,,,,,,,,,,,,,,,,,,,,,,,,,,,,,
7016,1999,10,20,6,30,33,391,,,,,,,,,,,,,,,,,,,,,,,,,,,,,,,,,,,,,,,
7017,1999,10,20,7,30,232,798,,,,,,,,,,,,,,,,,,,,,,,,,,,,,,,,,,,,,,,
7018,1999,10,20,8,30,440,932,,,,,,,,,,,,,,,,,,,,,,,,,,,,,,,,,,,,,,,
7019,1999,10,20,9,30,613,996,,,,,,,,,,,,,,,,,,,,,,,,,,,,,,,,,,,,,,,
7020,1999,10,20,10,30,733,1028,,,,,,,,,,,,,,,,,,,,,,,,,,,,,,,,,,,,,,,
7021,1999,10,20,11,30,789,1039,,,,,,,,,,,,,,,,,,,,,,,,,,,,,,,,,,,,,,,
7022,1999,10,20,12,30,776,1037,,,,,,,,,,,,,,,,,,,,,,,,,,,,,,,,,,,,,,,
7023,1999,10,20,13,30,701,1027,,,,,,,,,,,,,,,,,,,,,,,,,,,,,,,,,,,,,,,
7024,1999,10,20,14,30,559,985,,,,,,,,,,,,,,,,,,,,,,,,,,,,,,,,,,,,,,,
7025,1999,10,20,15,30,368,901,,,,,,,,,,,,,,,,,,,,,,,,,,,,,,,,,,,,,,,
7026,1999,10,20,16,30,153,708,,,,,,,,,,,,,,,,,,,,,,,,,,,,,,,,,,,,,,,
7027,1999,10,20,17,30,0,0,,,,,,,,,,,,,,,,,,,,,,,,,,,,,,,,,,,,,,,
7028,1999,10,20,18,30,0,0,,,,,,,,,,,,,,,,,,,,,,,,,,,,,,,,,,,,,,,
7029,1999,10,20,19,30,0,0,,,,,,,,,,,,,,,,,,,,,,,,,,,,,,,,,,,,,,,
7030,1999,10,20,20,30,0,0,,,,,,,,,,,,,,,,,,,,,,,,,,,,,,,,,,,,,,,
7031,1999,10,20,21,30,0,0,,,,,,,,,,,,,,,,,,,,,,,,,,,,,,,,,,,,,,,
7032,1999,10,20,22,30,0,0,,,,,,,,,,,,,,,,,,,,,,,,,,,,,,,,,,,,,,,
7033,1999,10,20,23,30,0,0,,,,,,,,,,,,,,,,,,,,,,,,,,,,,,,,,,,,,,,
7034,1999,10,21,0,30,0,0,,,,,,,,,,,,,,,,,,,,,,,,,,,,,,,,,,,,,,,
7035,1999,10,21,1,30,0,0,,,,,,,,,,,,,,,,,,,,,,,,,,,,,,,,,,,,,,,
7036,1999,10,21,2,30,0,0,,,,,,,,,,,,,,,,,,,,,,,,,,,,,,,,,,,,,,,
7037,1999,10,21,3,30,0,0,,,,,,,,,,,,,,,,,,,,,,,,,,,,,,,,,,,,,,,
7038,1999,10,21,4,30,0,0,,,,,,,,,,,,,,,,,,,,,,,,,,,,,,,,,,,,,,,
7039,1999,10,21,5,30,0,0,,,,,,,,,,,,,,,,,,,,,,,,,,,,,,,,,,,,,,,
7040,1999,10,21,6,30,15,0,,,,,,,,,,,,,,,,,,,,,,,,,,,,,,,,,,,,,,,
7041,1999,10,21,7,30,231,812,,,,,,,,,,,,,,,,,,,,,,,,,,,,,,,,,,,,,,,
7042,1999,10,21,8,30,440,947,,,,,,,,,,,,,,,,,,,,,,,,,,,,,,,,,,,,,,,
7043,1999,10,21,9,30,614,1009,,,,,,,,,,,,,,,,,,,,,,,,,,,,,,,,,,,,,,,
7044,1999,10,21,10,30,734,1040,,,,,,,,,,,,,,,,,,,,,,,,,,,,,,,,,,,,,,,
7045,1999,10,21,11,30,790,1052,,,,,,,,,,,,,,,,,,,,,,,,,,,,,,,,,,,,,,,
7046,1999,10,21,12,30,777,1049,,,,,,,,,,,,,,,,,,,,,,,,,,,,,,,,,,,,,,,
7047,1999,10,21,13,30,696,1031,,,,,,,,,,,,,,,,,,,,,,,,,,,,,,,,,,,,,,,
7048,1999,10,21,14,30,554,988,,,,,,,,,,,,,,,,,,,,,,,,,,,,,,,,,,,,,,,
7049,1999,10,21,15,30,363,906,,,,,,,,,,,,,,,,,,,,,,,,,,,,,,,,,,,,,,,
7050,1999,10,21,16,30,149,711,,,,,,,,,,,,,,,,,,,,,,,,,,,,,,,,,,,,,,,
7051,1999,10,21,17,30,0,0,,,,,,,,,,,,,,,,,,,,,,,,,,,,,,,,,,,,,,,
7052,1999,10,21,18,30,0,0,,,,,,,,,,,,,,,,,,,,,,,,,,,,,,,,,,,,,,,
7053,1999,10,21,19,30,0,0,,,,,,,,,,,,,,,,,,,,,,,,,,,,,,,,,,,,,,,
7054,1999,10,21,20,30,0,0,,,,,,,,,,,,,,,,,,,,,,,,,,,,,,,,,,,,,,,
7055,1999,10,21,21,30,0,0,,,,,,,,,,,,,,,,,,,,,,,,,,,,,,,,,,,,,,,
7056,1999,10,21,22,30,0,0,,,,,,,,,,,,,,,,,,,,,,,,,,,,,,,,,,,,,,,
7057,1999,10,21,23,30,0,0,,,,,,,,,,,,,,,,,,,,,,,,,,,,,,,,,,,,,,,
7058,1999,10,22,0,30,0,0,,,,,,,,,,,,,,,,,,,,,,,,,,,,,,,,,,,,,,,
7059,1999,10,22,1,30,0,0,,,,,,,,,,,,,,,,,,,,,,,,,,,,,,,,,,,,,,,
7060,1999,10,22,2,30,0,0,,,,,,,,,,,,,,,,,,,,,,,,,,,,,,,,,,,,,,,
7061,1999,10,22,3,30,0,0,,,,,,,,,,,,,,,,,,,,,,,,,,,,,,,,,,,,,,,
7062,1999,10,22,4,30,0,0,,,,,,,,,,,,,,,,,,,,,,,,,,,,,,,,,,,,,,,
7063,1999,10,22,5,30,0,0,,,,,,,,,,,,,,,,,,,,,,,,,,,,,,,,,,,,,,,
7064,1999,10,22,6,30,15,0,,,,,,,,,,,,,,,,,,,,,,,,,,,,,,,,,,,,,,,
7065,1999,10,22,7,30,228,811,,,,,,,,,,,,,,,,,,,,,,,,,,,,,,,,,,,,,,,
7066,1999,10,22,8,30,437,945,,,,,,,,,,,,,,,,,,,,,,,,,,,,,,,,,,,,,,,
7067,1999,10,22,9,30,605,999,,,,,,,,,,,,,,,,,,,,,,,,,,,,,,,,,,,,,,,
7068,1999,10,22,10,30,725,1030,,,,,,,,,,,,,,,,,,,,,,,,,,,,,,,,,,,,,,,
7069,1999,10,22,11,30,780,1042,,,,,,,,,,,,,,,,,,,,,,,,,,,,,,,,,,,,,,,
7070,1999,10,22,12,30,767,1039,,,,,,,,,,,,,,,,,,,,,,,,,,,,,,,,,,,,,,,
7071,1999,10,22,13,30,686,1020,,,,,,,,,,,,,,,,,,,,,,,,,,,,,,,,,,,,,,,
7072,1999,10,22,14,30,544,977,,,,,,,,,,,,,,,,,,,,,,,,,,,,,,,,,,,,,,,
7073,1999,10,22,15,30,355,893,,,,,,,,,,,,,,,,,,,,,,,,,,,,,,,,,,,,,,,
7074,1999,10,22,16,30,142,692,,,,,,,,,,,,,,,,,,,,,,,,,,,,,,,,,,,,,,,
7075,1999,10,22,17,30,0,0,,,,,,,,,,,,,,,,,,,,,,,,,,,,,,,,,,,,,,,
7076,1999,10,22,18,30,0,0,,,,,,,,,,,,,,,,,,,,,,,,,,,,,,,,,,,,,,,
7077,1999,10,22,19,30,0,0,,,,,,,,,,,,,,,,,,,,,,,,,,,,,,,,,,,,,,,
7078,1999,10,22,20,30,0,0,,,,,,,,,,,,,,,,,,,,,,,,,,,,,,,,,,,,,,,
7079,1999,10,22,21,30,0,0,,,,,,,,,,,,,,,,,,,,,,,,,,,,,,,,,,,,,,,
7080,1999,10,22,22,30,0,0,,,,,,,,,,,,,,,,,,,,,,,,,,,,,,,,,,,,,,,
7081,1999,10,22,23,30,0,0,,,,,,,,,,,,,,,,,,,,,,,,,,,,,,,,,,,,,,,
7082,1999,10,23,0,30,0,0,,,,,,,,,,,,,,,,,,,,,,,,,,,,,,,,,,,,,,,
7083,1999,10,23,1,30,0,0,,,,,,,,,,,,,,,,,,,,,,,,,,,,,,,,,,,,,,,
7084,1999,10,23,2,30,0,0,,,,,,,,,,,,,,,,,,,,,,,,,,,,,,,,,,,,,,,
7085,1999,10,23,3,30,0,0,,,,,,,,,,,,,,,,,,,,,,,,,,,,,,,,,,,,,,,
7086,1999,10,23,4,30,0,0,,,,,,,,,,,,,,,,,,,,,,,,,,,,,,,,,,,,,,,
7087,1999,10,23,5,30,0,0,,,,,,,,,,,,,,,,,,,,,,,,,,,,,,,,,,,,,,,
7088,1999,10,23,6,30,14,0,,,,,,,,,,,,,,,,,,,,,,,,,,,,,,,,,,,,,,,
7089,1999,10,23,7,30,224,802,,,,,,,,,,,,,,,,,,,,,,,,,,,,,,,,,,,,,,,
7090,1999,10,23,8,30,432,941,,,,,,,,,,,,,,,,,,,,,,,,,,,,,,,,,,,,,,,
7091,1999,10,23,9,30,606,1005,,,,,,,,,,,,,,,,,,,,,,,,,,,,,,,,,,,,,,,
7092,1999,10,23,10,30,725,1036,,,,,,,,,,,,,,,,,,,,,,,,,,,,,,,,,,,,,,,
7093,1999,10,23,11,30,781,1049,,,,,,,,,,,,,,,,,,,,,,,,,,,,,,,,,,,,,,,
7094,1999,10,23,12,30,761,1036,,,,,,,,,,,,,,,,,,,,,,,,,,,,,,,,,,,,,,,
7095,1999,10,23,13,30,680,1017,,,,,,,,,,,,,,,,,,,,,,,,,,,,,,,,,,,,,,,
7096,1999,10,23,14,30,539,973,,,,,,,,,,,,,,,,,,,,,,,,,,,,,,,,,,,,,,,
7097,1999,10,23,15,30,350,887,,,,,,,,,,,,,,,,,,,,,,,,,,,,,,,,,,,,,,,
7098,1999,10,23,16,30,138,683,,,,,,,,,,,,,,,,,,,,,,,,,,,,,,,,,,,,,,,
7099,1999,10,23,17,30,0,0,,,,,,,,,,,,,,,,,,,,,,,,,,,,,,,,,,,,,,,
7100,1999,10,23,18,30,0,0,,,,,,,,,,,,,,,,,,,,,,,,,,,,,,,,,,,,,,,
7101,1999,10,23,19,30,0,0,,,,,,,,,,,,,,,,,,,,,,,,,,,,,,,,,,,,,,,
7102,1999,10,23,20,30,0,0,,,,,,,,,,,,,,,,,,,,,,,,,,,,,,,,,,,,,,,
7103,1999,10,23,21,30,0,0,,,,,,,,,,,,,,,,,,,,,,,,,,,,,,,,,,,,,,,
7104,1999,10,23,22,30,0,0,,,,,,,,,,,,,,,,,,,,,,,,,,,,,,,,,,,,,,,
7105,1999,10,23,23,30,0,0,,,,,,,,,,,,,,,,,,,,,,,,,,,,,,,,,,,,,,,
7106,1999,10,24,0,30,0,0,,,,,,,,,,,,,,,,,,,,,,,,,,,,,,,,,,,,,,,
7107,1999,10,24,1,30,0,0,,,,,,,,,,,,,,,,,,,,,,,,,,,,,,,,,,,,,,,
7108,1999,10,24,2,30,0,0,,,,,,,,,,,,,,,,,,,,,,,,,,,,,,,,,,,,,,,
7109,1999,10,24,3,30,0,0,,,,,,,,,,,,,,,,,,,,,,,,,,,,,,,,,,,,,,,
7110,1999,10,24,4,30,0,0,,,,,,,,,,,,,,,,,,,,,,,,,,,,,,,,,,,,,,,
7111,1999,10,24,5,30,0,0,,,,,,,,,,,,,,,,,,,,,,,,,,,,,,,,,,,,,,,
7112,1999,10,24,6,30,25,366,,,,,,,,,,,,,,,,,,,,,,,,,,,,,,,,,,,,,,,
7113,1999,10,24,7,30,220,801,,,,,,,,,,,,,,,,,,,,,,,,,,,,,,,,,,,,,,,
7114,1999,10,24,8,30,428,935,,,,,,,,,,,,,,,,,,,,,,,,,,,,,,,,,,,,,,,
7115,1999,10,24,9,30,602,1001,,,,,,,,,,,,,,,,,,,,,,,,,,,,,,,,,,,,,,,
7116,1999,10,24,10,30,721,1032,,,,,,,,,,,,,,,,,,,,,,,,,,,,,,,,,,,,,,,
7117,1999,10,24,11,30,777,1042,,,,,,,,,,,,,,,,,,,,,,,,,,,,,,,,,,,,,,,
7118,1999,10,24,12,30,763,1038,,,,,,,,,,,,,,,,,,,,,,,,,,,,,,,,,,,,,,,
7119,1999,10,24,13,30,681,1019,,,,,,,,,,,,,,,,,,,,,,,,,,,,,,,,,,,,,,,
7120,1999,10,24,14,30,538,971,,,,,,,,,,,,,,,,,,,,,,,,,,,,,,,,,,,,,,,
7121,1999,10,24,15,30,348,882,,,,,,,,,,,,,,,,,,,,,,,,,,,,,,,,,,,,,,,
7122,1999,10,24,16,30,92,36,,,,,,,,,,,,,,,,,,,,,,,,,,,,,,,,,,,,,,,
7123,1999,10,24,17,30,0,0,,,,,,,,,,,,,,,,,,,,,,,,,,,,,,,,,,,,,,,
7124,1999,10,24,18,30,0,0,,,,,,,,,,,,,,,,,,,,,,,,,,,,,,,,,,,,,,,
7125,1999,10,24,19,30,0,0,,,,,,,,,,,,,,,,,,,,,,,,,,,,,,,,,,,,,,,
7126,1999,10,24,20,30,0,0,,,,,,,,,,,,,,,,,,,,,,,,,,,,,,,,,,,,,,,
7127,1999,10,24,21,30,0,0,,,,,,,,,,,,,,,,,,,,,,,,,,,,,,,,,,,,,,,
7128,1999,10,24,22,30,0,0,,,,,,,,,,,,,,,,,,,,,,,,,,,,,,,,,,,,,,,
7129,1999,10,24,23,30,0,0,,,,,,,,,,,,,,,,,,,,,,,,,,,,,,,,,,,,,,,
7130,1999,10,25,0,30,0,0,,,,,,,,,,,,,,,,,,,,,,,,,,,,,,,,,,,,,,,
7131,1999,10,25,1,30,0,0,,,,,,,,,,,,,,,,,,,,,,,,,,,,,,,,,,,,,,,
7132,1999,10,25,2,30,0,0,,,,,,,,,,,,,,,,,,,,,,,,,,,,,,,,,,,,,,,
7133,1999,10,25,3,30,0,0,,,,,,,,,,,,,,,,,,,,,,,,,,,,,,,,,,,,,,,
7134,1999,10,25,4,30,0,0,,,,,,,,,,,,,,,,,,,,,,,,,,,,,,,,,,,,,,,
7135,1999,10,25,5,30,0,0,,,,,,,,,,,,,,,,,,,,,,,,,,,,,,,,,,,,,,,
7136,1999,10,25,6,30,23,318,,,,,,,,,,,,,,,,,,,,,,,,,,,,,,,,,,,,,,,
7137,1999,10,25,7,30,214,773,,,,,,,,,,,,,,,,,,,,,,,,,,,,,,,,,,,,,,,
7138,1999,10,25,8,30,420,916,,,,,,,,,,,,,,,,,,,,,,,,,,,,,,,,,,,,,,,
7139,1999,10,25,9,30,592,985,,,,,,,,,,,,,,,,,,,,,,,,,,,,,,,,,,,,,,,
7140,1999,10,25,10,30,711,1020,,,,,,,,,,,,,,,,,,,,,,,,,,,,,,,,,,,,,,,
7141,1999,10,25,11,30,765,1033,,,,,,,,,,,,,,,,,,,,,,,,,,,,,,,,,,,,,,,
7142,1999,10,25,12,30,757,1040,,,,,,,,,,,,,,,,,,,,,,,,,,,,,,,,,,,,,,,
7143,1999,10,25,13,30,675,1020,,,,,,,,,,,,,,,,,,,,,,,,,,,,,,,,,,,,,,,
7144,1999,10,25,14,30,528,965,,,,,,,,,,,,,,,,,,,,,,,,,,,,,,,,,,,,,,,
7145,1999,10,25,15,30,339,874,,,,,,,,,,,,,,,,,,,,,,,,,,,,,,,,,,,,,,,
7146,1999,10,25,16,30,129,656,,,,,,,,,,,,,,,,,,,,,,,,,,,,,,,,,,,,,,,
7147,1999,10,25,17,30,0,0,,,,,,,,,,,,,,,,,,,,,,,,,,,,,,,,,,,,,,,
7148,1999,10,25,18,30,0,0,,,,,,,,,,,,,,,,,,,,,,,,,,,,,,,,,,,,,,,
7149,1999,10,25,19,30,0,0,,,,,,,,,,,,,,,,,,,,,,,,,,,,,,,,,,,,,,,
7150,1999,10,25,20,30,0,0,,,,,,,,,,,,,,,,,,,,,,,,,,,,,,,,,,,,,,,
7151,1999,10,25,21,30,0,0,,,,,,,,,,,,,,,,,,,,,,,,,,,,,,,,,,,,,,,
7152,1999,10,25,22,30,0,0,,,,,,,,,,,,,,,,,,,,,,,,,,,,,,,,,,,,,,,
7153,1999,10,25,23,30,0,0,,,,,,,,,,,,,,,,,,,,,,,,,,,,,,,,,,,,,,,
7154,1999,10,26,0,30,0,0,,,,,,,,,,,,,,,,,,,,,,,,,,,,,,,,,,,,,,,
7155,1999,10,26,1,30,0,0,,,,,,,,,,,,,,,,,,,,,,,,,,,,,,,,,,,,,,,
7156,1999,10,26,2,30,0,0,,,,,,,,,,,,,,,,,,,,,,,,,,,,,,,,,,,,,,,
7157,1999,10,26,3,30,0,0,,,,,,,,,,,,,,,,,,,,,,,,,,,,,,,,,,,,,,,
7158,1999,10,26,4,30,0,0,,,,,,,,,,,,,,,,,,,,,,,,,,,,,,,,,,,,,,,
7159,1999,10,26,5,30,0,0,,,,,,,,,,,,,,,,,,,,,,,,,,,,,,,,,,,,,,,
7160,1999,10,26,6,30,9,0,,,,,,,,,,,,,,,,,,,,,,,,,,,,,,,,,,,,,,,
7161,1999,10,26,7,30,213,786,,,,,,,,,,,,,,,,,,,,,,,,,,,,,,,,,,,,,,,
7162,1999,10,26,8,30,419,931,,,,,,,,,,,,,,,,,,,,,,,,,,,,,,,,,,,,,,,
7163,1999,10,26,9,30,592,996,,,,,,,,,,,,,,,,,,,,,,,,,,,,,,,,,,,,,,,
7164,1999,10,26,10,30,711,1029,,,,,,,,,,,,,,,,,,,,,,,,,,,,,,,,,,,,,,,
7165,1999,10,26,11,30,766,1040,,,,,,,,,,,,,,,,,,,,,,,,,,,,,,,,,,,,,,,
7166,1999,10,26,12,30,752,1037,,,,,,,,,,,,,,,,,,,,,,,,,,,,,,,,,,,,,,,
7167,1999,10,26,13,30,671,1018,,,,,,,,,,,,,,,,,,,,,,,,,,,,,,,,,,,,,,,
7168,1999,10,26,14,30,528,971,,,,,,,,,,,,,,,,,,,,,,,,,,,,,,,,,,,,,,,
7169,1999,10,26,15,30,338,880,,,,,,,,,,,,,,,,,,,,,,,,,,,,,,,,,,,,,,,
7170,1999,10,26,16,30,127,660,,,,,,,,,,,,,,,,,,,,,,,,,,,,,,,,,,,,,,,
7171,1999,10,26,17,30,0,0,,,,,,,,,,,,,,,,,,,,,,,,,,,,,,,,,,,,,,,
7172,1999,10,26,18,30,0,0,,,,,,,,,,,,,,,,,,,,,,,,,,,,,,,,,,,,,,,
7173,1999,10,26,19,30,0,0,,,,,,,,,,,,,,,,,,,,,,,,,,,,,,,,,,,,,,,
7174,1999,10,26,20,30,0,0,,,,,,,,,,,,,,,,,,,,,,,,,,,,,,,,,,,,,,,
7175,1999,10,26,21,30,0,0,,,,,,,,,,,,,,,,,,,,,,,,,,,,,,,,,,,,,,,
7176,1999,10,26,22,30,0,0,,,,,,,,,,,,,,,,,,,,,,,,,,,,,,,,,,,,,,,
7177,1999,10,26,23,30,0,0,,,,,,,,,,,,,,,,,,,,,,,,,,,,,,,,,,,,,,,
7178,1999,10,27,0,30,0,0,,,,,,,,,,,,,,,,,,,,,,,,,,,,,,,,,,,,,,,
7179,1999,10,27,1,30,0,0,,,,,,,,,,,,,,,,,,,,,,,,,,,,,,,,,,,,,,,
7180,1999,10,27,2,30,0,0,,,,,,,,,,,,,,,,,,,,,,,,,,,,,,,,,,,,,,,
7181,1999,10,27,3,30,0,0,,,,,,,,,,,,,,,,,,,,,,,,,,,,,,,,,,,,,,,
7182,1999,10,27,4,30,0,0,,,,,,,,,,,,,,,,,,,,,,,,,,,,,,,,,,,,,,,
7183,1999,10,27,5,30,0,0,,,,,,,,,,,,,,,,,,,,,,,,,,,,,,,,,,,,,,,
7184,1999,10,27,6,30,7,0,,,,,,,,,,,,,,,,,,,,,,,,,,,,,,,,,,,,,,,
7185,1999,10,27,7,30,168,640,,,,,,,,,,,,,,,,,,,,,,,,,,,,,,,,,,,,,,,
7186,1999,10,27,8,30,360,590,,,,,,,,,,,,,,,,,,,,,,,,,,,,,,,,,,,,,,,
7187,1999,10,27,9,30,351,145,,,,,,,,,,,,,,,,,,,,,,,,,,,,,,,,,,,,,,,
7188,1999,10,27,10,30,343,72,,,,,,,,,,,,,,,,,,,,,,,,,,,,,,,,,,,,,,,
7189,1999,10,27,11,30,588,460,,,,,,,,,,,,,,,,,,,,,,,,,,,,,,,,,,,,,,,
7190,1999,10,27,12,30,687,761,,,,,,,,,,,,,,,,,,,,,,,,,,,,,,,,,,,,,,,
7191,1999,10,27,13,30,548,568,,,,,,,,,,,,,,,,,,,,,,,,,,,,,,,,,,,,,,,
7192,1999,10,27,14,30,239,39,,,,,,,,,,,,,,,,,,,,,,,,,,,,,,,,,,,,,,,
7193,1999,10,27,15,30,28,0,,,,,,,,,,,,,,,,,,,,,,,,,,,,,,,,,,,,,,,
7194,1999,10,27,16,30,79,34,,,,,,,,,,,,,,,,,,,,,,,,,,,,,,,,,,,,,,,
7195,1999,10,27,17,30,0,0,,,,,,,,,,,,,,,,,,,,,,,,,,,,,,,,,,,,,,,
7196,1999,10,27,18,30,0,0,,,,,,,,,,,,,,,,,,,,,,,,,,,,,,,,,,,,,,,
7197,1999,10,27,19,30,0,0,,,,,,,,,,,,,,,,,,,,,,,,,,,,,,,,,,,,,,,
7198,1999,10,27,20,30,0,0,,,,,,,,,,,,,,,,,,,,,,,,,,,,,,,,,,,,,,,
7199,1999,10,27,21,30,0,0,,,,,,,,,,,,,,,,,,,,,,,,,,,,,,,,,,,,,,,
7200,1999,10,27,22,30,0,0,,,,,,,,,,,,,,,,,,,,,,,,,,,,,,,,,,,,,,,
7201,1999,10,27,23,30,0,0,,,,,,,,,,,,,,,,,,,,,,,,,,,,,,,,,,,,,,,
7202,1999,10,28,0,30,0,0,,,,,,,,,,,,,,,,,,,,,,,,,,,,,,,,,,,,,,,
7203,1999,10,28,1,30,0,0,,,,,,,,,,,,,,,,,,,,,,,,,,,,,,,,,,,,,,,
7204,1999,10,28,2,30,0,0,,,,,,,,,,,,,,,,,,,,,,,,,,,,,,,,,,,,,,,
7205,1999,10,28,3,30,0,0,,,,,,,,,,,,,,,,,,,,,,,,,,,,,,,,,,,,,,,
7206,1999,10,28,4,30,0,0,,,,,,,,,,,,,,,,,,,,,,,,,,,,,,,,,,,,,,,
7207,1999,10,28,5,30,0,0,,,,,,,,,,,,,,,,,,,,,,,,,,,,,,,,,,,,,,,
7208,1999,10,28,6,30,6,0,,,,,,,,,,,,,,,,,,,,,,,,,,,,,,,,,,,,,,,
7209,1999,10,28,7,30,137,50,,,,,,,,,,,,,,,,,,,,,,,,,,,,,,,,,,,,,,,
7210,1999,10,28,8,30,400,884,,,,,,,,,,,,,,,,,,,,,,,,,,,,,,,,,,,,,,,
7211,1999,10,28,9,30,570,958,,,,,,,,,,,,,,,,,,,,,,,,,,,,,,,,,,,,,,,
7212,1999,10,28,10,30,687,995,,,,,,,,,,,,,,,,,,,,,,,,,,,,,,,,,,,,,,,
7213,1999,10,28,11,30,740,1007,,,,,,,,,,,,,,,,,,,,,,,,,,,,,,,,,,,,,,,
7214,1999,10,28,12,30,727,1006,,,,,,,,,,,,,,,,,,,,,,,,,,,,,,,,,,,,,,,
7215,1999,10,28,13,30,650,992,,,,,,,,,,,,,,,,,,,,,,,,,,,,,,,,,,,,,,,
7216,1999,10,28,14,30,509,943,,,,,,,,,,,,,,,,,,,,,,,,,,,,,,,,,,,,,,,
7217,1999,10,28,15,30,320,842,,,,,,,,,,,,,,,,,,,,,,,,,,,,,,,,,,,,,,,
7218,1999,10,28,16,30,85,82,,,,,,,,,,,,,,,,,,,,,,,,,,,,,,,,,,,,,,,
7219,1999,10,28,17,30,0,0,,,,,,,,,,,,,,,,,,,,,,,,,,,,,,,,,,,,,,,
7220,1999,10,28,18,30,0,0,,,,,,,,,,,,,,,,,,,,,,,,,,,,,,,,,,,,,,,
7221,1999,10,28,19,30,0,0,,,,,,,,,,,,,,,,,,,,,,,,,,,,,,,,,,,,,,,
7222,1999,10,28,20,30,0,0,,,,,,,,,,,,,,,,,,,,,,,,,,,,,,,,,,,,,,,
7223,1999,10,28,21,30,0,0,,,,,,,,,,,,,,,,,,,,,,,,,,,,,,,,,,,,,,,
7224,1999,10,28,22,30,0,0,,,,,,,,,,,,,,,,,,,,,,,,,,,,,,,,,,,,,,,
7225,1999,10,28,23,30,0,0,,,,,,,,,,,,,,,,,,,,,,,,,,,,,,,,,,,,,,,
7226,1999,10,29,0,30,0,0,,,,,,,,,,,,,,,,,,,,,,,,,,,,,,,,,,,,,,,
7227,1999,10,29,1,30,0,0,,,,,,,,,,,,,,,,,,,,,,,,,,,,,,,,,,,,,,,
7228,1999,10,29,2,30,0,0,,,,,,,,,,,,,,,,,,,,,,,,,,,,,,,,,,,,,,,
7229,1999,10,29,3,30,0,0,,,,,,,,,,,,,,,,,,,,,,,,,,,,,,,,,,,,,,,
7230,1999,10,29,4,30,0,0,,,,,,,,,,,,,,,,,,,,,,,,,,,,,,,,,,,,,,,
7231,1999,10,29,5,30,0,0,,,,,,,,,,,,,,,,,,,,,,,,,,,,,,,,,,,,,,,
7232,1999,10,29,6,30,14,199,,,,,,,,,,,,,,,,,,,,,,,,,,,,,,,,,,,,,,,
7233,1999,10,29,7,30,188,684,,,,,,,,,,,,,,,,,,,,,,,,,,,,,,,,,,,,,,,
7234,1999,10,29,8,30,386,848,,,,,,,,,,,,,,,,,,,,,,,,,,,,,,,,,,,,,,,
7235,1999,10,29,9,30,552,922,,,,,,,,,,,,,,,,,,,,,,,,,,,,,,,,,,,,,,,
7236,1999,10,29,10,30,667,958,,,,,,,,,,,,,,,,,,,,,,,,,,,,,,,,,,,,,,,
7237,1999,10,29,11,30,249,9,,,,,,,,,,,,,,,,,,,,,,,,,,,,,,,,,,,,,,,
7238,1999,10,29,12,30,716,988,,,,,,,,,,,,,,,,,,,,,,,,,,,,,,,,,,,,,,,
7239,1999,10,29,13,30,262,28,,,,,,,,,,,,,,,,,,,,,,,,,,,,,,,,,,,,,,,
7240,1999,10,29,14,30,512,968,,,,,,,,,,,,,,,,,,,,,,,,,,,,,,,,,,,,,,,
7241,1999,10,29,15,30,324,878,,,,,,,,,,,,,,,,,,,,,,,,,,,,,,,,,,,,,,,
7242,1999,10,29,16,30,115,648,,,,,,,,,,,,,,,,,,,,,,,,,,,,,,,,,,,,,,,
7243,1999,10,29,17,30,0,0,,,,,,,,,,,,,,,,,,,,,,,,,,,,,,,,,,,,,,,
7244,1999,10,29,18,30,0,0,,,,,,,,,,,,,,,,,,,,,,,,,,,,,,,,,,,,,,,
7245,1999,10,29,19,30,0,0,,,,,,,,,,,,,,,,,,,,,,,,,,,,,,,,,,,,,,,
7246,1999,10,29,20,30,0,0,,,,,,,,,,,,,,,,,,,,,,,,,,,,,,,,,,,,,,,
7247,1999,10,29,21,30,0,0,,,,,,,,,,,,,,,,,,,,,,,,,,,,,,,,,,,,,,,
7248,1999,10,29,22,30,0,0,,,,,,,,,,,,,,,,,,,,,,,,,,,,,,,,,,,,,,,
7249,1999,10,29,23,30,0,0,,,,,,,,,,,,,,,,,,,,,,,,,,,,,,,,,,,,,,,
7250,1999,10,30,0,30,0,0,,,,,,,,,,,,,,,,,,,,,,,,,,,,,,,,,,,,,,,
7251,1999,10,30,1,30,0,0,,,,,,,,,,,,,,,,,,,,,,,,,,,,,,,,,,,,,,,
7252,1999,10,30,2,30,0,0,,,,,,,,,,,,,,,,,,,,,,,,,,,,,,,,,,,,,,,
7253,1999,10,30,3,30,0,0,,,,,,,,,,,,,,,,,,,,,,,,,,,,,,,,,,,,,,,
7254,1999,10,30,4,30,0,0,,,,,,,,,,,,,,,,,,,,,,,,,,,,,,,,,,,,,,,
7255,1999,10,30,5,30,0,0,,,,,,,,,,,,,,,,,,,,,,,,,,,,,,,,,,,,,,,
7256,1999,10,30,6,30,0,0,,,,,,,,,,,,,,,,,,,,,,,,,,,,,,,,,,,,,,,
7257,1999,10,30,7,30,197,781,,,,,,,,,,,,,,,,,,,,,,,,,,,,,,,,,,,,,,,
7258,1999,10,30,8,30,401,934,,,,,,,,,,,,,,,,,,,,,,,,,,,,,,,,,,,,,,,
7259,1999,10,30,9,30,571,1002,,,,,,,,,,,,,,,,,,,,,,,,,,,,,,,,,,,,,,,
7260,1999,10,30,10,30,689,1036,,,,,,,,,,,,,,,,,,,,,,,,,,,,,,,,,,,,,,,
7261,1999,10,30,11,30,742,1050,,,,,,,,,,,,,,,,,,,,,,,,,,,,,,,,,,,,,,,
7262,1999,10,30,12,30,728,1047,,,,,,,,,,,,,,,,,,,,,,,,,,,,,,,,,,,,,,,
7263,1999,10,30,13,30,646,1028,,,,,,,,,,,,,,,,,,,,,,,,,,,,,,,,,,,,,,,
7264,1999,10,30,14,30,505,985,,,,,,,,,,,,,,,,,,,,,,,,,,,,,,,,,,,,,,,
7265,1999,10,30,15,30,317,896,,,,,,,,,,,,,,,,,,,,,,,,,,,,,,,,,,,,,,,
7266,1999,10,30,16,30,110,671,,,,,,,,,,,,,,,,,,,,,,,,,,,,,,,,,,,,,,,
7267,1999,10,30,17,30,0,0,,,,,,,,,,,,,,,,,,,,,,,,,,,,,,,,,,,,,,,
7268,1999,10,30,18,30,0,0,,,,,,,,,,,,,,,,,,,,,,,,,,,,,,,,,,,,,,,
7269,1999,10,30,19,30,0,0,,,,,,,,,,,,,,,,,,,,,,,,,,,,,,,,,,,,,,,
7270,1999,10,30,20,30,0,0,,,,,,,,,,,,,,,,,,,,,,,,,,,,,,,,,,,,,,,
7271,1999,10,30,21,30,0,0,,,,,,,,,,,,,,,,,,,,,,,,,,,,,,,,,,,,,,,
7272,1999,10,30,22,30,0,0,,,,,,,,,,,,,,,,,,,,,,,,,,,,,,,,,,,,,,,
7273,1999,10,30,23,30,0,0,,,,,,,,,,,,,,,,,,,,,,,,,,,,,,,,,,,,,,,
7274,1999,10,31,0,30,0,0,,,,,,,,,,,,,,,,,,,,,,,,,,,,,,,,,,,,,,,
7275,1999,10,31,1,30,0,0,,,,,,,,,,,,,,,,,,,,,,,,,,,,,,,,,,,,,,,
7276,1999,10,31,2,30,0,0,,,,,,,,,,,,,,,,,,,,,,,,,,,,,,,,,,,,,,,
7277,1999,10,31,3,30,0,0,,,,,,,,,,,,,,,,,,,,,,,,,,,,,,,,,,,,,,,
7278,1999,10,31,4,30,0,0,,,,,,,,,,,,,,,,,,,,,,,,,,,,,,,,,,,,,,,
7279,1999,10,31,5,30,0,0,,,,,,,,,,,,,,,,,,,,,,,,,,,,,,,,,,,,,,,
7280,1999,10,31,6,30,0,0,,,,,,,,,,,,,,,,,,,,,,,,,,,,,,,,,,,,,,,
7281,1999,10,31,7,30,189,779,,,,,,,,,,,,,,,,,,,,,,,,,,,,,,,,,,,,,,,
7282,1999,10,31,8,30,391,930,,,,,,,,,,,,,,,,,,,,,,,,,,,,,,,,,,,,,,,
7283,1999,10,31,9,30,559,997,,,,,,,,,,,,,,,,,,,,,,,,,,,,,,,,,,,,,,,
7284,1999,10,31,10,30,676,1030,,,,,,,,,,,,,,,,,,,,,,,,,,,,,,,,,,,,,,,
7285,1999,10,31,11,30,730,1043,,,,,,,,,,,,,,,,,,,,,,,,,,,,,,,,,,,,,,,
7286,1999,10,31,12,30,715,1040,,,,,,,,,,,,,,,,,,,,,,,,,,,,,,,,,,,,,,,
7287,1999,10,31,13,30,635,1020,,,,,,,,,,,,,,,,,,,,,,,,,,,,,,,,,,,,,,,
7288,1999,10,31,14,30,495,976,,,,,,,,,,,,,,,,,,,,,,,,,,,,,,,,,,,,,,,
7289,1999,10,31,15,30,309,884,,,,,,,,,,,,,,,,,,,,,,,,,,,,,,,,,,,,,,,
7290,1999,10,31,16,30,105,654,,,,,,,,,,,,,,,,,,,,,,,,,,,,,,,,,,,,,,,
7291,1999,10,31,17,30,0,0,,,,,,,,,,,,,,,,,,,,,,,,,,,,,,,,,,,,,,,
7292,1999,10,31,18,30,0,0,,,,,,,,,,,,,,,,,,,,,,,,,,,,,,,,,,,,,,,
7293,1999,10,31,19,30,0,0,,,,,,,,,,,,,,,,,,,,,,,,,,,,,,,,,,,,,,,
7294,1999,10,31,20,30,0,0,,,,,,,,,,,,,,,,,,,,,,,,,,,,,,,,,,,,,,,
7295,1999,10,31,21,30,0,0,,,,,,,,,,,,,,,,,,,,,,,,,,,,,,,,,,,,,,,
7296,1999,10,31,22,30,0,0,,,,,,,,,,,,,,,,,,,,,,,,,,,,,,,,,,,,,,,
7297,1999,10,31,23,30,0,0,,,,,,,,,,,,,,,,,,,,,,,,,,,,,,,,,,,,,,,
7298,1999,11,1,0,30,0,0,,,,,,,,,,,,,,,,,,,,,,,,,,,,,,,,,,,,,,,
7299,1999,11,1,1,30,0,0,,,,,,,,,,,,,,,,,,,,,,,,,,,,,,,,,,,,,,,
7300,1999,11,1,2,30,0,0,,,,,,,,,,,,,,,,,,,,,,,,,,,,,,,,,,,,,,,
7301,1999,11,1,3,30,0,0,,,,,,,,,,,,,,,,,,,,,,,,,,,,,,,,,,,,,,,
7302,1999,11,1,4,30,0,0,,,,,,,,,,,,,,,,,,,,,,,,,,,,,,,,,,,,,,,
7303,1999,11,1,5,30,0,0,,,,,,,,,,,,,,,,,,,,,,,,,,,,,,,,,,,,,,,
7304,1999,11,1,6,30,0,0,,,,,,,,,,,,,,,,,,,,,,,,,,,,,,,,,,,,,,,
7305,1999,11,1,7,30,189,788,,,,,,,,,,,,,,,,,,,,,,,,,,,,,,,,,,,,,,,
7306,1999,11,1,8,30,391,940,,,,,,,,,,,,,,,,,,,,,,,,,,,,,,,,,,,,,,,
7307,1999,11,1,9,30,561,1007,,,,,,,,,,,,,,,,,,,,,,,,,,,,,,,,,,,,,,,
7308,1999,11,1,10,30,673,1030,,,,,,,,,,,,,,,,,,,,,,,,,,,,,,,,,,,,,,,
7309,1999,11,1,11,30,728,1040,,,,,,,,,,,,,,,,,,,,,,,,,,,,,,,,,,,,,,,
7310,1999,11,1,12,30,710,1027,,,,,,,,,,,,,,,,,,,,,,,,,,,,,,,,,,,,,,,
7311,1999,11,1,13,30,630,1005,,,,,,,,,,,,,,,,,,,,,,,,,,,,,,,,,,,,,,,
7312,1999,11,1,14,30,488,948,,,,,,,,,,,,,,,,,,,,,,,,,,,,,,,,,,,,,,,
7313,1999,11,1,15,30,228,256,,,,,,,,,,,,,,,,,,,,,,,,,,,,,,,,,,,,,,,
7314,1999,11,1,16,30,66,15,,,,,,,,,,,,,,,,,,,,,,,,,,,,,,,,,,,,,,,
7315,1999,11,1,17,30,0,0,,,,,,,,,,,,,,,,,,,,,,,,,,,,,,,,,,,,,,,
7316,1999,11,1,18,30,0,0,,,,,,,,,,,,,,,,,,,,,,,,,,,,,,,,,,,,,,,
7317,1999,11,1,19,30,0,0,,,,,,,,,,,,,,,,,,,,,,,,,,,,,,,,,,,,,,,
7318,1999,11,1,20,30,0,0,,,,,,,,,,,,,,,,,,,,,,,,,,,,,,,,,,,,,,,
7319,1999,11,1,21,30,0,0,,,,,,,,,,,,,,,,,,,,,,,,,,,,,,,,,,,,,,,
7320,1999,11,1,22,30,0,0,,,,,,,,,,,,,,,,,,,,,,,,,,,,,,,,,,,,,,,
7321,1999,11,1,23,30,0,0,,,,,,,,,,,,,,,,,,,,,,,,,,,,,,,,,,,,,,,
7322,1999,11,2,0,30,0,0,,,,,,,,,,,,,,,,,,,,,,,,,,,,,,,,,,,,,,,
7323,1999,11,2,1,30,0,0,,,,,,,,,,,,,,,,,,,,,,,,,,,,,,,,,,,,,,,
7324,1999,11,2,2,30,0,0,,,,,,,,,,,,,,,,,,,,,,,,,,,,,,,,,,,,,,,
7325,1999,11,2,3,30,0,0,,,,,,,,,,,,,,,,,,,,,,,,,,,,,,,,,,,,,,,
7326,1999,11,2,4,30,0,0,,,,,,,,,,,,,,,,,,,,,,,,,,,,,,,,,,,,,,,
7327,1999,11,2,5,30,0,0,,,,,,,,,,,,,,,,,,,,,,,,,,,,,,,,,,,,,,,
7328,1999,11,2,6,30,0,0,,,,,,,,,,,,,,,,,,,,,,,,,,,,,,,,,,,,,,,
7329,1999,11,2,7,30,184,744,,,,,,,,,,,,,,,,,,,,,,,,,,,,,,,,,,,,,,,
7330,1999,11,2,8,30,385,904,,,,,,,,,,,,,,,,,,,,,,,,,,,,,,,,,,,,,,,
7331,1999,11,2,9,30,555,978,,,,,,,,,,,,,,,,,,,,,,,,,,,,,,,,,,,,,,,
7332,1999,11,2,10,30,672,1013,,,,,,,,,,,,,,,,,,,,,,,,,,,,,,,,,,,,,,,
7333,1999,11,2,11,30,725,1023,,,,,,,,,,,,,,,,,,,,,,,,,,,,,,,,,,,,,,,
7334,1999,11,2,12,30,711,1020,,,,,,,,,,,,,,,,,,,,,,,,,,,,,,,,,,,,,,,
7335,1999,11,2,13,30,630,997,,,,,,,,,,,,,,,,,,,,,,,,,,,,,,,,,,,,,,,
7336,1999,11,2,14,30,484,930,,,,,,,,,,,,,,,,,,,,,,,,,,,,,,,,,,,,,,,
7337,1999,11,2,15,30,299,825,,,,,,,,,,,,,,,,,,,,,,,,,,,,,,,,,,,,,,,
7338,1999,11,2,16,30,96,558,,,,,,,,,,,,,,,,,,,,,,,,,,,,,,,,,,,,,,,
7339,1999,11,2,17,30,0,0,,,,,,,,,,,,,,,,,,,,,,,,,,,,,,,,,,,,,,,
7340,1999,11,2,18,30,0,0,,,,,,,,,,,,,,,,,,,,,,,,,,,,,,,,,,,,,,,
7341,1999,11,2,19,30,0,0,,,,,,,,,,,,,,,,,,,,,,,,,,,,,,,,,,,,,,,
7342,1999,11,2,20,30,0,0,,,,,,,,,,,,,,,,,,,,,,,,,,,,,,,,,,,,,,,
7343,1999,11,2,21,30,0,0,,,,,,,,,,,,,,,,,,,,,,,,,,,,,,,,,,,,,,,
7344,1999,11,2,22,30,0,0,,,,,,,,,,,,,,,,,,,,,,,,,,,,,,,,,,,,,,,
7345,1999,11,2,23,30,0,0,,,,,,,,,,,,,,,,,,,,,,,,,,,,,,,,,,,,,,,
7346,1999,11,3,0,30,0,0,,,,,,,,,,,,,,,,,,,,,,,,,,,,,,,,,,,,,,,
7347,1999,11,3,1,30,0,0,,,,,,,,,,,,,,,,,,,,,,,,,,,,,,,,,,,,,,,
7348,1999,11,3,2,30,0,0,,,,,,,,,,,,,,,,,,,,,,,,,,,,,,,,,,,,,,,
7349,1999,11,3,3,30,0,0,,,,,,,,,,,,,,,,,,,,,,,,,,,,,,,,,,,,,,,
7350,1999,11,3,4,30,0,0,,,,,,,,,,,,,,,,,,,,,,,,,,,,,,,,,,,,,,,
7351,1999,11,3,5,30,0,0,,,,,,,,,,,,,,,,,,,,,,,,,,,,,,,,,,,,,,,
7352,1999,11,3,6,30,0,0,,,,,,,,,,,,,,,,,,,,,,,,,,,,,,,,,,,,,,,
7353,1999,11,3,7,30,120,33,,,,,,,,,,,,,,,,,,,,,,,,,,,,,,,,,,,,,,,
7354,1999,11,3,8,30,385,916,,,,,,,,,,,,,,,,,,,,,,,,,,,,,,,,,,,,,,,
7355,1999,11,3,9,30,555,990,,,,,,,,,,,,,,,,,,,,,,,,,,,,,,,,,,,,,,,
7356,1999,11,3,10,30,672,1027,,,,,,,,,,,,,,,,,,,,,,,,,,,,,,,,,,,,,,,
7357,1999,11,3,11,30,726,1038,,,,,,,,,,,,,,,,,,,,,,,,,,,,,,,,,,,,,,,
7358,1999,11,3,12,30,712,1036,,,,,,,,,,,,,,,,,,,,,,,,,,,,,,,,,,,,,,,
7359,1999,11,3,13,30,631,1014,,,,,,,,,,,,,,,,,,,,,,,,,,,,,,,,,,,,,,,
7360,1999,11,3,14,30,462,714,,,,,,,,,,,,,,,,,,,,,,,,,,,,,,,,,,,,,,,
7361,1999,11,3,15,30,299,857,,,,,,,,,,,,,,,,,,,,,,,,,,,,,,,,,,,,,,,
7362,1999,11,3,16,30,96,602,,,,,,,,,,,,,,,,,,,,,,,,,,,,,,,,,,,,,,,
7363,1999,11,3,17,30,0,0,,,,,,,,,,,,,,,,,,,,,,,,,,,,,,,,,,,,,,,
7364,1999,11,3,18,30,0,0,,,,,,,,,,,,,,,,,,,,,,,,,,,,,,,,,,,,,,,
7365,1999,11,3,19,30,0,0,,,,,,,,,,,,,,,,,,,,,,,,,,,,,,,,,,,,,,,
7366,1999,11,3,20,30,0,0,,,,,,,,,,,,,,,,,,,,,,,,,,,,,,,,,,,,,,,
7367,1999,11,3,21,30,0,0,,,,,,,,,,,,,,,,,,,,,,,,,,,,,,,,,,,,,,,
7368,1999,11,3,22,30,0,0,,,,,,,,,,,,,,,,,,,,,,,,,,,,,,,,,,,,,,,
7369,1999,11,3,23,30,0,0,,,,,,,,,,,,,,,,,,,,,,,,,,,,,,,,,,,,,,,
7370,1999,11,4,0,30,0,0,,,,,,,,,,,,,,,,,,,,,,,,,,,,,,,,,,,,,,,
7371,1999,11,4,1,30,0,0,,,,,,,,,,,,,,,,,,,,,,,,,,,,,,,,,,,,,,,
7372,1999,11,4,2,30,0,0,,,,,,,,,,,,,,,,,,,,,,,,,,,,,,,,,,,,,,,
7373,1999,11,4,3,30,0,0,,,,,,,,,,,,,,,,,,,,,,,,,,,,,,,,,,,,,,,
7374,1999,11,4,4,30,0,0,,,,,,,,,,,,,,,,,,,,,,,,,,,,,,,,,,,,,,,
7375,1999,11,4,5,30,0,0,,,,,,,,,,,,,,,,,,,,,,,,,,,,,,,,,,,,,,,
7376,1999,11,4,6,30,0,0,,,,,,,,,,,,,,,,,,,,,,,,,,,,,,,,,,,,,,,
7377,1999,11,4,7,30,181,778,,,,,,,,,,,,,,,,,,,,,,,,,,,,,,,,,,,,,,,
7378,1999,11,4,8,30,385,933,,,,,,,,,,,,,,,,,,,,,,,,,,,,,,,,,,,,,,,
7379,1999,11,4,9,30,555,1006,,,,,,,,,,,,,,,,,,,,,,,,,,,,,,,,,,,,,,,
7380,1999,11,4,10,30,673,1041,,,,,,,,,,,,,,,,,,,,,,,,,,,,,,,,,,,,,,,
7381,1999,11,4,11,30,728,1052,,,,,,,,,,,,,,,,,,,,,,,,,,,,,,,,,,,,,,,
7382,1999,11,4,12,30,714,1049,,,,,,,,,,,,,,,,,,,,,,,,,,,,,,,,,,,,,,,
7383,1999,11,4,13,30,626,1016,,,,,,,,,,,,,,,,,,,,,,,,,,,,,,,,,,,,,,,
7384,1999,11,4,14,30,485,965,,,,,,,,,,,,,,,,,,,,,,,,,,,,,,,,,,,,,,,
7385,1999,11,4,15,30,298,865,,,,,,,,,,,,,,,,,,,,,,,,,,,,,,,,,,,,,,,
7386,1999,11,4,16,30,94,609,,,,,,,,,,,,,,,,,,,,,,,,,,,,,,,,,,,,,,,
7387,1999,11,4,17,30,0,0,,,,,,,,,,,,,,,,,,,,,,,,,,,,,,,,,,,,,,,
7388,1999,11,4,18,30,0,0,,,,,,,,,,,,,,,,,,,,,,,,,,,,,,,,,,,,,,,
7389,1999,11,4,19,30,0,0,,,,,,,,,,,,,,,,,,,,,,,,,,,,,,,,,,,,,,,
7390,1999,11,4,20,30,0,0,,,,,,,,,,,,,,,,,,,,,,,,,,,,,,,,,,,,,,,
7391,1999,11,4,21,30,0,0,,,,,,,,,,,,,,,,,,,,,,,,,,,,,,,,,,,,,,,
7392,1999,11,4,22,30,0,0,,,,,,,,,,,,,,,,,,,,,,,,,,,,,,,,,,,,,,,
7393,1999,11,4,23,30,0,0,,,,,,,,,,,,,,,,,,,,,,,,,,,,,,,,,,,,,,,
7394,1999,11,5,0,30,0,0,,,,,,,,,,,,,,,,,,,,,,,,,,,,,,,,,,,,,,,
7395,1999,11,5,1,30,0,0,,,,,,,,,,,,,,,,,,,,,,,,,,,,,,,,,,,,,,,
7396,1999,11,5,2,30,0,0,,,,,,,,,,,,,,,,,,,,,,,,,,,,,,,,,,,,,,,
7397,1999,11,5,3,30,0,0,,,,,,,,,,,,,,,,,,,,,,,,,,,,,,,,,,,,,,,
7398,1999,11,5,4,30,0,0,,,,,,,,,,,,,,,,,,,,,,,,,,,,,,,,,,,,,,,
7399,1999,11,5,5,30,0,0,,,,,,,,,,,,,,,,,,,,,,,,,,,,,,,,,,,,,,,
7400,1999,11,5,6,30,0,0,,,,,,,,,,,,,,,,,,,,,,,,,,,,,,,,,,,,,,,
7401,1999,11,5,7,30,174,750,,,,,,,,,,,,,,,,,,,,,,,,,,,,,,,,,,,,,,,
7402,1999,11,5,8,30,376,916,,,,,,,,,,,,,,,,,,,,,,,,,,,,,,,,,,,,,,,
7403,1999,11,5,9,30,545,989,,,,,,,,,,,,,,,,,,,,,,,,,,,,,,,,,,,,,,,
7404,1999,11,5,10,30,662,1025,,,,,,,,,,,,,,,,,,,,,,,,,,,,,,,,,,,,,,,
7405,1999,11,5,11,30,710,1027,,,,,,,,,,,,,,,,,,,,,,,,,,,,,,,,,,,,,,,
7406,1999,11,5,12,30,696,1022,,,,,,,,,,,,,,,,,,,,,,,,,,,,,,,,,,,,,,,
7407,1999,11,5,13,30,615,1000,,,,,,,,,,,,,,,,,,,,,,,,,,,,,,,,,,,,,,,
7408,1999,11,5,14,30,476,949,,,,,,,,,,,,,,,,,,,,,,,,,,,,,,,,,,,,,,,
7409,1999,11,5,15,30,291,845,,,,,,,,,,,,,,,,,,,,,,,,,,,,,,,,,,,,,,,
7410,1999,11,5,16,30,89,577,,,,,,,,,,,,,,,,,,,,,,,,,,,,,,,,,,,,,,,
7411,1999,11,5,17,30,0,0,,,,,,,,,,,,,,,,,,,,,,,,,,,,,,,,,,,,,,,
7412,1999,11,5,18,30,0,0,,,,,,,,,,,,,,,,,,,,,,,,,,,,,,,,,,,,,,,
7413,1999,11,5,19,30,0,0,,,,,,,,,,,,,,,,,,,,,,,,,,,,,,,,,,,,,,,
7414,1999,11,5,20,30,0,0,,,,,,,,,,,,,,,,,,,,,,,,,,,,,,,,,,,,,,,
7415,1999,11,5,21,30,0,0,,,,,,,,,,,,,,,,,,,,,,,,,,,,,,,,,,,,,,,
7416,1999,11,5,22,30,0,0,,,,,,,,,,,,,,,,,,,,,,,,,,,,,,,,,,,,,,,
7417,1999,11,5,23,30,0,0,,,,,,,,,,,,,,,,,,,,,,,,,,,,,,,,,,,,,,,
7418,1999,11,6,0,30,0,0,,,,,,,,,,,,,,,,,,,,,,,,,,,,,,,,,,,,,,,
7419,1999,11,6,1,30,0,0,,,,,,,,,,,,,,,,,,,,,,,,,,,,,,,,,,,,,,,
7420,1999,11,6,2,30,0,0,,,,,,,,,,,,,,,,,,,,,,,,,,,,,,,,,,,,,,,
7421,1999,11,6,3,30,0,0,,,,,,,,,,,,,,,,,,,,,,,,,,,,,,,,,,,,,,,
7422,1999,11,6,4,30,0,0,,,,,,,,,,,,,,,,,,,,,,,,,,,,,,,,,,,,,,,
7423,1999,11,6,5,30,0,0,,,,,,,,,,,,,,,,,,,,,,,,,,,,,,,,,,,,,,,
7424,1999,11,6,6,30,0,0,,,,,,,,,,,,,,,,,,,,,,,,,,,,,,,,,,,,,,,
7425,1999,11,6,7,30,108,24,,,,,,,,,,,,,,,,,,,,,,,,,,,,,,,,,,,,,,,
7426,1999,11,6,8,30,368,899,,,,,,,,,,,,,,,,,,,,,,,,,,,,,,,,,,,,,,,
7427,1999,11,6,9,30,536,976,,,,,,,,,,,,,,,,,,,,,,,,,,,,,,,,,,,,,,,
7428,1999,11,6,10,30,652,1013,,,,,,,,,,,,,,,,,,,,,,,,,,,,,,,,,,,,,,,
7429,1999,11,6,11,30,706,1026,,,,,,,,,,,,,,,,,,,,,,,,,,,,,,,,,,,,,,,
7430,1999,11,6,12,30,692,1023,,,,,,,,,,,,,,,,,,,,,,,,,,,,,,,,,,,,,,,
7431,1999,11,6,13,30,611,1001,,,,,,,,,,,,,,,,,,,,,,,,,,,,,,,,,,,,,,,
7432,1999,11,6,14,30,472,950,,,,,,,,,,,,,,,,,,,,,,,,,,,,,,,,,,,,,,,
7433,1999,11,6,15,30,287,845,,,,,,,,,,,,,,,,,,,,,,,,,,,,,,,,,,,,,,,
7434,1999,11,6,16,30,87,573,,,,,,,,,,,,,,,,,,,,,,,,,,,,,,,,,,,,,,,
7435,1999,11,6,17,30,0,0,,,,,,,,,,,,,,,,,,,,,,,,,,,,,,,,,,,,,,,
7436,1999,11,6,18,30,0,0,,,,,,,,,,,,,,,,,,,,,,,,,,,,,,,,,,,,,,,
7437,1999,11,6,19,30,0,0,,,,,,,,,,,,,,,,,,,,,,,,,,,,,,,,,,,,,,,
7438,1999,11,6,20,30,0,0,,,,,,,,,,,,,,,,,,,,,,,,,,,,,,,,,,,,,,,
7439,1999,11,6,21,30,0,0,,,,,,,,,,,,,,,,,,,,,,,,,,,,,,,,,,,,,,,
7440,1999,11,6,22,30,0,0,,,,,,,,,,,,,,,,,,,,,,,,,,,,,,,,,,,,,,,
7441,1999,11,6,23,30,0,0,,,,,,,,,,,,,,,,,,,,,,,,,,,,,,,,,,,,,,,
7442,1999,11,7,0,30,0,0,,,,,,,,,,,,,,,,,,,,,,,,,,,,,,,,,,,,,,,
7443,1999,11,7,1,30,0,0,,,,,,,,,,,,,,,,,,,,,,,,,,,,,,,,,,,,,,,
7444,1999,11,7,2,30,0,0,,,,,,,,,,,,,,,,,,,,,,,,,,,,,,,,,,,,,,,
7445,1999,11,7,3,30,0,0,,,,,,,,,,,,,,,,,,,,,,,,,,,,,,,,,,,,,,,
7446,1999,11,7,4,30,0,0,,,,,,,,,,,,,,,,,,,,,,,,,,,,,,,,,,,,,,,
7447,1999,11,7,5,30,0,0,,,,,,,,,,,,,,,,,,,,,,,,,,,,,,,,,,,,,,,
7448,1999,11,7,6,30,0,0,,,,,,,,,,,,,,,,,,,,,,,,,,,,,,,,,,,,,,,
7449,1999,11,7,7,30,105,22,,,,,,,,,,,,,,,,,,,,,,,,,,,,,,,,,,,,,,,
7450,1999,11,7,8,30,353,683,,,,,,,,,,,,,,,,,,,,,,,,,,,,,,,,,,,,,,,
7451,1999,11,7,9,30,429,521,,,,,,,,,,,,,,,,,,,,,,,,,,,,,,,,,,,,,,,
7452,1999,11,7,10,30,508,491,,,,,,,,,,,,,,,,,,,,,,,,,,,,,,,,,,,,,,,
7453,1999,11,7,11,30,555,517,,,,,,,,,,,,,,,,,,,,,,,,,,,,,,,,,,,,,,,
7454,1999,11,7,12,30,511,228,,,,,,,,,,,,,,,,,,,,,,,,,,,,,,,,,,,,,,,
7455,1999,11,7,13,30,477,447,,,,,,,,,,,,,,,,,,,,,,,,,,,,,,,,,,,,,,,
7456,1999,11,7,14,30,369,476,,,,,,,,,,,,,,,,,,,,,,,,,,,,,,,,,,,,,,,
7457,1999,11,7,15,30,203,177,,,,,,,,,,,,,,,,,,,,,,,,,,,,,,,,,,,,,,,
7458,1999,11,7,16,30,60,48,,,,,,,,,,,,,,,,,,,,,,,,,,,,,,,,,,,,,,,
7459,1999,11,7,17,30,0,0,,,,,,,,,,,,,,,,,,,,,,,,,,,,,,,,,,,,,,,
7460,1999,11,7,18,30,0,0,,,,,,,,,,,,,,,,,,,,,,,,,,,,,,,,,,,,,,,
7461,1999,11,7,19,30,0,0,,,,,,,,,,,,,,,,,,,,,,,,,,,,,,,,,,,,,,,
7462,1999,11,7,20,30,0,0,,,,,,,,,,,,,,,,,,,,,,,,,,,,,,,,,,,,,,,
7463,1999,11,7,21,30,0,0,,,,,,,,,,,,,,,,,,,,,,,,,,,,,,,,,,,,,,,
7464,1999,11,7,22,30,0,0,,,,,,,,,,,,,,,,,,,,,,,,,,,,,,,,,,,,,,,
7465,1999,11,7,23,30,0,0,,,,,,,,,,,,,,,,,,,,,,,,,,,,,,,,,,,,,,,
7466,1999,11,8,0,30,0,0,,,,,,,,,,,,,,,,,,,,,,,,,,,,,,,,,,,,,,,
7467,1999,11,8,1,30,0,0,,,,,,,,,,,,,,,,,,,,,,,,,,,,,,,,,,,,,,,
7468,1999,11,8,2,30,0,0,,,,,,,,,,,,,,,,,,,,,,,,,,,,,,,,,,,,,,,
7469,1999,11,8,3,30,0,0,,,,,,,,,,,,,,,,,,,,,,,,,,,,,,,,,,,,,,,
7470,1999,11,8,4,30,0,0,,,,,,,,,,,,,,,,,,,,,,,,,,,,,,,,,,,,,,,
7471,1999,11,8,5,30,0,0,,,,,,,,,,,,,,,,,,,,,,,,,,,,,,,,,,,,,,,
7472,1999,11,8,6,30,0,0,,,,,,,,,,,,,,,,,,,,,,,,,,,,,,,,,,,,,,,
7473,1999,11,8,7,30,155,672,,,,,,,,,,,,,,,,,,,,,,,,,,,,,,,,,,,,,,,
7474,1999,11,8,8,30,348,851,,,,,,,,,,,,,,,,,,,,,,,,,,,,,,,,,,,,,,,
7475,1999,11,8,9,30,512,933,,,,,,,,,,,,,,,,,,,,,,,,,,,,,,,,,,,,,,,
7476,1999,11,8,10,30,626,971,,,,,,,,,,,,,,,,,,,,,,,,,,,,,,,,,,,,,,,
7477,1999,11,8,11,30,677,978,,,,,,,,,,,,,,,,,,,,,,,,,,,,,,,,,,,,,,,
7478,1999,11,8,12,30,660,969,,,,,,,,,,,,,,,,,,,,,,,,,,,,,,,,,,,,,,,
7479,1999,11,8,13,30,582,942,,,,,,,,,,,,,,,,,,,,,,,,,,,,,,,,,,,,,,,
7480,1999,11,8,14,30,443,867,,,,,,,,,,,,,,,,,,,,,,,,,,,,,,,,,,,,,,,
7481,1999,11,8,15,30,263,738,,,,,,,,,,,,,,,,,,,,,,,,,,,,,,,,,,,,,,,
7482,1999,11,8,16,30,72,417,,,,,,,,,,,,,,,,,,,,,,,,,,,,,,,,,,,,,,,
7483,1999,11,8,17,30,0,0,,,,,,,,,,,,,,,,,,,,,,,,,,,,,,,,,,,,,,,
7484,1999,11,8,18,30,0,0,,,,,,,,,,,,,,,,,,,,,,,,,,,,,,,,,,,,,,,
7485,1999,11,8,19,30,0,0,,,,,,,,,,,,,,,,,,,,,,,,,,,,,,,,,,,,,,,
7486,1999,11,8,20,30,0,0,,,,,,,,,,,,,,,,,,,,,,,,,,,,,,,,,,,,,,,
7487,1999,11,8,21,30,0,0,,,,,,,,,,,,,,,,,,,,,,,,,,,,,,,,,,,,,,,
7488,1999,11,8,22,30,0,0,,,,,,,,,,,,,,,,,,,,,,,,,,,,,,,,,,,,,,,
7489,1999,11,8,23,30,0,0,,,,,,,,,,,,,,,,,,,,,,,,,,,,,,,,,,,,,,,
7490,1999,11,9,0,30,0,0,,,,,,,,,,,,,,,,,,,,,,,,,,,,,,,,,,,,,,,
7491,1999,11,9,1,30,0,0,,,,,,,,,,,,,,,,,,,,,,,,,,,,,,,,,,,,,,,
7492,1999,11,9,2,30,0,0,,,,,,,,,,,,,,,,,,,,,,,,,,,,,,,,,,,,,,,
7493,1999,11,9,3,30,0,0,,,,,,,,,,,,,,,,,,,,,,,,,,,,,,,,,,,,,,,
7494,1999,11,9,4,30,0,0,,,,,,,,,,,,,,,,,,,,,,,,,,,,,,,,,,,,,,,
7495,1999,11,9,5,30,0,0,,,,,,,,,,,,,,,,,,,,,,,,,,,,,,,,,,,,,,,
7496,1999,11,9,6,30,0,0,,,,,,,,,,,,,,,,,,,,,,,,,,,,,,,,,,,,,,,
7497,1999,11,9,7,30,152,669,,,,,,,,,,,,,,,,,,,,,,,,,,,,,,,,,,,,,,,
7498,1999,11,9,8,30,349,874,,,,,,,,,,,,,,,,,,,,,,,,,,,,,,,,,,,,,,,
7499,1999,11,9,9,30,518,965,,,,,,,,,,,,,,,,,,,,,,,,,,,,,,,,,,,,,,,
7500,1999,11,9,10,30,638,1012,,,,,,,,,,,,,,,,,,,,,,,,,,,,,,,,,,,,,,,
7501,1999,11,9,11,30,698,1035,,,,,,,,,,,,,,,,,,,,,,,,,,,,,,,,,,,,,,,
7502,1999,11,9,12,30,684,1032,,,,,,,,,,,,,,,,,,,,,,,,,,,,,,,,,,,,,,,
7503,1999,11,9,13,30,603,1011,,,,,,,,,,,,,,,,,,,,,,,,,,,,,,,,,,,,,,,
7504,1999,11,9,14,30,464,962,,,,,,,,,,,,,,,,,,,,,,,,,,,,,,,,,,,,,,,
7505,1999,11,9,15,30,279,858,,,,,,,,,,,,,,,,,,,,,,,,,,,,,,,,,,,,,,,
7506,1999,11,9,16,30,80,581,,,,,,,,,,,,,,,,,,,,,,,,,,,,,,,,,,,,,,,
7507,1999,11,9,17,30,0,0,,,,,,,,,,,,,,,,,,,,,,,,,,,,,,,,,,,,,,,
7508,1999,11,9,18,30,0,0,,,,,,,,,,,,,,,,,,,,,,,,,,,,,,,,,,,,,,,
7509,1999,11,9,19,30,0,0,,,,,,,,,,,,,,,,,,,,,,,,,,,,,,,,,,,,,,,
7510,1999,11,9,20,30,0,0,,,,,,,,,,,,,,,,,,,,,,,,,,,,,,,,,,,,,,,
7511,1999,11,9,21,30,0,0,,,,,,,,,,,,,,,,,,,,,,,,,,,,,,,,,,,,,,,
7512,1999,11,9,22,30,0,0,,,,,,,,,,,,,,,,,,,,,,,,,,,,,,,,,,,,,,,
7513,1999,11,9,23,30,0,0,,,,,,,,,,,,,,,,,,,,,,,,,,,,,,,,,,,,,,,
7514,1999,11,10,0,30,0,0,,,,,,,,,,,,,,,,,,,,,,,,,,,,,,,,,,,,,,,
7515,1999,11,10,1,30,0,0,,,,,,,,,,,,,,,,,,,,,,,,,,,,,,,,,,,,,,,
7516,1999,11,10,2,30,0,0,,,,,,,,,,,,,,,,,,,,,,,,,,,,,,,,,,,,,,,
7517,1999,11,10,3,30,0,0,,,,,,,,,,,,,,,,,,,,,,,,,,,,,,,,,,,,,,,
7518,1999,11,10,4,30,0,0,,,,,,,,,,,,,,,,,,,,,,,,,,,,,,,,,,,,,,,
7519,1999,11,10,5,30,0,0,,,,,,,,,,,,,,,,,,,,,,,,,,,,,,,,,,,,,,,
7520,1999,11,10,6,30,0,0,,,,,,,,,,,,,,,,,,,,,,,,,,,,,,,,,,,,,,,
7521,1999,11,10,7,30,154,724,,,,,,,,,,,,,,,,,,,,,,,,,,,,,,,,,,,,,,,
7522,1999,11,10,8,30,350,904,,,,,,,,,,,,,,,,,,,,,,,,,,,,,,,,,,,,,,,
7523,1999,11,10,9,30,517,981,,,,,,,,,,,,,,,,,,,,,,,,,,,,,,,,,,,,,,,
7524,1999,11,10,10,30,628,1010,,,,,,,,,,,,,,,,,,,,,,,,,,,,,,,,,,,,,,,
7525,1999,11,10,11,30,681,1023,,,,,,,,,,,,,,,,,,,,,,,,,,,,,,,,,,,,,,,
7526,1999,11,10,12,30,668,1020,,,,,,,,,,,,,,,,,,,,,,,,,,,,,,,,,,,,,,,
7527,1999,11,10,13,30,589,998,,,,,,,,,,,,,,,,,,,,,,,,,,,,,,,,,,,,,,,
7528,1999,11,10,14,30,451,947,,,,,,,,,,,,,,,,,,,,,,,,,,,,,,,,,,,,,,,
7529,1999,11,10,15,30,270,840,,,,,,,,,,,,,,,,,,,,,,,,,,,,,,,,,,,,,,,
7530,1999,11,10,16,30,75,558,,,,,,,,,,,,,,,,,,,,,,,,,,,,,,,,,,,,,,,
7531,1999,11,10,17,30,0,0,,,,,,,,,,,,,,,,,,,,,,,,,,,,,,,,,,,,,,,
7532,1999,11,10,18,30,0,0,,,,,,,,,,,,,,,,,,,,,,,,,,,,,,,,,,,,,,,
7533,1999,11,10,19,30,0,0,,,,,,,,,,,,,,,,,,,,,,,,,,,,,,,,,,,,,,,
7534,1999,11,10,20,30,0,0,,,,,,,,,,,,,,,,,,,,,,,,,,,,,,,,,,,,,,,
7535,1999,11,10,21,30,0,0,,,,,,,,,,,,,,,,,,,,,,,,,,,,,,,,,,,,,,,
7536,1999,11,10,22,30,0,0,,,,,,,,,,,,,,,,,,,,,,,,,,,,,,,,,,,,,,,
7537,1999,11,10,23,30,0,0,,,,,,,,,,,,,,,,,,,,,,,,,,,,,,,,,,,,,,,
7538,1999,11,11,0,30,0,0,,,,,,,,,,,,,,,,,,,,,,,,,,,,,,,,,,,,,,,
7539,1999,11,11,1,30,0,0,,,,,,,,,,,,,,,,,,,,,,,,,,,,,,,,,,,,,,,
7540,1999,11,11,2,30,0,0,,,,,,,,,,,,,,,,,,,,,,,,,,,,,,,,,,,,,,,
7541,1999,11,11,3,30,0,0,,,,,,,,,,,,,,,,,,,,,,,,,,,,,,,,,,,,,,,
7542,1999,11,11,4,30,0,0,,,,,,,,,,,,,,,,,,,,,,,,,,,,,,,,,,,,,,,
7543,1999,11,11,5,30,0,0,,,,,,,,,,,,,,,,,,,,,,,,,,,,,,,,,,,,,,,
7544,1999,11,11,6,30,0,0,,,,,,,,,,,,,,,,,,,,,,,,,,,,,,,,,,,,,,,
7545,1999,11,11,7,30,150,716,,,,,,,,,,,,,,,,,,,,,,,,,,,,,,,,,,,,,,,
7546,1999,11,11,8,30,346,898,,,,,,,,,,,,,,,,,,,,,,,,,,,,,,,,,,,,,,,
7547,1999,11,11,9,30,512,978,,,,,,,,,,,,,,,,,,,,,,,,,,,,,,,,,,,,,,,
7548,1999,11,11,10,30,628,1016,,,,,,,,,,,,,,,,,,,,,,,,,,,,,,,,,,,,,,,
7549,1999,11,11,11,30,681,1029,,,,,,,,,,,,,,,,,,,,,,,,,,,,,,,,,,,,,,,
7550,1999,11,11,12,30,667,1025,,,,,,,,,,,,,,,,,,,,,,,,,,,,,,,,,,,,,,,
7551,1999,11,11,13,30,588,1003,,,,,,,,,,,,,,,,,,,,,,,,,,,,,,,,,,,,,,,
7552,1999,11,11,14,30,451,952,,,,,,,,,,,,,,,,,,,,,,,,,,,,,,,,,,,,,,,
7553,1999,11,11,15,30,269,844,,,,,,,,,,,,,,,,,,,,,,,,,,,,,,,,,,,,,,,
7554,1999,11,11,16,30,73,557,,,,,,,,,,,,,,,,,,,,,,,,,,,,,,,,,,,,,,,
7555,1999,11,11,17,30,0,0,,,,,,,,,,,,,,,,,,,,,,,,,,,,,,,,,,,,,,,
7556,1999,11,11,18,30,0,0,,,,,,,,,,,,,,,,,,,,,,,,,,,,,,,,,,,,,,,
7557,1999,11,11,19,30,0,0,,,,,,,,,,,,,,,,,,,,,,,,,,,,,,,,,,,,,,,
7558,1999,11,11,20,30,0,0,,,,,,,,,,,,,,,,,,,,,,,,,,,,,,,,,,,,,,,
7559,1999,11,11,21,30,0,0,,,,,,,,,,,,,,,,,,,,,,,,,,,,,,,,,,,,,,,
7560,1999,11,11,22,30,0,0,,,,,,,,,,,,,,,,,,,,,,,,,,,,,,,,,,,,,,,
7561,1999,11,11,23,30,0,0,,,,,,,,,,,,,,,,,,,,,,,,,,,,,,,,,,,,,,,
7562,1999,11,12,0,30,0,0,,,,,,,,,,,,,,,,,,,,,,,,,,,,,,,,,,,,,,,
7563,1999,11,12,1,30,0,0,,,,,,,,,,,,,,,,,,,,,,,,,,,,,,,,,,,,,,,
7564,1999,11,12,2,30,0,0,,,,,,,,,,,,,,,,,,,,,,,,,,,,,,,,,,,,,,,
7565,1999,11,12,3,30,0,0,,,,,,,,,,,,,,,,,,,,,,,,,,,,,,,,,,,,,,,
7566,1999,11,12,4,30,0,0,,,,,,,,,,,,,,,,,,,,,,,,,,,,,,,,,,,,,,,
7567,1999,11,12,5,30,0,0,,,,,,,,,,,,,,,,,,,,,,,,,,,,,,,,,,,,,,,
7568,1999,11,12,6,30,0,0,,,,,,,,,,,,,,,,,,,,,,,,,,,,,,,,,,,,,,,
7569,1999,11,12,7,30,81,5,,,,,,,,,,,,,,,,,,,,,,,,,,,,,,,,,,,,,,,
7570,1999,11,12,8,30,341,893,,,,,,,,,,,,,,,,,,,,,,,,,,,,,,,,,,,,,,,
7571,1999,11,12,9,30,508,973,,,,,,,,,,,,,,,,,,,,,,,,,,,,,,,,,,,,,,,
7572,1999,11,12,10,30,623,1011,,,,,,,,,,,,,,,,,,,,,,,,,,,,,,,,,,,,,,,
7573,1999,11,12,11,30,677,1026,,,,,,,,,,,,,,,,,,,,,,,,,,,,,,,,,,,,,,,
7574,1999,11,12,12,30,663,1023,,,,,,,,,,,,,,,,,,,,,,,,,,,,,,,,,,,,,,,
7575,1999,11,12,13,30,584,1000,,,,,,,,,,,,,,,,,,,,,,,,,,,,,,,,,,,,,,,
7576,1999,11,12,14,30,447,949,,,,,,,,,,,,,,,,,,,,,,,,,,,,,,,,,,,,,,,
7577,1999,11,12,15,30,266,839,,,,,,,,,,,,,,,,,,,,,,,,,,,,,,,,,,,,,,,
7578,1999,11,12,16,30,71,547,,,,,,,,,,,,,,,,,,,,,,,,,,,,,,,,,,,,,,,
7579,1999,11,12,17,30,0,0,,,,,,,,,,,,,,,,,,,,,,,,,,,,,,,,,,,,,,,
7580,1999,11,12,18,30,0,0,,,,,,,,,,,,,,,,,,,,,,,,,,,,,,,,,,,,,,,
7581,1999,11,12,19,30,0,0,,,,,,,,,,,,,,,,,,,,,,,,,,,,,,,,,,,,,,,
7582,1999,11,12,20,30,0,0,,,,,,,,,,,,,,,,,,,,,,,,,,,,,,,,,,,,,,,
7583,1999,11,12,21,30,0,0,,,,,,,,,,,,,,,,,,,,,,,,,,,,,,,,,,,,,,,
7584,1999,11,12,22,30,0,0,,,,,,,,,,,,,,,,,,,,,,,,,,,,,,,,,,,,,,,
7585,1999,11,12,23,30,0,0,,,,,,,,,,,,,,,,,,,,,,,,,,,,,,,,,,,,,,,
7586,1999,11,13,0,30,0,0,,,,,,,,,,,,,,,,,,,,,,,,,,,,,,,,,,,,,,,
7587,1999,11,13,1,30,0,0,,,,,,,,,,,,,,,,,,,,,,,,,,,,,,,,,,,,,,,
7588,1999,11,13,2,30,0,0,,,,,,,,,,,,,,,,,,,,,,,,,,,,,,,,,,,,,,,
7589,1999,11,13,3,30,0,0,,,,,,,,,,,,,,,,,,,,,,,,,,,,,,,,,,,,,,,
7590,1999,11,13,4,30,0,0,,,,,,,,,,,,,,,,,,,,,,,,,,,,,,,,,,,,,,,
7591,1999,11,13,5,30,0,0,,,,,,,,,,,,,,,,,,,,,,,,,,,,,,,,,,,,,,,
7592,1999,11,13,6,30,0,0,,,,,,,,,,,,,,,,,,,,,,,,,,,,,,,,,,,,,,,
7593,1999,11,13,7,30,78,4,,,,,,,,,,,,,,,,,,,,,,,,,,,,,,,,,,,,,,,
7594,1999,11,13,8,30,340,903,,,,,,,,,,,,,,,,,,,,,,,,,,,,,,,,,,,,,,,
7595,1999,11,13,9,30,507,983,,,,,,,,,,,,,,,,,,,,,,,,,,,,,,,,,,,,,,,
7596,1999,11,13,10,30,623,1023,,,,,,,,,,,,,,,,,,,,,,,,,,,,,,,,,,,,,,,
7597,1999,11,13,11,30,677,1036,,,,,,,,,,,,,,,,,,,,,,,,,,,,,,,,,,,,,,,
7598,1999,11,13,12,30,664,1033,,,,,,,,,,,,,,,,,,,,,,,,,,,,,,,,,,,,,,,
7599,1999,11,13,13,30,585,1010,,,,,,,,,,,,,,,,,,,,,,,,,,,,,,,,,,,,,,,
7600,1999,11,13,14,30,447,958,,,,,,,,,,,,,,,,,,,,,,,,,,,,,,,,,,,,,,,
7601,1999,11,13,15,30,265,848,,,,,,,,,,,,,,,,,,,,,,,,,,,,,,,,,,,,,,,
7602,1999,11,13,16,30,70,553,,,,,,,,,,,,,,,,,,,,,,,,,,,,,,,,,,,,,,,
7603,1999,11,13,17,30,0,0,,,,,,,,,,,,,,,,,,,,,,,,,,,,,,,,,,,,,,,
7604,1999,11,13,18,30,0,0,,,,,,,,,,,,,,,,,,,,,,,,,,,,,,,,,,,,,,,
7605,1999,11,13,19,30,0,0,,,,,,,,,,,,,,,,,,,,,,,,,,,,,,,,,,,,,,,
7606,1999,11,13,20,30,0,0,,,,,,,,,,,,,,,,,,,,,,,,,,,,,,,,,,,,,,,
7607,1999,11,13,21,30,0,0,,,,,,,,,,,,,,,,,,,,,,,,,,,,,,,,,,,,,,,
7608,1999,11,13,22,30,0,0,,,,,,,,,,,,,,,,,,,,,,,,,,,,,,,,,,,,,,,
7609,1999,11,13,23,30,0,0,,,,,,,,,,,,,,,,,,,,,,,,,,,,,,,,,,,,,,,
7610,1999,11,14,0,30,0,0,,,,,,,,,,,,,,,,,,,,,,,,,,,,,,,,,,,,,,,
7611,1999,11,14,1,30,0,0,,,,,,,,,,,,,,,,,,,,,,,,,,,,,,,,,,,,,,,
7612,1999,11,14,2,30,0,0,,,,,,,,,,,,,,,,,,,,,,,,,,,,,,,,,,,,,,,
7613,1999,11,14,3,30,0,0,,,,,,,,,,,,,,,,,,,,,,,,,,,,,,,,,,,,,,,
7614,1999,11,14,4,30,0,0,,,,,,,,,,,,,,,,,,,,,,,,,,,,,,,,,,,,,,,
7615,1999,11,14,5,30,0,0,,,,,,,,,,,,,,,,,,,,,,,,,,,,,,,,,,,,,,,
7616,1999,11,14,6,30,0,0,,,,,,,,,,,,,,,,,,,,,,,,,,,,,,,,,,,,,,,
7617,1999,11,14,7,30,83,8,,,,,,,,,,,,,,,,,,,,,,,,,,,,,,,,,,,,,,,
7618,1999,11,14,8,30,333,887,,,,,,,,,,,,,,,,,,,,,,,,,,,,,,,,,,,,,,,
7619,1999,11,14,9,30,499,971,,,,,,,,,,,,,,,,,,,,,,,,,,,,,,,,,,,,,,,
7620,1999,11,14,10,30,614,1010,,,,,,,,,,,,,,,,,,,,,,,,,,,,,,,,,,,,,,,
7621,1999,11,14,11,30,668,1025,,,,,,,,,,,,,,,,,,,,,,,,,,,,,,,,,,,,,,,
7622,1999,11,14,12,30,655,1021,,,,,,,,,,,,,,,,,,,,,,,,,,,,,,,,,,,,,,,
7623,1999,11,14,13,30,577,998,,,,,,,,,,,,,,,,,,,,,,,,,,,,,,,,,,,,,,,
7624,1999,11,14,14,30,440,945,,,,,,,,,,,,,,,,,,,,,,,,,,,,,,,,,,,,,,,
7625,1999,11,14,15,30,260,835,,,,,,,,,,,,,,,,,,,,,,,,,,,,,,,,,,,,,,,
7626,1999,11,14,16,30,67,533,,,,,,,,,,,,,,,,,,,,,,,,,,,,,,,,,,,,,,,
7627,1999,11,14,17,30,0,0,,,,,,,,,,,,,,,,,,,,,,,,,,,,,,,,,,,,,,,
7628,1999,11,14,18,30,0,0,,,,,,,,,,,,,,,,,,,,,,,,,,,,,,,,,,,,,,,
7629,1999,11,14,19,30,0,0,,,,,,,,,,,,,,,,,,,,,,,,,,,,,,,,,,,,,,,
7630,1999,11,14,20,30,0,0,,,,,,,,,,,,,,,,,,,,,,,,,,,,,,,,,,,,,,,
7631,1999,11,14,21,30,0,0,,,,,,,,,,,,,,,,,,,,,,,,,,,,,,,,,,,,,,,
7632,1999,11,14,22,30,0,0,,,,,,,,,,,,,,,,,,,,,,,,,,,,,,,,,,,,,,,
7633,1999,11,14,23,30,0,0,,,,,,,,,,,,,,,,,,,,,,,,,,,,,,,,,,,,,,,
7634,1999,11,15,0,30,0,0,,,,,,,,,,,,,,,,,,,,,,,,,,,,,,,,,,,,,,,
7635,1999,11,15,1,30,0,0,,,,,,,,,,,,,,,,,,,,,,,,,,,,,,,,,,,,,,,
7636,1999,11,15,2,30,0,0,,,,,,,,,,,,,,,,,,,,,,,,,,,,,,,,,,,,,,,
7637,1999,11,15,3,30,0,0,,,,,,,,,,,,,,,,,,,,,,,,,,,,,,,,,,,,,,,
7638,1999,11,15,4,30,0,0,,,,,,,,,,,,,,,,,,,,,,,,,,,,,,,,,,,,,,,
7639,1999,11,15,5,30,0,0,,,,,,,,,,,,,,,,,,,,,,,,,,,,,,,,,,,,,,,
7640,1999,11,15,6,30,0,0,,,,,,,,,,,,,,,,,,,,,,,,,,,,,,,,,,,,,,,
7641,1999,11,15,7,30,79,6,,,,,,,,,,,,,,,,,,,,,,,,,,,,,,,,,,,,,,,
7642,1999,11,15,8,30,331,906,,,,,,,,,,,,,,,,,,,,,,,,,,,,,,,,,,,,,,,
7643,1999,11,15,9,30,498,985,,,,,,,,,,,,,,,,,,,,,,,,,,,,,,,,,,,,,,,
7644,1999,11,15,10,30,613,1023,,,,,,,,,,,,,,,,,,,,,,,,,,,,,,,,,,,,,,,
7645,1999,11,15,11,30,661,1030,,,,,,,,,,,,,,,,,,,,,,,,,,,,,,,,,,,,,,,
7646,1999,11,15,12,30,648,1027,,,,,,,,,,,,,,,,,,,,,,,,,,,,,,,,,,,,,,,
7647,1999,11,15,13,30,570,1005,,,,,,,,,,,,,,,,,,,,,,,,,,,,,,,,,,,,,,,
7648,1999,11,15,14,30,434,953,,,,,,,,,,,,,,,,,,,,,,,,,,,,,,,,,,,,,,,
7649,1999,11,15,15,30,255,844,,,,,,,,,,,,,,,,,,,,,,,,,,,,,,,,,,,,,,,
7650,1999,11,15,16,30,64,546,,,,,,,,,,,,,,,,,,,,,,,,,,,,,,,,,,,,,,,
7651,1999,11,15,17,30,0,0,,,,,,,,,,,,,,,,,,,,,,,,,,,,,,,,,,,,,,,
7652,1999,11,15,18,30,0,0,,,,,,,,,,,,,,,,,,,,,,,,,,,,,,,,,,,,,,,
7653,1999,11,15,19,30,0,0,,,,,,,,,,,,,,,,,,,,,,,,,,,,,,,,,,,,,,,
7654,1999,11,15,20,30,0,0,,,,,,,,,,,,,,,,,,,,,,,,,,,,,,,,,,,,,,,
7655,1999,11,15,21,30,0,0,,,,,,,,,,,,,,,,,,,,,,,,,,,,,,,,,,,,,,,
7656,1999,11,15,22,30,0,0,,,,,,,,,,,,,,,,,,,,,,,,,,,,,,,,,,,,,,,
7657,1999,11,15,23,30,0,0,,,,,,,,,,,,,,,,,,,,,,,,,,,,,,,,,,,,,,,
7658,1999,11,16,0,30,0,0,,,,,,,,,,,,,,,,,,,,,,,,,,,,,,,,,,,,,,,
7659,1999,11,16,1,30,0,0,,,,,,,,,,,,,,,,,,,,,,,,,,,,,,,,,,,,,,,
7660,1999,11,16,2,30,0,0,,,,,,,,,,,,,,,,,,,,,,,,,,,,,,,,,,,,,,,
7661,1999,11,16,3,30,0,0,,,,,,,,,,,,,,,,,,,,,,,,,,,,,,,,,,,,,,,
7662,1999,11,16,4,30,0,0,,,,,,,,,,,,,,,,,,,,,,,,,,,,,,,,,,,,,,,
7663,1999,11,16,5,30,0,0,,,,,,,,,,,,,,,,,,,,,,,,,,,,,,,,,,,,,,,
7664,1999,11,16,6,30,0,0,,,,,,,,,,,,,,,,,,,,,,,,,,,,,,,,,,,,,,,
7665,1999,11,16,7,30,133,703,,,,,,,,,,,,,,,,,,,,,,,,,,,,,,,,,,,,,,,
7666,1999,11,16,8,30,328,900,,,,,,,,,,,,,,,,,,,,,,,,,,,,,,,,,,,,,,,
7667,1999,11,16,9,30,494,982,,,,,,,,,,,,,,,,,,,,,,,,,,,,,,,,,,,,,,,
7668,1999,11,16,10,30,609,1022,,,,,,,,,,,,,,,,,,,,,,,,,,,,,,,,,,,,,,,
7669,1999,11,16,11,30,664,1036,,,,,,,,,,,,,,,,,,,,,,,,,,,,,,,,,,,,,,,
7670,1999,11,16,12,30,651,1032,,,,,,,,,,,,,,,,,,,,,,,,,,,,,,,,,,,,,,,
7671,1999,11,16,13,30,573,1009,,,,,,,,,,,,,,,,,,,,,,,,,,,,,,,,,,,,,,,
7672,1999,11,16,14,30,437,956,,,,,,,,,,,,,,,,,,,,,,,,,,,,,,,,,,,,,,,
7673,1999,11,16,15,30,256,844,,,,,,,,,,,,,,,,,,,,,,,,,,,,,,,,,,,,,,,
7674,1999,11,16,16,30,64,539,,,,,,,,,,,,,,,,,,,,,,,,,,,,,,,,,,,,,,,
7675,1999,11,16,17,30,0,0,,,,,,,,,,,,,,,,,,,,,,,,,,,,,,,,,,,,,,,
7676,1999,11,16,18,30,0,0,,,,,,,,,,,,,,,,,,,,,,,,,,,,,,,,,,,,,,,
7677,1999,11,16,19,30,0,0,,,,,,,,,,,,,,,,,,,,,,,,,,,,,,,,,,,,,,,
7678,1999,11,16,20,30,0,0,,,,,,,,,,,,,,,,,,,,,,,,,,,,,,,,,,,,,,,
7679,1999,11,16,21,30,0,0,,,,,,,,,,,,,,,,,,,,,,,,,,,,,,,,,,,,,,,
7680,1999,11,16,22,30,0,0,,,,,,,,,,,,,,,,,,,,,,,,,,,,,,,,,,,,,,,
7681,1999,11,16,23,30,0,0,,,,,,,,,,,,,,,,,,,,,,,,,,,,,,,,,,,,,,,
7682,1999,11,17,0,30,0,0,,,,,,,,,,,,,,,,,,,,,,,,,,,,,,,,,,,,,,,
7683,1999,11,17,1,30,0,0,,,,,,,,,,,,,,,,,,,,,,,,,,,,,,,,,,,,,,,
7684,1999,11,17,2,30,0,0,,,,,,,,,,,,,,,,,,,,,,,,,,,,,,,,,,,,,,,
7685,1999,11,17,3,30,0,0,,,,,,,,,,,,,,,,,,,,,,,,,,,,,,,,,,,,,,,
7686,1999,11,17,4,30,0,0,,,,,,,,,,,,,,,,,,,,,,,,,,,,,,,,,,,,,,,
7687,1999,11,17,5,30,0,0,,,,,,,,,,,,,,,,,,,,,,,,,,,,,,,,,,,,,,,
7688,1999,11,17,6,30,0,0,,,,,,,,,,,,,,,,,,,,,,,,,,,,,,,,,,,,,,,
7689,1999,11,17,7,30,128,688,,,,,,,,,,,,,,,,,,,,,,,,,,,,,,,,,,,,,,,
7690,1999,11,17,8,30,321,878,,,,,,,,,,,,,,,,,,,,,,,,,,,,,,,,,,,,,,,
7691,1999,11,17,9,30,487,961,,,,,,,,,,,,,,,,,,,,,,,,,,,,,,,,,,,,,,,
7692,1999,11,17,10,30,602,999,,,,,,,,,,,,,,,,,,,,,,,,,,,,,,,,,,,,,,,
7693,1999,11,17,11,30,655,1000,,,,,,,,,,,,,,,,,,,,,,,,,,,,,,,,,,,,,,,
7694,1999,11,17,12,30,637,981,,,,,,,,,,,,,,,,,,,,,,,,,,,,,,,,,,,,,,,
7695,1999,11,17,13,30,558,945,,,,,,,,,,,,,,,,,,,,,,,,,,,,,,,,,,,,,,,
7696,1999,11,17,14,30,423,883,,,,,,,,,,,,,,,,,,,,,,,,,,,,,,,,,,,,,,,
7697,1999,11,17,15,30,242,742,,,,,,,,,,,,,,,,,,,,,,,,,,,,,,,,,,,,,,,
7698,1999,11,17,16,30,56,396,,,,,,,,,,,,,,,,,,,,,,,,,,,,,,,,,,,,,,,
7699,1999,11,17,17,30,0,0,,,,,,,,,,,,,,,,,,,,,,,,,,,,,,,,,,,,,,,
7700,1999,11,17,18,30,0,0,,,,,,,,,,,,,,,,,,,,,,,,,,,,,,,,,,,,,,,
7701,1999,11,17,19,30,0,0,,,,,,,,,,,,,,,,,,,,,,,,,,,,,,,,,,,,,,,
7702,1999,11,17,20,30,0,0,,,,,,,,,,,,,,,,,,,,,,,,,,,,,,,,,,,,,,,
7703,1999,11,17,21,30,0,0,,,,,,,,,,,,,,,,,,,,,,,,,,,,,,,,,,,,,,,
7704,1999,11,17,22,30,0,0,,,,,,,,,,,,,,,,,,,,,,,,,,,,,,,,,,,,,,,
7705,1999,11,17,23,30,0,0,,,,,,,,,,,,,,,,,,,,,,,,,,,,,,,,,,,,,,,
7706,1999,11,18,0,30,0,0,,,,,,,,,,,,,,,,,,,,,,,,,,,,,,,,,,,,,,,
7707,1999,11,18,1,30,0,0,,,,,,,,,,,,,,,,,,,,,,,,,,,,,,,,,,,,,,,
7708,1999,11,18,2,30,0,0,,,,,,,,,,,,,,,,,,,,,,,,,,,,,,,,,,,,,,,
7709,1999,11,18,3,30,0,0,,,,,,,,,,,,,,,,,,,,,,,,,,,,,,,,,,,,,,,
7710,1999,11,18,4,30,0,0,,,,,,,,,,,,,,,,,,,,,,,,,,,,,,,,,,,,,,,
7711,1999,11,18,5,30,0,0,,,,,,,,,,,,,,,,,,,,,,,,,,,,,,,,,,,,,,,
7712,1999,11,18,6,30,0,0,,,,,,,,,,,,,,,,,,,,,,,,,,,,,,,,,,,,,,,
7713,1999,11,18,7,30,121,640,,,,,,,,,,,,,,,,,,,,,,,,,,,,,,,,,,,,,,,
7714,1999,11,18,8,30,310,856,,,,,,,,,,,,,,,,,,,,,,,,,,,,,,,,,,,,,,,
7715,1999,11,18,9,30,472,944,,,,,,,,,,,,,,,,,,,,,,,,,,,,,,,,,,,,,,,
7716,1999,11,18,10,30,586,985,,,,,,,,,,,,,,,,,,,,,,,,,,,,,,,,,,,,,,,
7717,1999,11,18,11,30,639,1002,,,,,,,,,,,,,,,,,,,,,,,,,,,,,,,,,,,,,,,
7718,1999,11,18,12,30,631,1004,,,,,,,,,,,,,,,,,,,,,,,,,,,,,,,,,,,,,,,
7719,1999,11,18,13,30,554,981,,,,,,,,,,,,,,,,,,,,,,,,,,,,,,,,,,,,,,,
7720,1999,11,18,14,30,423,934,,,,,,,,,,,,,,,,,,,,,,,,,,,,,,,,,,,,,,,
7721,1999,11,18,15,30,246,818,,,,,,,,,,,,,,,,,,,,,,,,,,,,,,,,,,,,,,,
7722,1999,11,18,16,30,58,503,,,,,,,,,,,,,,,,,,,,,,,,,,,,,,,,,,,,,,,
7723,1999,11,18,17,30,0,0,,,,,,,,,,,,,,,,,,,,,,,,,,,,,,,,,,,,,,,
7724,1999,11,18,18,30,0,0,,,,,,,,,,,,,,,,,,,,,,,,,,,,,,,,,,,,,,,
7725,1999,11,18,19,30,0,0,,,,,,,,,,,,,,,,,,,,,,,,,,,,,,,,,,,,,,,
7726,1999,11,18,20,30,0,0,,,,,,,,,,,,,,,,,,,,,,,,,,,,,,,,,,,,,,,
7727,1999,11,18,21,30,0,0,,,,,,,,,,,,,,,,,,,,,,,,,,,,,,,,,,,,,,,
7728,1999,11,18,22,30,0,0,,,,,,,,,,,,,,,,,,,,,,,,,,,,,,,,,,,,,,,
7729,1999,11,18,23,30,0,0,,,,,,,,,,,,,,,,,,,,,,,,,,,,,,,,,,,,,,,
7730,1999,11,19,0,30,0,0,,,,,,,,,,,,,,,,,,,,,,,,,,,,,,,,,,,,,,,
7731,1999,11,19,1,30,0,0,,,,,,,,,,,,,,,,,,,,,,,,,,,,,,,,,,,,,,,
7732,1999,11,19,2,30,0,0,,,,,,,,,,,,,,,,,,,,,,,,,,,,,,,,,,,,,,,
7733,1999,11,19,3,30,0,0,,,,,,,,,,,,,,,,,,,,,,,,,,,,,,,,,,,,,,,
7734,1999,11,19,4,30,0,0,,,,,,,,,,,,,,,,,,,,,,,,,,,,,,,,,,,,,,,
7735,1999,11,19,5,30,0,0,,,,,,,,,,,,,,,,,,,,,,,,,,,,,,,,,,,,,,,
7736,1999,11,19,6,30,0,0,,,,,,,,,,,,,,,,,,,,,,,,,,,,,,,,,,,,,,,
7737,1999,11,19,7,30,120,685,,,,,,,,,,,,,,,,,,,,,,,,,,,,,,,,,,,,,,,
7738,1999,11,19,8,30,311,890,,,,,,,,,,,,,,,,,,,,,,,,,,,,,,,,,,,,,,,
7739,1999,11,19,9,30,475,975,,,,,,,,,,,,,,,,,,,,,,,,,,,,,,,,,,,,,,,
7740,1999,11,19,10,30,585,1007,,,,,,,,,,,,,,,,,,,,,,,,,,,,,,,,,,,,,,,
7741,1999,11,19,11,30,639,1022,,,,,,,,,,,,,,,,,,,,,,,,,,,,,,,,,,,,,,,
7742,1999,11,19,12,30,627,1019,,,,,,,,,,,,,,,,,,,,,,,,,,,,,,,,,,,,,,,
7743,1999,11,19,13,30,551,996,,,,,,,,,,,,,,,,,,,,,,,,,,,,,,,,,,,,,,,
7744,1999,11,19,14,30,392,673,,,,,,,,,,,,,,,,,,,,,,,,,,,,,,,,,,,,,,,
7745,1999,11,19,15,30,242,831,,,,,,,,,,,,,,,,,,,,,,,,,,,,,,,,,,,,,,,
7746,1999,11,19,16,30,33,1,,,,,,,,,,,,,,,,,,,,,,,,,,,,,,,,,,,,,,,
7747,1999,11,19,17,30,0,0,,,,,,,,,,,,,,,,,,,,,,,,,,,,,,,,,,,,,,,
7748,1999,11,19,18,30,0,0,,,,,,,,,,,,,,,,,,,,,,,,,,,,,,,,,,,,,,,
7749,1999,11,19,19,30,0,0,,,,,,,,,,,,,,,,,,,,,,,,,,,,,,,,,,,,,,,
7750,1999,11,19,20,30,0,0,,,,,,,,,,,,,,,,,,,,,,,,,,,,,,,,,,,,,,,
7751,1999,11,19,21,30,0,0,,,,,,,,,,,,,,,,,,,,,,,,,,,,,,,,,,,,,,,
7752,1999,11,19,22,30,0,0,,,,,,,,,,,,,,,,,,,,,,,,,,,,,,,,,,,,,,,
7753,1999,11,19,23,30,0,0,,,,,,,,,,,,,,,,,,,,,,,,,,,,,,,,,,,,,,,
7754,1999,11,20,0,30,0,0,,,,,,,,,,,,,,,,,,,,,,,,,,,,,,,,,,,,,,,
7755,1999,11,20,1,30,0,0,,,,,,,,,,,,,,,,,,,,,,,,,,,,,,,,,,,,,,,
7756,1999,11,20,2,30,0,0,,,,,,,,,,,,,,,,,,,,,,,,,,,,,,,,,,,,,,,
7757,1999,11,20,3,30,0,0,,,,,,,,,,,,,,,,,,,,,,,,,,,,,,,,,,,,,,,
7758,1999,11,20,4,30,0,0,,,,,,,,,,,,,,,,,,,,,,,,,,,,,,,,,,,,,,,
7759,1999,11,20,5,30,0,0,,,,,,,,,,,,,,,,,,,,,,,,,,,,,,,,,,,,,,,
7760,1999,11,20,6,30,0,0,,,,,,,,,,,,,,,,,,,,,,,,,,,,,,,,,,,,,,,
7761,1999,11,20,7,30,78,37,,,,,,,,,,,,,,,,,,,,,,,,,,,,,,,,,,,,,,,
7762,1999,11,20,8,30,240,248,,,,,,,,,,,,,,,,,,,,,,,,,,,,,,,,,,,,,,,
7763,1999,11,20,9,30,436,677,,,,,,,,,,,,,,,,,,,,,,,,,,,,,,,,,,,,,,,
7764,1999,11,20,10,30,569,789,,,,,,,,,,,,,,,,,,,,,,,,,,,,,,,,,,,,,,,
7765,1999,11,20,11,30,507,310,,,,,,,,,,,,,,,,,,,,,,,,,,,,,,,,,,,,,,,
7766,1999,11,20,12,30,632,1013,,,,,,,,,,,,,,,,,,,,,,,,,,,,,,,,,,,,,,,
7767,1999,11,20,13,30,556,991,,,,,,,,,,,,,,,,,,,,,,,,,,,,,,,,,,,,,,,
7768,1999,11,20,14,30,421,934,,,,,,,,,,,,,,,,,,,,,,,,,,,,,,,,,,,,,,,
7769,1999,11,20,15,30,243,817,,,,,,,,,,,,,,,,,,,,,,,,,,,,,,,,,,,,,,,
7770,1999,11,20,16,30,56,499,,,,,,,,,,,,,,,,,,,,,,,,,,,,,,,,,,,,,,,
7771,1999,11,20,17,30,0,0,,,,,,,,,,,,,,,,,,,,,,,,,,,,,,,,,,,,,,,
7772,1999,11,20,18,30,0,0,,,,,,,,,,,,,,,,,,,,,,,,,,,,,,,,,,,,,,,
7773,1999,11,20,19,30,0,0,,,,,,,,,,,,,,,,,,,,,,,,,,,,,,,,,,,,,,,
7774,1999,11,20,20,30,0,0,,,,,,,,,,,,,,,,,,,,,,,,,,,,,,,,,,,,,,,
7775,1999,11,20,21,30,0,0,,,,,,,,,,,,,,,,,,,,,,,,,,,,,,,,,,,,,,,
7776,1999,11,20,22,30,0,0,,,,,,,,,,,,,,,,,,,,,,,,,,,,,,,,,,,,,,,
7777,1999,11,20,23,30,0,0,,,,,,,,,,,,,,,,,,,,,,,,,,,,,,,,,,,,,,,
7778,1999,11,21,0,30,0,0,,,,,,,,,,,,,,,,,,,,,,,,,,,,,,,,,,,,,,,
7779,1999,11,21,1,30,0,0,,,,,,,,,,,,,,,,,,,,,,,,,,,,,,,,,,,,,,,
7780,1999,11,21,2,30,0,0,,,,,,,,,,,,,,,,,,,,,,,,,,,,,,,,,,,,,,,
7781,1999,11,21,3,30,0,0,,,,,,,,,,,,,,,,,,,,,,,,,,,,,,,,,,,,,,,
7782,1999,11,21,4,30,0,0,,,,,,,,,,,,,,,,,,,,,,,,,,,,,,,,,,,,,,,
7783,1999,11,21,5,30,0,0,,,,,,,,,,,,,,,,,,,,,,,,,,,,,,,,,,,,,,,
7784,1999,11,21,6,30,0,0,,,,,,,,,,,,,,,,,,,,,,,,,,,,,,,,,,,,,,,
7785,1999,11,21,7,30,113,637,,,,,,,,,,,,,,,,,,,,,,,,,,,,,,,,,,,,,,,
7786,1999,11,21,8,30,302,860,,,,,,,,,,,,,,,,,,,,,,,,,,,,,,,,,,,,,,,
7787,1999,11,21,9,30,466,951,,,,,,,,,,,,,,,,,,,,,,,,,,,,,,,,,,,,,,,
7788,1999,11,21,10,30,585,1000,,,,,,,,,,,,,,,,,,,,,,,,,,,,,,,,,,,,,,,
7789,1999,11,21,11,30,639,1018,,,,,,,,,,,,,,,,,,,,,,,,,,,,,,,,,,,,,,,
7790,1999,11,21,12,30,628,1014,,,,,,,,,,,,,,,,,,,,,,,,,,,,,,,,,,,,,,,
7791,1999,11,21,13,30,552,990,,,,,,,,,,,,,,,,,,,,,,,,,,,,,,,,,,,,,,,
7792,1999,11,21,14,30,418,933,,,,,,,,,,,,,,,,,,,,,,,,,,,,,,,,,,,,,,,
7793,1999,11,21,15,30,239,802,,,,,,,,,,,,,,,,,,,,,,,,,,,,,,,,,,,,,,,
7794,1999,11,21,16,30,53,464,,,,,,,,,,,,,,,,,,,,,,,,,,,,,,,,,,,,,,,
7795,1999,11,21,17,30,0,0,,,,,,,,,,,,,,,,,,,,,,,,,,,,,,,,,,,,,,,
7796,1999,11,21,18,30,0,0,,,,,,,,,,,,,,,,,,,,,,,,,,,,,,,,,,,,,,,
7797,1999,11,21,19,30,0,0,,,,,,,,,,,,,,,,,,,,,,,,,,,,,,,,,,,,,,,
7798,1999,11,21,20,30,0,0,,,,,,,,,,,,,,,,,,,,,,,,,,,,,,,,,,,,,,,
7799,1999,11,21,21,30,0,0,,,,,,,,,,,,,,,,,,,,,,,,,,,,,,,,,,,,,,,
7800,1999,11,21,22,30,0,0,,,,,,,,,,,,,,,,,,,,,,,,,,,,,,,,,,,,,,,
7801,1999,11,21,23,30,0,0,,,,,,,,,,,,,,,,,,,,,,,,,,,,,,,,,,,,,,,
7802,1999,11,22,0,30,0,0,,,,,,,,,,,,,,,,,,,,,,,,,,,,,,,,,,,,,,,
7803,1999,11,22,1,30,0,0,,,,,,,,,,,,,,,,,,,,,,,,,,,,,,,,,,,,,,,
7804,1999,11,22,2,30,0,0,,,,,,,,,,,,,,,,,,,,,,,,,,,,,,,,,,,,,,,
7805,1999,11,22,3,30,0,0,,,,,,,,,,,,,,,,,,,,,,,,,,,,,,,,,,,,,,,
7806,1999,11,22,4,30,0,0,,,,,,,,,,,,,,,,,,,,,,,,,,,,,,,,,,,,,,,
7807,1999,11,22,5,30,0,0,,,,,,,,,,,,,,,,,,,,,,,,,,,,,,,,,,,,,,,
7808,1999,11,22,6,30,0,0,,,,,,,,,,,,,,,,,,,,,,,,,,,,,,,,,,,,,,,
7809,1999,11,22,7,30,111,627,,,,,,,,,,,,,,,,,,,,,,,,,,,,,,,,,,,,,,,
7810,1999,11,22,8,30,300,850,,,,,,,,,,,,,,,,,,,,,,,,,,,,,,,,,,,,,,,
7811,1999,11,22,9,30,465,940,,,,,,,,,,,,,,,,,,,,,,,,,,,,,,,,,,,,,,,
7812,1999,11,22,10,30,180,1,,,,,,,,,,,,,,,,,,,,,,,,,,,,,,,,,,,,,,,
7813,1999,11,22,11,30,454,173,,,,,,,,,,,,,,,,,,,,,,,,,,,,,,,,,,,,,,,
7814,1999,11,22,12,30,240,22,,,,,,,,,,,,,,,,,,,,,,,,,,,,,,,,,,,,,,,
7815,1999,11,22,13,30,288,73,,,,,,,,,,,,,,,,,,,,,,,,,,,,,,,,,,,,,,,
7816,1999,11,22,14,30,49,0,,,,,,,,,,,,,,,,,,,,,,,,,,,,,,,,,,,,,,,
7817,1999,11,22,15,30,8,0,,,,,,,,,,,,,,,,,,,,,,,,,,,,,,,,,,,,,,,
7818,1999,11,22,16,30,26,0,,,,,,,,,,,,,,,,,,,,,,,,,,,,,,,,,,,,,,,
7819,1999,11,22,17,30,0,0,,,,,,,,,,,,,,,,,,,,,,,,,,,,,,,,,,,,,,,
7820,1999,11,22,18,30,0,0,,,,,,,,,,,,,,,,,,,,,,,,,,,,,,,,,,,,,,,
7821,1999,11,22,19,30,0,0,,,,,,,,,,,,,,,,,,,,,,,,,,,,,,,,,,,,,,,
7822,1999,11,22,20,30,0,0,,,,,,,,,,,,,,,,,,,,,,,,,,,,,,,,,,,,,,,
7823,1999,11,22,21,30,0,0,,,,,,,,,,,,,,,,,,,,,,,,,,,,,,,,,,,,,,,
7824,1999,11,22,22,30,0,0,,,,,,,,,,,,,,,,,,,,,,,,,,,,,,,,,,,,,,,
7825,1999,11,22,23,30,0,0,,,,,,,,,,,,,,,,,,,,,,,,,,,,,,,,,,,,,,,
7826,1999,11,23,0,30,0,0,,,,,,,,,,,,,,,,,,,,,,,,,,,,,,,,,,,,,,,
7827,1999,11,23,1,30,0,0,,,,,,,,,,,,,,,,,,,,,,,,,,,,,,,,,,,,,,,
7828,1999,11,23,2,30,0,0,,,,,,,,,,,,,,,,,,,,,,,,,,,,,,,,,,,,,,,
7829,1999,11,23,3,30,0,0,,,,,,,,,,,,,,,,,,,,,,,,,,,,,,,,,,,,,,,
7830,1999,11,23,4,30,0,0,,,,,,,,,,,,,,,,,,,,,,,,,,,,,,,,,,,,,,,
7831,1999,11,23,5,30,0,0,,,,,,,,,,,,,,,,,,,,,,,,,,,,,,,,,,,,,,,
7832,1999,11,23,6,30,0,0,,,,,,,,,,,,,,,,,,,,,,,,,,,,,,,,,,,,,,,
7833,1999,11,23,7,30,70,11,,,,,,,,,,,,,,,,,,,,,,,,,,,,,,,,,,,,,,,
7834,1999,11,23,8,30,304,876,,,,,,,,,,,,,,,,,,,,,,,,,,,,,,,,,,,,,,,
7835,1999,11,23,9,30,471,971,,,,,,,,,,,,,,,,,,,,,,,,,,,,,,,,,,,,,,,
7836,1999,11,23,10,30,589,1016,,,,,,,,,,,,,,,,,,,,,,,,,,,,,,,,,,,,,,,
7837,1999,11,23,11,30,644,1037,,,,,,,,,,,,,,,,,,,,,,,,,,,,,,,,,,,,,,,
7838,1999,11,23,12,30,633,1035,,,,,,,,,,,,,,,,,,,,,,,,,,,,,,,,,,,,,,,
7839,1999,11,23,13,30,557,1012,,,,,,,,,,,,,,,,,,,,,,,,,,,,,,,,,,,,,,,
7840,1999,11,23,14,30,422,959,,,,,,,,,,,,,,,,,,,,,,,,,,,,,,,,,,,,,,,
7841,1999,11,23,15,30,243,842,,,,,,,,,,,,,,,,,,,,,,,,,,,,,,,,,,,,,,,
7842,1999,11,23,16,30,54,507,,,,,,,,,,,,,,,,,,,,,,,,,,,,,,,,,,,,,,,
7843,1999,11,23,17,30,0,0,,,,,,,,,,,,,,,,,,,,,,,,,,,,,,,,,,,,,,,
7844,1999,11,23,18,30,0,0,,,,,,,,,,,,,,,,,,,,,,,,,,,,,,,,,,,,,,,
7845,1999,11,23,19,30,0,0,,,,,,,,,,,,,,,,,,,,,,,,,,,,,,,,,,,,,,,
7846,1999,11,23,20,30,0,0,,,,,,,,,,,,,,,,,,,,,,,,,,,,,,,,,,,,,,,
7847,1999,11,23,21,30,0,0,,,,,,,,,,,,,,,,,,,,,,,,,,,,,,,,,,,,,,,
7848,1999,11,23,22,30,0,0,,,,,,,,,,,,,,,,,,,,,,,,,,,,,,,,,,,,,,,
7849,1999,11,23,23,30,0,0,,,,,,,,,,,,,,,,,,,,,,,,,,,,,,,,,,,,,,,
7850,1999,11,24,0,30,0,0,,,,,,,,,,,,,,,,,,,,,,,,,,,,,,,,,,,,,,,
7851,1999,11,24,1,30,0,0,,,,,,,,,,,,,,,,,,,,,,,,,,,,,,,,,,,,,,,
7852,1999,11,24,2,30,0,0,,,,,,,,,,,,,,,,,,,,,,,,,,,,,,,,,,,,,,,
7853,1999,11,24,3,30,0,0,,,,,,,,,,,,,,,,,,,,,,,,,,,,,,,,,,,,,,,
7854,1999,11,24,4,30,0,0,,,,,,,,,,,,,,,,,,,,,,,,,,,,,,,,,,,,,,,
7855,1999,11,24,5,30,0,0,,,,,,,,,,,,,,,,,,,,,,,,,,,,,,,,,,,,,,,
7856,1999,11,24,6,30,0,0,,,,,,,,,,,,,,,,,,,,,,,,,,,,,,,,,,,,,,,
7857,1999,11,24,7,30,45,0,,,,,,,,,,,,,,,,,,,,,,,,,,,,,,,,,,,,,,,
7858,1999,11,24,8,30,148,8,,,,,,,,,,,,,,,,,,,,,,,,,,,,,,,,,,,,,,,
7859,1999,11,24,9,30,456,937,,,,,,,,,,,,,,,,,,,,,,,,,,,,,,,,,,,,,,,
7860,1999,11,24,10,30,572,984,,,,,,,,,,,,,,,,,,,,,,,,,,,,,,,,,,,,,,,
7861,1999,11,24,11,30,633,1008,,,,,,,,,,,,,,,,,,,,,,,,,,,,,,,,,,,,,,,
7862,1999,11,24,12,30,622,1003,,,,,,,,,,,,,,,,,,,,,,,,,,,,,,,,,,,,,,,
7863,1999,11,24,13,30,443,496,,,,,,,,,,,,,,,,,,,,,,,,,,,,,,,,,,,,,,,
7864,1999,11,24,14,30,359,448,,,,,,,,,,,,,,,,,,,,,,,,,,,,,,,,,,,,,,,
7865,1999,11,24,15,30,236,800,,,,,,,,,,,,,,,,,,,,,,,,,,,,,,,,,,,,,,,
7866,1999,11,24,16,30,51,460,,,,,,,,,,,,,,,,,,,,,,,,,,,,,,,,,,,,,,,
7867,1999,11,24,17,30,0,0,,,,,,,,,,,,,,,,,,,,,,,,,,,,,,,,,,,,,,,
7868,1999,11,24,18,30,0,0,,,,,,,,,,,,,,,,,,,,,,,,,,,,,,,,,,,,,,,
7869,1999,11,24,19,30,0,0,,,,,,,,,,,,,,,,,,,,,,,,,,,,,,,,,,,,,,,
7870,1999,11,24,20,30,0,0,,,,,,,,,,,,,,,,,,,,,,,,,,,,,,,,,,,,,,,
7871,1999,11,24,21,30,0,0,,,,,,,,,,,,,,,,,,,,,,,,,,,,,,,,,,,,,,,
7872,1999,11,24,22,30,0,0,,,,,,,,,,,,,,,,,,,,,,,,,,,,,,,,,,,,,,,
7873,1999,11,24,23,30,0,0,,,,,,,,,,,,,,,,,,,,,,,,,,,,,,,,,,,,,,,
7874,1999,11,25,0,30,0,0,,,,,,,,,,,,,,,,,,,,,,,,,,,,,,,,,,,,,,,
7875,1999,11,25,1,30,0,0,,,,,,,,,,,,,,,,,,,,,,,,,,,,,,,,,,,,,,,
7876,1999,11,25,2,30,0,0,,,,,,,,,,,,,,,,,,,,,,,,,,,,,,,,,,,,,,,
7877,1999,11,25,3,30,0,0,,,,,,,,,,,,,,,,,,,,,,,,,,,,,,,,,,,,,,,
7878,1999,11,25,4,30,0,0,,,,,,,,,,,,,,,,,,,,,,,,,,,,,,,,,,,,,,,
7879,1999,11,25,5,30,0,0,,,,,,,,,,,,,,,,,,,,,,,,,,,,,,,,,,,,,,,
7880,1999,11,25,6,30,0,0,,,,,,,,,,,,,,,,,,,,,,,,,,,,,,,,,,,,,,,
7881,1999,11,25,7,30,101,633,,,,,,,,,,,,,,,,,,,,,,,,,,,,,,,,,,,,,,,
7882,1999,11,25,8,30,287,875,,,,,,,,,,,,,,,,,,,,,,,,,,,,,,,,,,,,,,,
7883,1999,11,25,9,30,447,958,,,,,,,,,,,,,,,,,,,,,,,,,,,,,,,,,,,,,,,
7884,1999,11,25,10,30,562,1001,,,,,,,,,,,,,,,,,,,,,,,,,,,,,,,,,,,,,,,
7885,1999,11,25,11,30,613,1012,,,,,,,,,,,,,,,,,,,,,,,,,,,,,,,,,,,,,,,
7886,1999,11,25,12,30,605,1008,,,,,,,,,,,,,,,,,,,,,,,,,,,,,,,,,,,,,,,
7887,1999,11,25,13,30,531,983,,,,,,,,,,,,,,,,,,,,,,,,,,,,,,,,,,,,,,,
7888,1999,11,25,14,30,402,926,,,,,,,,,,,,,,,,,,,,,,,,,,,,,,,,,,,,,,,
7889,1999,11,25,15,30,226,589,,,,,,,,,,,,,,,,,,,,,,,,,,,,,,,,,,,,,,,
7890,1999,11,25,16,30,49,476,,,,,,,,,,,,,,,,,,,,,,,,,,,,,,,,,,,,,,,
7891,1999,11,25,17,30,0,0,,,,,,,,,,,,,,,,,,,,,,,,,,,,,,,,,,,,,,,
7892,1999,11,25,18,30,0,0,,,,,,,,,,,,,,,,,,,,,,,,,,,,,,,,,,,,,,,
7893,1999,11,25,19,30,0,0,,,,,,,,,,,,,,,,,,,,,,,,,,,,,,,,,,,,,,,
7894,1999,11,25,20,30,0,0,,,,,,,,,,,,,,,,,,,,,,,,,,,,,,,,,,,,,,,
7895,1999,11,25,21,30,0,0,,,,,,,,,,,,,,,,,,,,,,,,,,,,,,,,,,,,,,,
7896,1999,11,25,22,30,0,0,,,,,,,,,,,,,,,,,,,,,,,,,,,,,,,,,,,,,,,
7897,1999,11,25,23,30,0,0,,,,,,,,,,,,,,,,,,,,,,,,,,,,,,,,,,,,,,,
7898,1999,11,26,0,30,0,0,,,,,,,,,,,,,,,,,,,,,,,,,,,,,,,,,,,,,,,
7899,1999,11,26,1,30,0,0,,,,,,,,,,,,,,,,,,,,,,,,,,,,,,,,,,,,,,,
7900,1999,11,26,2,30,0,0,,,,,,,,,,,,,,,,,,,,,,,,,,,,,,,,,,,,,,,
7901,1999,11,26,3,30,0,0,,,,,,,,,,,,,,,,,,,,,,,,,,,,,,,,,,,,,,,
7902,1999,11,26,4,30,0,0,,,,,,,,,,,,,,,,,,,,,,,,,,,,,,,,,,,,,,,
7903,1999,11,26,5,30,0,0,,,,,,,,,,,,,,,,,,,,,,,,,,,,,,,,,,,,,,,
7904,1999,11,26,6,30,0,0,,,,,,,,,,,,,,,,,,,,,,,,,,,,,,,,,,,,,,,
7905,1999,11,26,7,30,96,623,,,,,,,,,,,,,,,,,,,,,,,,,,,,,,,,,,,,,,,
7906,1999,11,26,8,30,280,860,,,,,,,,,,,,,,,,,,,,,,,,,,,,,,,,,,,,,,,
7907,1999,11,26,9,30,439,946,,,,,,,,,,,,,,,,,,,,,,,,,,,,,,,,,,,,,,,
7908,1999,11,26,10,30,553,990,,,,,,,,,,,,,,,,,,,,,,,,,,,,,,,,,,,,,,,
7909,1999,11,26,11,30,611,1013,,,,,,,,,,,,,,,,,,,,,,,,,,,,,,,,,,,,,,,
7910,1999,11,26,12,30,602,1009,,,,,,,,,,,,,,,,,,,,,,,,,,,,,,,,,,,,,,,
7911,1999,11,26,13,30,529,985,,,,,,,,,,,,,,,,,,,,,,,,,,,,,,,,,,,,,,,
7912,1999,11,26,14,30,401,940,,,,,,,,,,,,,,,,,,,,,,,,,,,,,,,,,,,,,,,
7913,1999,11,26,15,30,228,822,,,,,,,,,,,,,,,,,,,,,,,,,,,,,,,,,,,,,,,
7914,1999,11,26,16,30,48,495,,,,,,,,,,,,,,,,,,,,,,,,,,,,,,,,,,,,,,,
7915,1999,11,26,17,30,0,0,,,,,,,,,,,,,,,,,,,,,,,,,,,,,,,,,,,,,,,
7916,1999,11,26,18,30,0,0,,,,,,,,,,,,,,,,,,,,,,,,,,,,,,,,,,,,,,,
7917,1999,11,26,19,30,0,0,,,,,,,,,,,,,,,,,,,,,,,,,,,,,,,,,,,,,,,
7918,1999,11,26,20,30,0,0,,,,,,,,,,,,,,,,,,,,,,,,,,,,,,,,,,,,,,,
7919,1999,11,26,21,30,0,0,,,,,,,,,,,,,,,,,,,,,,,,,,,,,,,,,,,,,,,
7920,1999,11,26,22,30,0,0,,,,,,,,,,,,,,,,,,,,,,,,,,,,,,,,,,,,,,,
7921,1999,11,26,23,30,0,0,,,,,,,,,,,,,,,,,,,,,,,,,,,,,,,,,,,,,,,
7922,1999,11,27,0,30,0,0,,,,,,,,,,,,,,,,,,,,,,,,,,,,,,,,,,,,,,,
7923,1999,11,27,1,30,0,0,,,,,,,,,,,,,,,,,,,,,,,,,,,,,,,,,,,,,,,
7924,1999,11,27,2,30,0,0,,,,,,,,,,,,,,,,,,,,,,,,,,,,,,,,,,,,,,,
7925,1999,11,27,3,30,0,0,,,,,,,,,,,,,,,,,,,,,,,,,,,,,,,,,,,,,,,
7926,1999,11,27,4,30,0,0,,,,,,,,,,,,,,,,,,,,,,,,,,,,,,,,,,,,,,,
7927,1999,11,27,5,30,0,0,,,,,,,,,,,,,,,,,,,,,,,,,,,,,,,,,,,,,,,
7928,1999,11,27,6,30,0,0,,,,,,,,,,,,,,,,,,,,,,,,,,,,,,,,,,,,,,,
7929,1999,11,27,7,30,94,625,,,,,,,,,,,,,,,,,,,,,,,,,,,,,,,,,,,,,,,
7930,1999,11,27,8,30,279,862,,,,,,,,,,,,,,,,,,,,,,,,,,,,,,,,,,,,,,,
7931,1999,11,27,9,30,319,308,,,,,,,,,,,,,,,,,,,,,,,,,,,,,,,,,,,,,,,
7932,1999,11,27,10,30,401,172,,,,,,,,,,,,,,,,,,,,,,,,,,,,,,,,,,,,,,,
7933,1999,11,27,11,30,611,1017,,,,,,,,,,,,,,,,,,,,,,,,,,,,,,,,,,,,,,,
7934,1999,11,27,12,30,603,1013,,,,,,,,,,,,,,,,,,,,,,,,,,,,,,,,,,,,,,,
7935,1999,11,27,13,30,517,782,,,,,,,,,,,,,,,,,,,,,,,,,,,,,,,,,,,,,,,
7936,1999,11,27,14,30,302,312,,,,,,,,,,,,,,,,,,,,,,,,,,,,,,,,,,,,,,,
7937,1999,11,27,15,30,227,815,,,,,,,,,,,,,,,,,,,,,,,,,,,,,,,,,,,,,,,
7938,1999,11,27,16,30,47,485,,,,,,,,,,,,,,,,,,,,,,,,,,,,,,,,,,,,,,,
7939,1999,11,27,17,30,0,0,,,,,,,,,,,,,,,,,,,,,,,,,,,,,,,,,,,,,,,
7940,1999,11,27,18,30,0,0,,,,,,,,,,,,,,,,,,,,,,,,,,,,,,,,,,,,,,,
7941,1999,11,27,19,30,0,0,,,,,,,,,,,,,,,,,,,,,,,,,,,,,,,,,,,,,,,
7942,1999,11,27,20,30,0,0,,,,,,,,,,,,,,,,,,,,,,,,,,,,,,,,,,,,,,,
7943,1999,11,27,21,30,0,0,,,,,,,,,,,,,,,,,,,,,,,,,,,,,,,,,,,,,,,
7944,1999,11,27,22,30,0,0,,,,,,,,,,,,,,,,,,,,,,,,,,,,,,,,,,,,,,,
7945,1999,11,27,23,30,0,0,,,,,,,,,,,,,,,,,,,,,,,,,,,,,,,,,,,,,,,
7946,1999,11,28,0,30,0,0,,,,,,,,,,,,,,,,,,,,,,,,,,,,,,,,,,,,,,,
7947,1999,11,28,1,30,0,0,,,,,,,,,,,,,,,,,,,,,,,,,,,,,,,,,,,,,,,
7948,1999,11,28,2,30,0,0,,,,,,,,,,,,,,,,,,,,,,,,,,,,,,,,,,,,,,,
7949,1999,11,28,3,30,0,0,,,,,,,,,,,,,,,,,,,,,,,,,,,,,,,,,,,,,,,
7950,1999,11,28,4,30,0,0,,,,,,,,,,,,,,,,,,,,,,,,,,,,,,,,,,,,,,,
7951,1999,11,28,5,30,0,0,,,,,,,,,,,,,,,,,,,,,,,,,,,,,,,,,,,,,,,
7952,1999,11,28,6,30,0,0,,,,,,,,,,,,,,,,,,,,,,,,,,,,,,,,,,,,,,,
7953,1999,11,28,7,30,90,608,,,,,,,,,,,,,,,,,,,,,,,,,,,,,,,,,,,,,,,
7954,1999,11,28,8,30,273,852,,,,,,,,,,,,,,,,,,,,,,,,,,,,,,,,,,,,,,,
7955,1999,11,28,9,30,434,948,,,,,,,,,,,,,,,,,,,,,,,,,,,,,,,,,,,,,,,
7956,1999,11,28,10,30,549,991,,,,,,,,,,,,,,,,,,,,,,,,,,,,,,,,,,,,,,,
7957,1999,11,28,11,30,605,1009,,,,,,,,,,,,,,,,,,,,,,,,,,,,,,,,,,,,,,,
7958,1999,11,28,12,30,596,1006,,,,,,,,,,,,,,,,,,,,,,,,,,,,,,,,,,,,,,,
7959,1999,11,28,13,30,524,983,,,,,,,,,,,,,,,,,,,,,,,,,,,,,,,,,,,,,,,
7960,1999,11,28,14,30,299,227,,,,,,,,,,,,,,,,,,,,,,,,,,,,,,,,,,,,,,,
7961,1999,11,28,15,30,204,529,,,,,,,,,,,,,,,,,,,,,,,,,,,,,,,,,,,,,,,
7962,1999,11,28,16,30,26,3,,,,,,,,,,,,,,,,,,,,,,,,,,,,,,,,,,,,,,,
7963,1999,11,28,17,30,0,0,,,,,,,,,,,,,,,,,,,,,,,,,,,,,,,,,,,,,,,
7964,1999,11,28,18,30,0,0,,,,,,,,,,,,,,,,,,,,,,,,,,,,,,,,,,,,,,,
7965,1999,11,28,19,30,0,0,,,,,,,,,,,,,,,,,,,,,,,,,,,,,,,,,,,,,,,
7966,1999,11,28,20,30,0,0,,,,,,,,,,,,,,,,,,,,,,,,,,,,,,,,,,,,,,,
7967,1999,11,28,21,30,0,0,,,,,,,,,,,,,,,,,,,,,,,,,,,,,,,,,,,,,,,
7968,1999,11,28,22,30,0,0,,,,,,,,,,,,,,,,,,,,,,,,,,,,,,,,,,,,,,,
7969,1999,11,28,23,30,0,0,,,,,,,,,,,,,,,,,,,,,,,,,,,,,,,,,,,,,,,
7970,1999,11,29,0,30,0,0,,,,,,,,,,,,,,,,,,,,,,,,,,,,,,,,,,,,,,,
7971,1999,11,29,1,30,0,0,,,,,,,,,,,,,,,,,,,,,,,,,,,,,,,,,,,,,,,
7972,1999,11,29,2,30,0,0,,,,,,,,,,,,,,,,,,,,,,,,,,,,,,,,,,,,,,,
7973,1999,11,29,3,30,0,0,,,,,,,,,,,,,,,,,,,,,,,,,,,,,,,,,,,,,,,
7974,1999,11,29,4,30,0,0,,,,,,,,,,,,,,,,,,,,,,,,,,,,,,,,,,,,,,,
7975,1999,11,29,5,30,0,0,,,,,,,,,,,,,,,,,,,,,,,,,,,,,,,,,,,,,,,
7976,1999,11,29,6,30,0,0,,,,,,,,,,,,,,,,,,,,,,,,,,,,,,,,,,,,,,,
7977,1999,11,29,7,30,43,1,,,,,,,,,,,,,,,,,,,,,,,,,,,,,,,,,,,,,,,
7978,1999,11,29,8,30,174,43,,,,,,,,,,,,,,,,,,,,,,,,,,,,,,,,,,,,,,,
7979,1999,11,29,9,30,431,929,,,,,,,,,,,,,,,,,,,,,,,,,,,,,,,,,,,,,,,
7980,1999,11,29,10,30,406,217,,,,,,,,,,,,,,,,,,,,,,,,,,,,,,,,,,,,,,,
7981,1999,11,29,11,30,601,995,,,,,,,,,,,,,,,,,,,,,,,,,,,,,,,,,,,,,,,
7982,1999,11,29,12,30,479,358,,,,,,,,,,,,,,,,,,,,,,,,,,,,,,,,,,,,,,,
7983,1999,11,29,13,30,402,385,,,,,,,,,,,,,,,,,,,,,,,,,,,,,,,,,,,,,,,
7984,1999,11,29,14,30,251,63,,,,,,,,,,,,,,,,,,,,,,,,,,,,,,,,,,,,,,,
7985,1999,11,29,15,30,222,794,,,,,,,,,,,,,,,,,,,,,,,,,,,,,,,,,,,,,,,
7986,1999,11,29,16,30,25,1,,,,,,,,,,,,,,,,,,,,,,,,,,,,,,,,,,,,,,,
7987,1999,11,29,17,30,0,0,,,,,,,,,,,,,,,,,,,,,,,,,,,,,,,,,,,,,,,
7988,1999,11,29,18,30,0,0,,,,,,,,,,,,,,,,,,,,,,,,,,,,,,,,,,,,,,,
7989,1999,11,29,19,30,0,0,,,,,,,,,,,,,,,,,,,,,,,,,,,,,,,,,,,,,,,
7990,1999,11,29,20,30,0,0,,,,,,,,,,,,,,,,,,,,,,,,,,,,,,,,,,,,,,,
7991,1999,11,29,21,30,0,0,,,,,,,,,,,,,,,,,,,,,,,,,,,,,,,,,,,,,,,
7992,1999,11,29,22,30,0,0,,,,,,,,,,,,,,,,,,,,,,,,,,,,,,,,,,,,,,,
7993,1999,11,29,23,30,0,0,,,,,,,,,,,,,,,,,,,,,,,,,,,,,,,,,,,,,,,
7994,1999,11,30,0,30,0,0,,,,,,,,,,,,,,,,,,,,,,,,,,,,,,,,,,,,,,,
7995,1999,11,30,1,30,0,0,,,,,,,,,,,,,,,,,,,,,,,,,,,,,,,,,,,,,,,
7996,1999,11,30,2,30,0,0,,,,,,,,,,,,,,,,,,,,,,,,,,,,,,,,,,,,,,,
7997,1999,11,30,3,30,0,0,,,,,,,,,,,,,,,,,,,,,,,,,,,,,,,,,,,,,,,
7998,1999,11,30,4,30,0,0,,,,,,,,,,,,,,,,,,,,,,,,,,,,,,,,,,,,,,,
7999,1999,11,30,5,30,0,0,,,,,,,,,,,,,,,,,,,,,,,,,,,,,,,,,,,,,,,
8000,1999,11,30,6,30,0,0,,,,,,,,,,,,,,,,,,,,,,,,,,,,,,,,,,,,,,,
8001,1999,11,30,7,30,84,573,,,,,,,,,,,,,,,,,,,,,,,,,,,,,,,,,,,,,,,
8002,1999,11,30,8,30,268,833,,,,,,,,,,,,,,,,,,,,,,,,,,,,,,,,,,,,,,,
8003,1999,11,30,9,30,430,934,,,,,,,,,,,,,,,,,,,,,,,,,,,,,,,,,,,,,,,
8004,1999,11,30,10,30,545,980,,,,,,,,,,,,,,,,,,,,,,,,,,,,,,,,,,,,,,,
8005,1999,11,30,11,30,605,1005,,,,,,,,,,,,,,,,,,,,,,,,,,,,,,,,,,,,,,,
8006,1999,11,30,12,30,480,476,,,,,,,,,,,,,,,,,,,,,,,,,,,,,,,,,,,,,,,
8007,1999,11,30,13,30,529,988,,,,,,,,,,,,,,,,,,,,,,,,,,,,,,,,,,,,,,,
8008,1999,11,30,14,30,400,930,,,,,,,,,,,,,,,,,,,,,,,,,,,,,,,,,,,,,,,
8009,1999,11,30,15,30,101,14,,,,,,,,,,,,,,,,,,,,,,,,,,,,,,,,,,,,,,,
8010,1999,11,30,16,30,28,4,,,,,,,,,,,,,,,,,,,,,,,,,,,,,,,,,,,,,,,
8011,1999,11,30,17,30,0,0,,,,,,,,,,,,,,,,,,,,,,,,,,,,,,,,,,,,,,,
8012,1999,11,30,18,30,0,0,,,,,,,,,,,,,,,,,,,,,,,,,,,,,,,,,,,,,,,
8013,1999,11,30,19,30,0,0,,,,,,,,,,,,,,,,,,,,,,,,,,,,,,,,,,,,,,,
8014,1999,11,30,20,30,0,0,,,,,,,,,,,,,,,,,,,,,,,,,,,,,,,,,,,,,,,
8015,1999,11,30,21,30,0,0,,,,,,,,,,,,,,,,,,,,,,,,,,,,,,,,,,,,,,,
8016,1999,11,30,22,30,0,0,,,,,,,,,,,,,,,,,,,,,,,,,,,,,,,,,,,,,,,
8017,1999,11,30,23,30,0,0,,,,,,,,,,,,,,,,,,,,,,,,,,,,,,,,,,,,,,,
8018,1999,12,1,0,30,0,0,,,,,,,,,,,,,,,,,,,,,,,,,,,,,,,,,,,,,,,
8019,1999,12,1,1,30,0,0,,,,,,,,,,,,,,,,,,,,,,,,,,,,,,,,,,,,,,,
8020,1999,12,1,2,30,0,0,,,,,,,,,,,,,,,,,,,,,,,,,,,,,,,,,,,,,,,
8021,1999,12,1,3,30,0,0,,,,,,,,,,,,,,,,,,,,,,,,,,,,,,,,,,,,,,,
8022,1999,12,1,4,30,0,0,,,,,,,,,,,,,,,,,,,,,,,,,,,,,,,,,,,,,,,
8023,1999,12,1,5,30,0,0,,,,,,,,,,,,,,,,,,,,,,,,,,,,,,,,,,,,,,,
8024,1999,12,1,6,30,0,0,,,,,,,,,,,,,,,,,,,,,,,,,,,,,,,,,,,,,,,
8025,1999,12,1,7,30,42,5,,,,,,,,,,,,,,,,,,,,,,,,,,,,,,,,,,,,,,,
8026,1999,12,1,8,30,244,595,,,,,,,,,,,,,,,,,,,,,,,,,,,,,,,,,,,,,,,
8027,1999,12,1,9,30,306,343,,,,,,,,,,,,,,,,,,,,,,,,,,,,,,,,,,,,,,,
8028,1999,12,1,10,30,507,723,,,,,,,,,,,,,,,,,,,,,,,,,,,,,,,,,,,,,,,
8029,1999,12,1,11,30,447,448,,,,,,,,,,,,,,,,,,,,,,,,,,,,,,,,,,,,,,,
8030,1999,12,1,12,30,475,510,,,,,,,,,,,,,,,,,,,,,,,,,,,,,,,,,,,,,,,
8031,1999,12,1,13,30,337,210,,,,,,,,,,,,,,,,,,,,,,,,,,,,,,,,,,,,,,,
8032,1999,12,1,14,30,155,23,,,,,,,,,,,,,,,,,,,,,,,,,,,,,,,,,,,,,,,
8033,1999,12,1,15,30,98,15,,,,,,,,,,,,,,,,,,,,,,,,,,,,,,,,,,,,,,,
8034,1999,12,1,16,30,13,0,,,,,,,,,,,,,,,,,,,,,,,,,,,,,,,,,,,,,,,
8035,1999,12,1,17,30,0,0,,,,,,,,,,,,,,,,,,,,,,,,,,,,,,,,,,,,,,,
8036,1999,12,1,18,30,0,0,,,,,,,,,,,,,,,,,,,,,,,,,,,,,,,,,,,,,,,
8037,1999,12,1,19,30,0,0,,,,,,,,,,,,,,,,,,,,,,,,,,,,,,,,,,,,,,,
8038,1999,12,1,20,30,0,0,,,,,,,,,,,,,,,,,,,,,,,,,,,,,,,,,,,,,,,
8039,1999,12,1,21,30,0,0,,,,,,,,,,,,,,,,,,,,,,,,,,,,,,,,,,,,,,,
8040,1999,12,1,22,30,0,0,,,,,,,,,,,,,,,,,,,,,,,,,,,,,,,,,,,,,,,
8041,1999,12,1,23,30,0,0,,,,,,,,,,,,,,,,,,,,,,,,,,,,,,,,,,,,,,,
8042,1999,12,2,0,30,0,0,,,,,,,,,,,,,,,,,,,,,,,,,,,,,,,,,,,,,,,
8043,1999,12,2,1,30,0,0,,,,,,,,,,,,,,,,,,,,,,,,,,,,,,,,,,,,,,,
8044,1999,12,2,2,30,0,0,,,,,,,,,,,,,,,,,,,,,,,,,,,,,,,,,,,,,,,
8045,1999,12,2,3,30,0,0,,,,,,,,,,,,,,,,,,,,,,,,,,,,,,,,,,,,,,,
8046,1999,12,2,4,30,0,0,,,,,,,,,,,,,,,,,,,,,,,,,,,,,,,,,,,,,,,
8047,1999,12,2,5,30,0,0,,,,,,,,,,,,,,,,,,,,,,,,,,,,,,,,,,,,,,,
8048,1999,12,2,6,30,0,0,,,,,,,,,,,,,,,,,,,,,,,,,,,,,,,,,,,,,,,
8049,1999,12,2,7,30,23,0,,,,,,,,,,,,,,,,,,,,,,,,,,,,,,,,,,,,,,,
8050,1999,12,2,8,30,253,744,,,,,,,,,,,,,,,,,,,,,,,,,,,,,,,,,,,,,,,
8051,1999,12,2,9,30,412,845,,,,,,,,,,,,,,,,,,,,,,,,,,,,,,,,,,,,,,,
8052,1999,12,2,10,30,529,907,,,,,,,,,,,,,,,,,,,,,,,,,,,,,,,,,,,,,,,
8053,1999,12,2,11,30,594,959,,,,,,,,,,,,,,,,,,,,,,,,,,,,,,,,,,,,,,,
8054,1999,12,2,12,30,588,964,,,,,,,,,,,,,,,,,,,,,,,,,,,,,,,,,,,,,,,
8055,1999,12,2,13,30,522,954,,,,,,,,,,,,,,,,,,,,,,,,,,,,,,,,,,,,,,,
8056,1999,12,2,14,30,394,904,,,,,,,,,,,,,,,,,,,,,,,,,,,,,,,,,,,,,,,
8057,1999,12,2,15,30,226,798,,,,,,,,,,,,,,,,,,,,,,,,,,,,,,,,,,,,,,,
8058,1999,12,2,16,30,44,436,,,,,,,,,,,,,,,,,,,,,,,,,,,,,,,,,,,,,,,
8059,1999,12,2,17,30,0,0,,,,,,,,,,,,,,,,,,,,,,,,,,,,,,,,,,,,,,,
8060,1999,12,2,18,30,0,0,,,,,,,,,,,,,,,,,,,,,,,,,,,,,,,,,,,,,,,
8061,1999,12,2,19,30,0,0,,,,,,,,,,,,,,,,,,,,,,,,,,,,,,,,,,,,,,,
8062,1999,12,2,20,30,0,0,,,,,,,,,,,,,,,,,,,,,,,,,,,,,,,,,,,,,,,
8063,1999,12,2,21,30,0,0,,,,,,,,,,,,,,,,,,,,,,,,,,,,,,,,,,,,,,,
8064,1999,12,2,22,30,0,0,,,,,,,,,,,,,,,,,,,,,,,,,,,,,,,,,,,,,,,
8065,1999,12,2,23,30,0,0,,,,,,,,,,,,,,,,,,,,,,,,,,,,,,,,,,,,,,,
8066,1999,12,3,0,30,0,0,,,,,,,,,,,,,,,,,,,,,,,,,,,,,,,,,,,,,,,
8067,1999,12,3,1,30,0,0,,,,,,,,,,,,,,,,,,,,,,,,,,,,,,,,,,,,,,,
8068,1999,12,3,2,30,0,0,,,,,,,,,,,,,,,,,,,,,,,,,,,,,,,,,,,,,,,
8069,1999,12,3,3,30,0,0,,,,,,,,,,,,,,,,,,,,,,,,,,,,,,,,,,,,,,,
8070,1999,12,3,4,30,0,0,,,,,,,,,,,,,,,,,,,,,,,,,,,,,,,,,,,,,,,
8071,1999,12,3,5,30,0,0,,,,,,,,,,,,,,,,,,,,,,,,,,,,,,,,,,,,,,,
8072,1999,12,3,6,30,0,0,,,,,,,,,,,,,,,,,,,,,,,,,,,,,,,,,,,,,,,
8073,1999,12,3,7,30,77,532,,,,,,,,,,,,,,,,,,,,,,,,,,,,,,,,,,,,,,,
8074,1999,12,3,8,30,260,810,,,,,,,,,,,,,,,,,,,,,,,,,,,,,,,,,,,,,,,
8075,1999,12,3,9,30,114,0,,,,,,,,,,,,,,,,,,,,,,,,,,,,,,,,,,,,,,,
8076,1999,12,3,10,30,28,0,,,,,,,,,,,,,,,,,,,,,,,,,,,,,,,,,,,,,,,
8077,1999,12,3,11,30,240,3,,,,,,,,,,,,,,,,,,,,,,,,,,,,,,,,,,,,,,,
8078,1999,12,3,12,30,346,142,,,,,,,,,,,,,,,,,,,,,,,,,,,,,,,,,,,,,,,
8079,1999,12,3,13,30,413,457,,,,,,,,,,,,,,,,,,,,,,,,,,,,,,,,,,,,,,,
8080,1999,12,3,14,30,325,422,,,,,,,,,,,,,,,,,,,,,,,,,,,,,,,,,,,,,,,
8081,1999,12,3,15,30,218,740,,,,,,,,,,,,,,,,,,,,,,,,,,,,,,,,,,,,,,,
8082,1999,12,3,16,30,17,0,,,,,,,,,,,,,,,,,,,,,,,,,,,,,,,,,,,,,,,
8083,1999,12,3,17,30,0,0,,,,,,,,,,,,,,,,,,,,,,,,,,,,,,,,,,,,,,,
8084,1999,12,3,18,30,0,0,,,,,,,,,,,,,,,,,,,,,,,,,,,,,,,,,,,,,,,
8085,1999,12,3,19,30,0,0,,,,,,,,,,,,,,,,,,,,,,,,,,,,,,,,,,,,,,,
8086,1999,12,3,20,30,0,0,,,,,,,,,,,,,,,,,,,,,,,,,,,,,,,,,,,,,,,
8087,1999,12,3,21,30,0,0,,,,,,,,,,,,,,,,,,,,,,,,,,,,,,,,,,,,,,,
8088,1999,12,3,22,30,0,0,,,,,,,,,,,,,,,,,,,,,,,,,,,,,,,,,,,,,,,
8089,1999,12,3,23,30,0,0,,,,,,,,,,,,,,,,,,,,,,,,,,,,,,,,,,,,,,,
8090,1999,12,4,0,30,0,0,,,,,,,,,,,,,,,,,,,,,,,,,,,,,,,,,,,,,,,
8091,1999,12,4,1,30,0,0,,,,,,,,,,,,,,,,,,,,,,,,,,,,,,,,,,,,,,,
8092,1999,12,4,2,30,0,0,,,,,,,,,,,,,,,,,,,,,,,,,,,,,,,,,,,,,,,
8093,1999,12,4,3,30,0,0,,,,,,,,,,,,,,,,,,,,,,,,,,,,,,,,,,,,,,,
8094,1999,12,4,4,30,0,0,,,,,,,,,,,,,,,,,,,,,,,,,,,,,,,,,,,,,,,
8095,1999,12,4,5,30,0,0,,,,,,,,,,,,,,,,,,,,,,,,,,,,,,,,,,,,,,,
8096,1999,12,4,6,30,0,0,,,,,,,,,,,,,,,,,,,,,,,,,,,,,,,,,,,,,,,
8097,1999,12,4,7,30,19,0,,,,,,,,,,,,,,,,,,,,,,,,,,,,,,,,,,,,,,,
8098,1999,12,4,8,30,244,684,,,,,,,,,,,,,,,,,,,,,,,,,,,,,,,,,,,,,,,
8099,1999,12,4,9,30,48,0,,,,,,,,,,,,,,,,,,,,,,,,,,,,,,,,,,,,,,,
8100,1999,12,4,10,30,40,0,,,,,,,,,,,,,,,,,,,,,,,,,,,,,,,,,,,,,,,
8101,1999,12,4,11,30,588,937,,,,,,,,,,,,,,,,,,,,,,,,,,,,,,,,,,,,,,,
8102,1999,12,4,12,30,584,945,,,,,,,,,,,,,,,,,,,,,,,,,,,,,,,,,,,,,,,
8103,1999,12,4,13,30,516,935,,,,,,,,,,,,,,,,,,,,,,,,,,,,,,,,,,,,,,,
8104,1999,12,4,14,30,389,882,,,,,,,,,,,,,,,,,,,,,,,,,,,,,,,,,,,,,,,
8105,1999,12,4,15,30,219,751,,,,,,,,,,,,,,,,,,,,,,,,,,,,,,,,,,,,,,,
8106,1999,12,4,16,30,43,388,,,,,,,,,,,,,,,,,,,,,,,,,,,,,,,,,,,,,,,
8107,1999,12,4,17,30,0,0,,,,,,,,,,,,,,,,,,,,,,,,,,,,,,,,,,,,,,,
8108,1999,12,4,18,30,0,0,,,,,,,,,,,,,,,,,,,,,,,,,,,,,,,,,,,,,,,
8109,1999,12,4,19,30,0,0,,,,,,,,,,,,,,,,,,,,,,,,,,,,,,,,,,,,,,,
8110,1999,12,4,20,30,0,0,,,,,,,,,,,,,,,,,,,,,,,,,,,,,,,,,,,,,,,
8111,1999,12,4,21,30,0,0,,,,,,,,,,,,,,,,,,,,,,,,,,,,,,,,,,,,,,,
8112,1999,12,4,22,30,0,0,,,,,,,,,,,,,,,,,,,,,,,,,,,,,,,,,,,,,,,
8113,1999,12,4,23,30,0,0,,,,,,,,,,,,,,,,,,,,,,,,,,,,,,,,,,,,,,,
8114,1999,12,5,0,30,0,0,,,,,,,,,,,,,,,,,,,,,,,,,,,,,,,,,,,,,,,
8115,1999,12,5,1,30,0,0,,,,,,,,,,,,,,,,,,,,,,,,,,,,,,,,,,,,,,,
8116,1999,12,5,2,30,0,0,,,,,,,,,,,,,,,,,,,,,,,,,,,,,,,,,,,,,,,
8117,1999,12,5,3,30,0,0,,,,,,,,,,,,,,,,,,,,,,,,,,,,,,,,,,,,,,,
8118,1999,12,5,4,30,0,0,,,,,,,,,,,,,,,,,,,,,,,,,,,,,,,,,,,,,,,
8119,1999,12,5,5,30,0,0,,,,,,,,,,,,,,,,,,,,,,,,,,,,,,,,,,,,,,,
8120,1999,12,5,6,30,0,0,,,,,,,,,,,,,,,,,,,,,,,,,,,,,,,,,,,,,,,
8121,1999,12,5,7,30,40,0,,,,,,,,,,,,,,,,,,,,,,,,,,,,,,,,,,,,,,,
8122,1999,12,5,8,30,270,875,,,,,,,,,,,,,,,,,,,,,,,,,,,,,,,,,,,,,,,
8123,1999,12,5,9,30,441,978,,,,,,,,,,,,,,,,,,,,,,,,,,,,,,,,,,,,,,,
8124,1999,12,5,10,30,563,1028,,,,,,,,,,,,,,,,,,,,,,,,,,,,,,,,,,,,,,,
8125,1999,12,5,11,30,624,1048,,,,,,,,,,,,,,,,,,,,,,,,,,,,,,,,,,,,,,,
8126,1999,12,5,12,30,618,1047,,,,,,,,,,,,,,,,,,,,,,,,,,,,,,,,,,,,,,,
8127,1999,12,5,13,30,545,1023,,,,,,,,,,,,,,,,,,,,,,,,,,,,,,,,,,,,,,,
8128,1999,12,5,14,30,412,969,,,,,,,,,,,,,,,,,,,,,,,,,,,,,,,,,,,,,,,
8129,1999,12,5,15,30,235,850,,,,,,,,,,,,,,,,,,,,,,,,,,,,,,,,,,,,,,,
8130,1999,12,5,16,30,48,508,,,,,,,,,,,,,,,,,,,,,,,,,,,,,,,,,,,,,,,
8131,1999,12,5,17,30,0,0,,,,,,,,,,,,,,,,,,,,,,,,,,,,,,,,,,,,,,,
8132,1999,12,5,18,30,0,0,,,,,,,,,,,,,,,,,,,,,,,,,,,,,,,,,,,,,,,
8133,1999,12,5,19,30,0,0,,,,,,,,,,,,,,,,,,,,,,,,,,,,,,,,,,,,,,,
8134,1999,12,5,20,30,0,0,,,,,,,,,,,,,,,,,,,,,,,,,,,,,,,,,,,,,,,
8135,1999,12,5,21,30,0,0,,,,,,,,,,,,,,,,,,,,,,,,,,,,,,,,,,,,,,,
8136,1999,12,5,22,30,0,0,,,,,,,,,,,,,,,,,,,,,,,,,,,,,,,,,,,,,,,
8137,1999,12,5,23,30,0,0,,,,,,,,,,,,,,,,,,,,,,,,,,,,,,,,,,,,,,,
8138,1999,12,6,0,30,0,0,,,,,,,,,,,,,,,,,,,,,,,,,,,,,,,,,,,,,,,
8139,1999,12,6,1,30,0,0,,,,,,,,,,,,,,,,,,,,,,,,,,,,,,,,,,,,,,,
8140,1999,12,6,2,30,0,0,,,,,,,,,,,,,,,,,,,,,,,,,,,,,,,,,,,,,,,
8141,1999,12,6,3,30,0,0,,,,,,,,,,,,,,,,,,,,,,,,,,,,,,,,,,,,,,,
8142,1999,12,6,4,30,0,0,,,,,,,,,,,,,,,,,,,,,,,,,,,,,,,,,,,,,,,
8143,1999,12,6,5,30,0,0,,,,,,,,,,,,,,,,,,,,,,,,,,,,,,,,,,,,,,,
8144,1999,12,6,6,30,0,0,,,,,,,,,,,,,,,,,,,,,,,,,,,,,,,,,,,,,,,
8145,1999,12,6,7,30,38,2,,,,,,,,,,,,,,,,,,,,,,,,,,,,,,,,,,,,,,,
8146,1999,12,6,8,30,127,14,,,,,,,,,,,,,,,,,,,,,,,,,,,,,,,,,,,,,,,
8147,1999,12,6,9,30,314,139,,,,,,,,,,,,,,,,,,,,,,,,,,,,,,,,,,,,,,,
8148,1999,12,6,10,30,413,239,,,,,,,,,,,,,,,,,,,,,,,,,,,,,,,,,,,,,,,
8149,1999,12,6,11,30,506,355,,,,,,,,,,,,,,,,,,,,,,,,,,,,,,,,,,,,,,,
8150,1999,12,6,12,30,609,1021,,,,,,,,,,,,,,,,,,,,,,,,,,,,,,,,,,,,,,,
8151,1999,12,6,13,30,537,1001,,,,,,,,,,,,,,,,,,,,,,,,,,,,,,,,,,,,,,,
8152,1999,12,6,14,30,406,949,,,,,,,,,,,,,,,,,,,,,,,,,,,,,,,,,,,,,,,
8153,1999,12,6,15,30,230,831,,,,,,,,,,,,,,,,,,,,,,,,,,,,,,,,,,,,,,,
8154,1999,12,6,16,30,47,491,,,,,,,,,,,,,,,,,,,,,,,,,,,,,,,,,,,,,,,
8155,1999,12,6,17,30,0,0,,,,,,,,,,,,,,,,,,,,,,,,,,,,,,,,,,,,,,,
8156,1999,12,6,18,30,0,0,,,,,,,,,,,,,,,,,,,,,,,,,,,,,,,,,,,,,,,
8157,1999,12,6,19,30,0,0,,,,,,,,,,,,,,,,,,,,,,,,,,,,,,,,,,,,,,,
8158,1999,12,6,20,30,0,0,,,,,,,,,,,,,,,,,,,,,,,,,,,,,,,,,,,,,,,
8159,1999,12,6,21,30,0,0,,,,,,,,,,,,,,,,,,,,,,,,,,,,,,,,,,,,,,,
8160,1999,12,6,22,30,0,0,,,,,,,,,,,,,,,,,,,,,,,,,,,,,,,,,,,,,,,
8161,1999,12,6,23,30,0,0,,,,,,,,,,,,,,,,,,,,,,,,,,,,,,,,,,,,,,,
8162,1999,12,7,0,30,0,0,,,,,,,,,,,,,,,,,,,,,,,,,,,,,,,,,,,,,,,
8163,1999,12,7,1,30,0,0,,,,,,,,,,,,,,,,,,,,,,,,,,,,,,,,,,,,,,,
8164,1999,12,7,2,30,0,0,,,,,,,,,,,,,,,,,,,,,,,,,,,,,,,,,,,,,,,
8165,1999,12,7,3,30,0,0,,,,,,,,,,,,,,,,,,,,,,,,,,,,,,,,,,,,,,,
8166,1999,12,7,4,30,0,0,,,,,,,,,,,,,,,,,,,,,,,,,,,,,,,,,,,,,,,
8167,1999,12,7,5,30,0,0,,,,,,,,,,,,,,,,,,,,,,,,,,,,,,,,,,,,,,,
8168,1999,12,7,6,30,0,0,,,,,,,,,,,,,,,,,,,,,,,,,,,,,,,,,,,,,,,
8169,1999,12,7,7,30,69,527,,,,,,,,,,,,,,,,,,,,,,,,,,,,,,,,,,,,,,,
8170,1999,12,7,8,30,178,114,,,,,,,,,,,,,,,,,,,,,,,,,,,,,,,,,,,,,,,
8171,1999,12,7,9,30,420,916,,,,,,,,,,,,,,,,,,,,,,,,,,,,,,,,,,,,,,,
8172,1999,12,7,10,30,537,963,,,,,,,,,,,,,,,,,,,,,,,,,,,,,,,,,,,,,,,
8173,1999,12,7,11,30,598,985,,,,,,,,,,,,,,,,,,,,,,,,,,,,,,,,,,,,,,,
8174,1999,12,7,12,30,537,625,,,,,,,,,,,,,,,,,,,,,,,,,,,,,,,,,,,,,,,
8175,1999,12,7,13,30,350,117,,,,,,,,,,,,,,,,,,,,,,,,,,,,,,,,,,,,,,,
8176,1999,12,7,14,30,251,76,,,,,,,,,,,,,,,,,,,,,,,,,,,,,,,,,,,,,,,
8177,1999,12,7,15,30,223,769,,,,,,,,,,,,,,,,,,,,,,,,,,,,,,,,,,,,,,,
8178,1999,12,7,16,30,32,5,,,,,,,,,,,,,,,,,,,,,,,,,,,,,,,,,,,,,,,
8179,1999,12,7,17,30,0,0,,,,,,,,,,,,,,,,,,,,,,,,,,,,,,,,,,,,,,,
8180,1999,12,7,18,30,0,0,,,,,,,,,,,,,,,,,,,,,,,,,,,,,,,,,,,,,,,
8181,1999,12,7,19,30,0,0,,,,,,,,,,,,,,,,,,,,,,,,,,,,,,,,,,,,,,,
8182,1999,12,7,20,30,0,0,,,,,,,,,,,,,,,,,,,,,,,,,,,,,,,,,,,,,,,
8183,1999,12,7,21,30,0,0,,,,,,,,,,,,,,,,,,,,,,,,,,,,,,,,,,,,,,,
8184,1999,12,7,22,30,0,0,,,,,,,,,,,,,,,,,,,,,,,,,,,,,,,,,,,,,,,
8185,1999,12,7,23,30,0,0,,,,,,,,,,,,,,,,,,,,,,,,,,,,,,,,,,,,,,,
8186,1999,12,8,0,30,0,0,,,,,,,,,,,,,,,,,,,,,,,,,,,,,,,,,,,,,,,
8187,1999,12,8,1,30,0,0,,,,,,,,,,,,,,,,,,,,,,,,,,,,,,,,,,,,,,,
8188,1999,12,8,2,30,0,0,,,,,,,,,,,,,,,,,,,,,,,,,,,,,,,,,,,,,,,
8189,1999,12,8,3,30,0,0,,,,,,,,,,,,,,,,,,,,,,,,,,,,,,,,,,,,,,,
8190,1999,12,8,4,30,0,0,,,,,,,,,,,,,,,,,,,,,,,,,,,,,,,,,,,,,,,
8191,1999,12,8,5,30,0,0,,,,,,,,,,,,,,,,,,,,,,,,,,,,,,,,,,,,,,,
8192,1999,12,8,6,30,0,0,,,,,,,,,,,,,,,,,,,,,,,,,,,,,,,,,,,,,,,
8193,1999,12,8,7,30,38,1,,,,,,,,,,,,,,,,,,,,,,,,,,,,,,,,,,,,,,,
8194,1999,12,8,8,30,249,799,,,,,,,,,,,,,,,,,,,,,,,,,,,,,,,,,,,,,,,
8195,1999,12,8,9,30,416,906,,,,,,,,,,,,,,,,,,,,,,,,,,,,,,,,,,,,,,,
8196,1999,12,8,10,30,463,498,,,,,,,,,,,,,,,,,,,,,,,,,,,,,,,,,,,,,,,
8197,1999,12,8,11,30,504,435,,,,,,,,,,,,,,,,,,,,,,,,,,,,,,,,,,,,,,,
8198,1999,12,8,12,30,239,7,,,,,,,,,,,,,,,,,,,,,,,,,,,,,,,,,,,,,,,
8199,1999,12,8,13,30,445,488,,,,,,,,,,,,,,,,,,,,,,,,,,,,,,,,,,,,,,,
8200,1999,12,8,14,30,162,6,,,,,,,,,,,,,,,,,,,,,,,,,,,,,,,,,,,,,,,
8201,1999,12,8,15,30,97,7,,,,,,,,,,,,,,,,,,,,,,,,,,,,,,,,,,,,,,,
8202,1999,12,8,16,30,15,0,,,,,,,,,,,,,,,,,,,,,,,,,,,,,,,,,,,,,,,
8203,1999,12,8,17,30,0,0,,,,,,,,,,,,,,,,,,,,,,,,,,,,,,,,,,,,,,,
8204,1999,12,8,18,30,0,0,,,,,,,,,,,,,,,,,,,,,,,,,,,,,,,,,,,,,,,
8205,1999,12,8,19,30,0,0,,,,,,,,,,,,,,,,,,,,,,,,,,,,,,,,,,,,,,,
8206,1999,12,8,20,30,0,0,,,,,,,,,,,,,,,,,,,,,,,,,,,,,,,,,,,,,,,
8207,1999,12,8,21,30,0,0,,,,,,,,,,,,,,,,,,,,,,,,,,,,,,,,,,,,,,,
8208,1999,12,8,22,30,0,0,,,,,,,,,,,,,,,,,,,,,,,,,,,,,,,,,,,,,,,
8209,1999,12,8,23,30,0,0,,,,,,,,,,,,,,,,,,,,,,,,,,,,,,,,,,,,,,,
8210,1999,12,9,0,30,0,0,,,,,,,,,,,,,,,,,,,,,,,,,,,,,,,,,,,,,,,
8211,1999,12,9,1,30,0,0,,,,,,,,,,,,,,,,,,,,,,,,,,,,,,,,,,,,,,,
8212,1999,12,9,2,30,0,0,,,,,,,,,,,,,,,,,,,,,,,,,,,,,,,,,,,,,,,
8213,1999,12,9,3,30,0,0,,,,,,,,,,,,,,,,,,,,,,,,,,,,,,,,,,,,,,,
8214,1999,12,9,4,30,0,0,,,,,,,,,,,,,,,,,,,,,,,,,,,,,,,,,,,,,,,
8215,1999,12,9,5,30,0,0,,,,,,,,,,,,,,,,,,,,,,,,,,,,,,,,,,,,,,,
8216,1999,12,9,6,30,0,0,,,,,,,,,,,,,,,,,,,,,,,,,,,,,,,,,,,,,,,
8217,1999,12,9,7,30,68,561,,,,,,,,,,,,,,,,,,,,,,,,,,,,,,,,,,,,,,,
8218,1999,12,9,8,30,258,861,,,,,,,,,,,,,,,,,,,,,,,,,,,,,,,,,,,,,,,
8219,1999,12,9,9,30,423,957,,,,,,,,,,,,,,,,,,,,,,,,,,,,,,,,,,,,,,,
8220,1999,12,9,10,30,546,1009,,,,,,,,,,,,,,,,,,,,,,,,,,,,,,,,,,,,,,,
8221,1999,12,9,11,30,497,192,,,,,,,,,,,,,,,,,,,,,,,,,,,,,,,,,,,,,,,
8222,1999,12,9,12,30,598,1017,,,,,,,,,,,,,,,,,,,,,,,,,,,,,,,,,,,,,,,
8223,1999,12,9,13,30,409,118,,,,,,,,,,,,,,,,,,,,,,,,,,,,,,,,,,,,,,,
8224,1999,12,9,14,30,300,145,,,,,,,,,,,,,,,,,,,,,,,,,,,,,,,,,,,,,,,
8225,1999,12,9,15,30,156,61,,,,,,,,,,,,,,,,,,,,,,,,,,,,,,,,,,,,,,,
8226,1999,12,9,16,30,30,3,,,,,,,,,,,,,,,,,,,,,,,,,,,,,,,,,,,,,,,
8227,1999,12,9,17,30,0,0,,,,,,,,,,,,,,,,,,,,,,,,,,,,,,,,,,,,,,,
8228,1999,12,9,18,30,0,0,,,,,,,,,,,,,,,,,,,,,,,,,,,,,,,,,,,,,,,
8229,1999,12,9,19,30,0,0,,,,,,,,,,,,,,,,,,,,,,,,,,,,,,,,,,,,,,,
8230,1999,12,9,20,30,0,0,,,,,,,,,,,,,,,,,,,,,,,,,,,,,,,,,,,,,,,
8231,1999,12,9,21,30,0,0,,,,,,,,,,,,,,,,,,,,,,,,,,,,,,,,,,,,,,,
8232,1999,12,9,22,30,0,0,,,,,,,,,,,,,,,,,,,,,,,,,,,,,,,,,,,,,,,
8233,1999,12,9,23,30,0,0,,,,,,,,,,,,,,,,,,,,,,,,,,,,,,,,,,,,,,,
8234,1999,12,10,0,30,0,0,,,,,,,,,,,,,,,,,,,,,,,,,,,,,,,,,,,,,,,
8235,1999,12,10,1,30,0,0,,,,,,,,,,,,,,,,,,,,,,,,,,,,,,,,,,,,,,,
8236,1999,12,10,2,30,0,0,,,,,,,,,,,,,,,,,,,,,,,,,,,,,,,,,,,,,,,
8237,1999,12,10,3,30,0,0,,,,,,,,,,,,,,,,,,,,,,,,,,,,,,,,,,,,,,,
8238,1999,12,10,4,30,0,0,,,,,,,,,,,,,,,,,,,,,,,,,,,,,,,,,,,,,,,
8239,1999,12,10,5,30,0,0,,,,,,,,,,,,,,,,,,,,,,,,,,,,,,,,,,,,,,,
8240,1999,12,10,6,30,0,0,,,,,,,,,,,,,,,,,,,,,,,,,,,,,,,,,,,,,,,
8241,1999,12,10,7,30,31,1,,,,,,,,,,,,,,,,,,,,,,,,,,,,,,,,,,,,,,,
8242,1999,12,10,8,30,181,100,,,,,,,,,,,,,,,,,,,,,,,,,,,,,,,,,,,,,,,
8243,1999,12,10,9,30,338,317,,,,,,,,,,,,,,,,,,,,,,,,,,,,,,,,,,,,,,,
8244,1999,12,10,10,30,450,429,,,,,,,,,,,,,,,,,,,,,,,,,,,,,,,,,,,,,,,
8245,1999,12,10,11,30,508,474,,,,,,,,,,,,,,,,,,,,,,,,,,,,,,,,,,,,,,,
8246,1999,12,10,12,30,483,336,,,,,,,,,,,,,,,,,,,,,,,,,,,,,,,,,,,,,,,
8247,1999,12,10,13,30,528,993,,,,,,,,,,,,,,,,,,,,,,,,,,,,,,,,,,,,,,,
8248,1999,12,10,14,30,312,251,,,,,,,,,,,,,,,,,,,,,,,,,,,,,,,,,,,,,,,
8249,1999,12,10,15,30,182,237,,,,,,,,,,,,,,,,,,,,,,,,,,,,,,,,,,,,,,,
8250,1999,12,10,16,30,26,0,,,,,,,,,,,,,,,,,,,,,,,,,,,,,,,,,,,,,,,
8251,1999,12,10,17,30,0,0,,,,,,,,,,,,,,,,,,,,,,,,,,,,,,,,,,,,,,,
8252,1999,12,10,18,30,0,0,,,,,,,,,,,,,,,,,,,,,,,,,,,,,,,,,,,,,,,
8253,1999,12,10,19,30,0,0,,,,,,,,,,,,,,,,,,,,,,,,,,,,,,,,,,,,,,,
8254,1999,12,10,20,30,0,0,,,,,,,,,,,,,,,,,,,,,,,,,,,,,,,,,,,,,,,
8255,1999,12,10,21,30,0,0,,,,,,,,,,,,,,,,,,,,,,,,,,,,,,,,,,,,,,,
8256,1999,12,10,22,30,0,0,,,,,,,,,,,,,,,,,,,,,,,,,,,,,,,,,,,,,,,
8257,1999,12,10,23,30,0,0,,,,,,,,,,,,,,,,,,,,,,,,,,,,,,,,,,,,,,,
8258,1999,12,11,0,30,0,0,,,,,,,,,,,,,,,,,,,,,,,,,,,,,,,,,,,,,,,
8259,1999,12,11,1,30,0,0,,,,,,,,,,,,,,,,,,,,,,,,,,,,,,,,,,,,,,,
8260,1999,12,11,2,30,0,0,,,,,,,,,,,,,,,,,,,,,,,,,,,,,,,,,,,,,,,
8261,1999,12,11,3,30,0,0,,,,,,,,,,,,,,,,,,,,,,,,,,,,,,,,,,,,,,,
8262,1999,12,11,4,30,0,0,,,,,,,,,,,,,,,,,,,,,,,,,,,,,,,,,,,,,,,
8263,1999,12,11,5,30,0,0,,,,,,,,,,,,,,,,,,,,,,,,,,,,,,,,,,,,,,,
8264,1999,12,11,6,30,0,0,,,,,,,,,,,,,,,,,,,,,,,,,,,,,,,,,,,,,,,
8265,1999,12,11,7,30,25,0,,,,,,,,,,,,,,,,,,,,,,,,,,,,,,,,,,,,,,,
8266,1999,12,11,8,30,154,34,,,,,,,,,,,,,,,,,,,,,,,,,,,,,,,,,,,,,,,
8267,1999,12,11,9,30,289,111,,,,,,,,,,,,,,,,,,,,,,,,,,,,,,,,,,,,,,,
8268,1999,12,11,10,30,358,98,,,,,,,,,,,,,,,,,,,,,,,,,,,,,,,,,,,,,,,
8269,1999,12,11,11,30,586,949,,,,,,,,,,,,,,,,,,,,,,,,,,,,,,,,,,,,,,,
8270,1999,12,11,12,30,582,944,,,,,,,,,,,,,,,,,,,,,,,,,,,,,,,,,,,,,,,
8271,1999,12,11,13,30,513,910,,,,,,,,,,,,,,,,,,,,,,,,,,,,,,,,,,,,,,,
8272,1999,12,11,14,30,386,845,,,,,,,,,,,,,,,,,,,,,,,,,,,,,,,,,,,,,,,
8273,1999,12,11,15,30,216,698,,,,,,,,,,,,,,,,,,,,,,,,,,,,,,,,,,,,,,,
8274,1999,12,11,16,30,42,322,,,,,,,,,,,,,,,,,,,,,,,,,,,,,,,,,,,,,,,
8275,1999,12,11,17,30,0,0,,,,,,,,,,,,,,,,,,,,,,,,,,,,,,,,,,,,,,,
8276,1999,12,11,18,30,0,0,,,,,,,,,,,,,,,,,,,,,,,,,,,,,,,,,,,,,,,
8277,1999,12,11,19,30,0,0,,,,,,,,,,,,,,,,,,,,,,,,,,,,,,,,,,,,,,,
8278,1999,12,11,20,30,0,0,,,,,,,,,,,,,,,,,,,,,,,,,,,,,,,,,,,,,,,
8279,1999,12,11,21,30,0,0,,,,,,,,,,,,,,,,,,,,,,,,,,,,,,,,,,,,,,,
8280,1999,12,11,22,30,0,0,,,,,,,,,,,,,,,,,,,,,,,,,,,,,,,,,,,,,,,
8281,1999,12,11,23,30,0,0,,,,,,,,,,,,,,,,,,,,,,,,,,,,,,,,,,,,,,,
8282,1999,12,12,0,30,0,0,,,,,,,,,,,,,,,,,,,,,,,,,,,,,,,,,,,,,,,
8283,1999,12,12,1,30,0,0,,,,,,,,,,,,,,,,,,,,,,,,,,,,,,,,,,,,,,,
8284,1999,12,12,2,30,0,0,,,,,,,,,,,,,,,,,,,,,,,,,,,,,,,,,,,,,,,
8285,1999,12,12,3,30,0,0,,,,,,,,,,,,,,,,,,,,,,,,,,,,,,,,,,,,,,,
8286,1999,12,12,4,30,0,0,,,,,,,,,,,,,,,,,,,,,,,,,,,,,,,,,,,,,,,
8287,1999,12,12,5,30,0,0,,,,,,,,,,,,,,,,,,,,,,,,,,,,,,,,,,,,,,,
8288,1999,12,12,6,30,0,0,,,,,,,,,,,,,,,,,,,,,,,,,,,,,,,,,,,,,,,
8289,1999,12,12,7,30,59,527,,,,,,,,,,,,,,,,,,,,,,,,,,,,,,,,,,,,,,,
8290,1999,12,12,8,30,241,841,,,,,,,,,,,,,,,,,,,,,,,,,,,,,,,,,,,,,,,
8291,1999,12,12,9,30,409,953,,,,,,,,,,,,,,,,,,,,,,,,,,,,,,,,,,,,,,,
8292,1999,12,12,10,30,530,1005,,,,,,,,,,,,,,,,,,,,,,,,,,,,,,,,,,,,,,,
8293,1999,12,12,11,30,593,1028,,,,,,,,,,,,,,,,,,,,,,,,,,,,,,,,,,,,,,,
8294,1999,12,12,12,30,590,1029,,,,,,,,,,,,,,,,,,,,,,,,,,,,,,,,,,,,,,,
8295,1999,12,12,13,30,523,1006,,,,,,,,,,,,,,,,,,,,,,,,,,,,,,,,,,,,,,,
8296,1999,12,12,14,30,397,956,,,,,,,,,,,,,,,,,,,,,,,,,,,,,,,,,,,,,,,
8297,1999,12,12,15,30,227,837,,,,,,,,,,,,,,,,,,,,,,,,,,,,,,,,,,,,,,,
8298,1999,12,12,16,30,48,500,,,,,,,,,,,,,,,,,,,,,,,,,,,,,,,,,,,,,,,
8299,1999,12,12,17,30,0,0,,,,,,,,,,,,,,,,,,,,,,,,,,,,,,,,,,,,,,,
8300,1999,12,12,18,30,0,0,,,,,,,,,,,,,,,,,,,,,,,,,,,,,,,,,,,,,,,
8301,1999,12,12,19,30,0,0,,,,,,,,,,,,,,,,,,,,,,,,,,,,,,,,,,,,,,,
8302,1999,12,12,20,30,0,0,,,,,,,,,,,,,,,,,,,,,,,,,,,,,,,,,,,,,,,
8303,1999,12,12,21,30,0,0,,,,,,,,,,,,,,,,,,,,,,,,,,,,,,,,,,,,,,,
8304,1999,12,12,22,30,0,0,,,,,,,,,,,,,,,,,,,,,,,,,,,,,,,,,,,,,,,
8305,1999,12,12,23,30,0,0,,,,,,,,,,,,,,,,,,,,,,,,,,,,,,,,,,,,,,,
8306,1999,12,13,0,30,0,0,,,,,,,,,,,,,,,,,,,,,,,,,,,,,,,,,,,,,,,
8307,1999,12,13,1,30,0,0,,,,,,,,,,,,,,,,,,,,,,,,,,,,,,,,,,,,,,,
8308,1999,12,13,2,30,0,0,,,,,,,,,,,,,,,,,,,,,,,,,,,,,,,,,,,,,,,
8309,1999,12,13,3,30,0,0,,,,,,,,,,,,,,,,,,,,,,,,,,,,,,,,,,,,,,,
8310,1999,12,13,4,30,0,0,,,,,,,,,,,,,,,,,,,,,,,,,,,,,,,,,,,,,,,
8311,1999,12,13,5,30,0,0,,,,,,,,,,,,,,,,,,,,,,,,,,,,,,,,,,,,,,,
8312,1999,12,13,6,30,0,0,,,,,,,,,,,,,,,,,,,,,,,,,,,,,,,,,,,,,,,
8313,1999,12,13,7,30,32,1,,,,,,,,,,,,,,,,,,,,,,,,,,,,,,,,,,,,,,,
8314,1999,12,13,8,30,209,485,,,,,,,,,,,,,,,,,,,,,,,,,,,,,,,,,,,,,,,
8315,1999,12,13,9,30,403,941,,,,,,,,,,,,,,,,,,,,,,,,,,,,,,,,,,,,,,,
8316,1999,12,13,10,30,287,113,,,,,,,,,,,,,,,,,,,,,,,,,,,,,,,,,,,,,,,
8317,1999,12,13,11,30,581,1006,,,,,,,,,,,,,,,,,,,,,,,,,,,,,,,,,,,,,,,
8318,1999,12,13,12,30,578,1009,,,,,,,,,,,,,,,,,,,,,,,,,,,,,,,,,,,,,,,
8319,1999,12,13,13,30,512,988,,,,,,,,,,,,,,,,,,,,,,,,,,,,,,,,,,,,,,,
8320,1999,12,13,14,30,389,932,,,,,,,,,,,,,,,,,,,,,,,,,,,,,,,,,,,,,,,
8321,1999,12,13,15,30,221,599,,,,,,,,,,,,,,,,,,,,,,,,,,,,,,,,,,,,,,,
8322,1999,12,13,16,30,30,8,,,,,,,,,,,,,,,,,,,,,,,,,,,,,,,,,,,,,,,
8323,1999,12,13,17,30,0,0,,,,,,,,,,,,,,,,,,,,,,,,,,,,,,,,,,,,,,,
8324,1999,12,13,18,30,0,0,,,,,,,,,,,,,,,,,,,,,,,,,,,,,,,,,,,,,,,
8325,1999,12,13,19,30,0,0,,,,,,,,,,,,,,,,,,,,,,,,,,,,,,,,,,,,,,,
8326,1999,12,13,20,30,0,0,,,,,,,,,,,,,,,,,,,,,,,,,,,,,,,,,,,,,,,
8327,1999,12,13,21,30,0,0,,,,,,,,,,,,,,,,,,,,,,,,,,,,,,,,,,,,,,,
8328,1999,12,13,22,30,0,0,,,,,,,,,,,,,,,,,,,,,,,,,,,,,,,,,,,,,,,
8329,1999,12,13,23,30,0,0,,,,,,,,,,,,,,,,,,,,,,,,,,,,,,,,,,,,,,,
8330,1999,12,14,0,30,0,0,,,,,,,,,,,,,,,,,,,,,,,,,,,,,,,,,,,,,,,
8331,1999,12,14,1,30,0,0,,,,,,,,,,,,,,,,,,,,,,,,,,,,,,,,,,,,,,,
8332,1999,12,14,2,30,0,0,,,,,,,,,,,,,,,,,,,,,,,,,,,,,,,,,,,,,,,
8333,1999,12,14,3,30,0,0,,,,,,,,,,,,,,,,,,,,,,,,,,,,,,,,,,,,,,,
8334,1999,12,14,4,30,0,0,,,,,,,,,,,,,,,,,,,,,,,,,,,,,,,,,,,,,,,
8335,1999,12,14,5,30,0,0,,,,,,,,,,,,,,,,,,,,,,,,,,,,,,,,,,,,,,,
8336,1999,12,14,6,30,0,0,,,,,,,,,,,,,,,,,,,,,,,,,,,,,,,,,,,,,,,
8337,1999,12,14,7,30,59,566,,,,,,,,,,,,,,,,,,,,,,,,,,,,,,,,,,,,,,,
8338,1999,12,14,8,30,246,881,,,,,,,,,,,,,,,,,,,,,,,,,,,,,,,,,,,,,,,
8339,1999,12,14,9,30,418,995,,,,,,,,,,,,,,,,,,,,,,,,,,,,,,,,,,,,,,,
8340,1999,12,14,10,30,544,1046,,,,,,,,,,,,,,,,,,,,,,,,,,,,,,,,,,,,,,,
8341,1999,12,14,11,30,609,1067,,,,,,,,,,,,,,,,,,,,,,,,,,,,,,,,,,,,,,,
8342,1999,12,14,12,30,595,1044,,,,,,,,,,,,,,,,,,,,,,,,,,,,,,,,,,,,,,,
8343,1999,12,14,13,30,529,1021,,,,,,,,,,,,,,,,,,,,,,,,,,,,,,,,,,,,,,,
8344,1999,12,14,14,30,403,967,,,,,,,,,,,,,,,,,,,,,,,,,,,,,,,,,,,,,,,
8345,1999,12,14,15,30,232,849,,,,,,,,,,,,,,,,,,,,,,,,,,,,,,,,,,,,,,,
8346,1999,12,14,16,30,50,520,,,,,,,,,,,,,,,,,,,,,,,,,,,,,,,,,,,,,,,
8347,1999,12,14,17,30,0,0,,,,,,,,,,,,,,,,,,,,,,,,,,,,,,,,,,,,,,,
8348,1999,12,14,18,30,0,0,,,,,,,,,,,,,,,,,,,,,,,,,,,,,,,,,,,,,,,
8349,1999,12,14,19,30,0,0,,,,,,,,,,,,,,,,,,,,,,,,,,,,,,,,,,,,,,,
8350,1999,12,14,20,30,0,0,,,,,,,,,,,,,,,,,,,,,,,,,,,,,,,,,,,,,,,
8351,1999,12,14,21,30,0,0,,,,,,,,,,,,,,,,,,,,,,,,,,,,,,,,,,,,,,,
8352,1999,12,14,22,30,0,0,,,,,,,,,,,,,,,,,,,,,,,,,,,,,,,,,,,,,,,
8353,1999,12,14,23,30,0,0,,,,,,,,,,,,,,,,,,,,,,,,,,,,,,,,,,,,,,,
8354,1999,12,15,0,30,0,0,,,,,,,,,,,,,,,,,,,,,,,,,,,,,,,,,,,,,,,
8355,1999,12,15,1,30,0,0,,,,,,,,,,,,,,,,,,,,,,,,,,,,,,,,,,,,,,,
8356,1999,12,15,2,30,0,0,,,,,,,,,,,,,,,,,,,,,,,,,,,,,,,,,,,,,,,
8357,1999,12,15,3,30,0,0,,,,,,,,,,,,,,,,,,,,,,,,,,,,,,,,,,,,,,,
8358,1999,12,15,4,30,0,0,,,,,,,,,,,,,,,,,,,,,,,,,,,,,,,,,,,,,,,
8359,1999,12,15,5,30,0,0,,,,,,,,,,,,,,,,,,,,,,,,,,,,,,,,,,,,,,,
8360,1999,12,15,6,30,0,0,,,,,,,,,,,,,,,,,,,,,,,,,,,,,,,,,,,,,,,
8361,1999,12,15,7,30,30,1,,,,,,,,,,,,,,,,,,,,,,,,,,,,,,,,,,,,,,,
8362,1999,12,15,8,30,237,866,,,,,,,,,,,,,,,,,,,,,,,,,,,,,,,,,,,,,,,
8363,1999,12,15,9,30,405,978,,,,,,,,,,,,,,,,,,,,,,,,,,,,,,,,,,,,,,,
8364,1999,12,15,10,30,486,727,,,,,,,,,,,,,,,,,,,,,,,,,,,,,,,,,,,,,,,
8365,1999,12,15,11,30,585,1034,,,,,,,,,,,,,,,,,,,,,,,,,,,,,,,,,,,,,,,
8366,1999,12,15,12,30,487,414,,,,,,,,,,,,,,,,,,,,,,,,,,,,,,,,,,,,,,,
8367,1999,12,15,13,30,409,417,,,,,,,,,,,,,,,,,,,,,,,,,,,,,,,,,,,,,,,
8368,1999,12,15,14,30,219,66,,,,,,,,,,,,,,,,,,,,,,,,,,,,,,,,,,,,,,,
8369,1999,12,15,15,30,182,305,,,,,,,,,,,,,,,,,,,,,,,,,,,,,,,,,,,,,,,
8370,1999,12,15,16,30,29,5,,,,,,,,,,,,,,,,,,,,,,,,,,,,,,,,,,,,,,,
8371,1999,12,15,17,30,0,0,,,,,,,,,,,,,,,,,,,,,,,,,,,,,,,,,,,,,,,
8372,1999,12,15,18,30,0,0,,,,,,,,,,,,,,,,,,,,,,,,,,,,,,,,,,,,,,,
8373,1999,12,15,19,30,0,0,,,,,,,,,,,,,,,,,,,,,,,,,,,,,,,,,,,,,,,
8374,1999,12,15,20,30,0,0,,,,,,,,,,,,,,,,,,,,,,,,,,,,,,,,,,,,,,,
8375,1999,12,15,21,30,0,0,,,,,,,,,,,,,,,,,,,,,,,,,,,,,,,,,,,,,,,
8376,1999,12,15,22,30,0,0,,,,,,,,,,,,,,,,,,,,,,,,,,,,,,,,,,,,,,,
8377,1999,12,15,23,30,0,0,,,,,,,,,,,,,,,,,,,,,,,,,,,,,,,,,,,,,,,
8378,1999,12,16,0,30,0,0,,,,,,,,,,,,,,,,,,,,,,,,,,,,,,,,,,,,,,,
8379,1999,12,16,1,30,0,0,,,,,,,,,,,,,,,,,,,,,,,,,,,,,,,,,,,,,,,
8380,1999,12,16,2,30,0,0,,,,,,,,,,,,,,,,,,,,,,,,,,,,,,,,,,,,,,,
8381,1999,12,16,3,30,0,0,,,,,,,,,,,,,,,,,,,,,,,,,,,,,,,,,,,,,,,
8382,1999,12,16,4,30,0,0,,,,,,,,,,,,,,,,,,,,,,,,,,,,,,,,,,,,,,,
8383,1999,12,16,5,30,0,0,,,,,,,,,,,,,,,,,,,,,,,,,,,,,,,,,,,,,,,
8384,1999,12,16,6,30,0,0,,,,,,,,,,,,,,,,,,,,,,,,,,,,,,,,,,,,,,,
8385,1999,12,16,7,30,31,6,,,,,,,,,,,,,,,,,,,,,,,,,,,,,,,,,,,,,,,
8386,1999,12,16,8,30,176,264,,,,,,,,,,,,,,,,,,,,,,,,,,,,,,,,,,,,,,,
8387,1999,12,16,9,30,230,39,,,,,,,,,,,,,,,,,,,,,,,,,,,,,,,,,,,,,,,
8388,1999,12,16,10,30,361,160,,,,,,,,,,,,,,,,,,,,,,,,,,,,,,,,,,,,,,,
8389,1999,12,16,11,30,440,286,,,,,,,,,,,,,,,,,,,,,,,,,,,,,,,,,,,,,,,
8390,1999,12,16,12,30,421,213,,,,,,,,,,,,,,,,,,,,,,,,,,,,,,,,,,,,,,,
8391,1999,12,16,13,30,362,164,,,,,,,,,,,,,,,,,,,,,,,,,,,,,,,,,,,,,,,
8392,1999,12,16,14,30,232,42,,,,,,,,,,,,,,,,,,,,,,,,,,,,,,,,,,,,,,,
8393,1999,12,16,15,30,156,100,,,,,,,,,,,,,,,,,,,,,,,,,,,,,,,,,,,,,,,
8394,1999,12,16,16,30,30,7,,,,,,,,,,,,,,,,,,,,,,,,,,,,,,,,,,,,,,,
8395,1999,12,16,17,30,0,0,,,,,,,,,,,,,,,,,,,,,,,,,,,,,,,,,,,,,,,
8396,1999,12,16,18,30,0,0,,,,,,,,,,,,,,,,,,,,,,,,,,,,,,,,,,,,,,,
8397,1999,12,16,19,30,0,0,,,,,,,,,,,,,,,,,,,,,,,,,,,,,,,,,,,,,,,
8398,1999,12,16,20,30,0,0,,,,,,,,,,,,,,,,,,,,,,,,,,,,,,,,,,,,,,,
8399,1999,12,16,21,30,0,0,,,,,,,,,,,,,,,,,,,,,,,,,,,,,,,,,,,,,,,
8400,1999,12,16,22,30,0,0,,,,,,,,,,,,,,,,,,,,,,,,,,,,,,,,,,,,,,,
8401,1999,12,16,23,30,0,0,,,,,,,,,,,,,,,,,,,,,,,,,,,,,,,,,,,,,,,
8402,1999,12,17,0,30,0,0,,,,,,,,,,,,,,,,,,,,,,,,,,,,,,,,,,,,,,,
8403,1999,12,17,1,30,0,0,,,,,,,,,,,,,,,,,,,,,,,,,,,,,,,,,,,,,,,
8404,1999,12,17,2,30,0,0,,,,,,,,,,,,,,,,,,,,,,,,,,,,,,,,,,,,,,,
8405,1999,12,17,3,30,0,0,,,,,,,,,,,,,,,,,,,,,,,,,,,,,,,,,,,,,,,
8406,1999,12,17,4,30,0,0,,,,,,,,,,,,,,,,,,,,,,,,,,,,,,,,,,,,,,,
8407,1999,12,17,5,30,0,0,,,,,,,,,,,,,,,,,,,,,,,,,,,,,,,,,,,,,,,
8408,1999,12,17,6,30,0,0,,,,,,,,,,,,,,,,,,,,,,,,,,,,,,,,,,,,,,,
8409,1999,12,17,7,30,49,492,,,,,,,,,,,,,,,,,,,,,,,,,,,,,,,,,,,,,,,
8410,1999,12,17,8,30,223,820,,,,,,,,,,,,,,,,,,,,,,,,,,,,,,,,,,,,,,,
8411,1999,12,17,9,30,388,936,,,,,,,,,,,,,,,,,,,,,,,,,,,,,,,,,,,,,,,
8412,1999,12,17,10,30,514,999,,,,,,,,,,,,,,,,,,,,,,,,,,,,,,,,,,,,,,,
8413,1999,12,17,11,30,579,1021,,,,,,,,,,,,,,,,,,,,,,,,,,,,,,,,,,,,,,,
8414,1999,12,17,12,30,579,1021,,,,,,,,,,,,,,,,,,,,,,,,,,,,,,,,,,,,,,,
8415,1999,12,17,13,30,515,999,,,,,,,,,,,,,,,,,,,,,,,,,,,,,,,,,,,,,,,
8416,1999,12,17,14,30,393,945,,,,,,,,,,,,,,,,,,,,,,,,,,,,,,,,,,,,,,,
8417,1999,12,17,15,30,227,827,,,,,,,,,,,,,,,,,,,,,,,,,,,,,,,,,,,,,,,
8418,1999,12,17,16,30,50,502,,,,,,,,,,,,,,,,,,,,,,,,,,,,,,,,,,,,,,,
8419,1999,12,17,17,30,0,0,,,,,,,,,,,,,,,,,,,,,,,,,,,,,,,,,,,,,,,
8420,1999,12,17,18,30,0,0,,,,,,,,,,,,,,,,,,,,,,,,,,,,,,,,,,,,,,,
8421,1999,12,17,19,30,0,0,,,,,,,,,,,,,,,,,,,,,,,,,,,,,,,,,,,,,,,
8422,1999,12,17,20,30,0,0,,,,,,,,,,,,,,,,,,,,,,,,,,,,,,,,,,,,,,,
8423,1999,12,17,21,30,0,0,,,,,,,,,,,,,,,,,,,,,,,,,,,,,,,,,,,,,,,
8424,1999,12,17,22,30,0,0,,,,,,,,,,,,,,,,,,,,,,,,,,,,,,,,,,,,,,,
8425,1999,12,17,23,30,0,0,,,,,,,,,,,,,,,,,,,,,,,,,,,,,,,,,,,,,,,
8426,1999,12,18,0,30,0,0,,,,,,,,,,,,,,,,,,,,,,,,,,,,,,,,,,,,,,,
8427,1999,12,18,1,30,0,0,,,,,,,,,,,,,,,,,,,,,,,,,,,,,,,,,,,,,,,
8428,1999,12,18,2,30,0,0,,,,,,,,,,,,,,,,,,,,,,,,,,,,,,,,,,,,,,,
8429,1999,12,18,3,30,0,0,,,,,,,,,,,,,,,,,,,,,,,,,,,,,,,,,,,,,,,
8430,1999,12,18,4,30,0,0,,,,,,,,,,,,,,,,,,,,,,,,,,,,,,,,,,,,,,,
8431,1999,12,18,5,30,0,0,,,,,,,,,,,,,,,,,,,,,,,,,,,,,,,,,,,,,,,
8432,1999,12,18,6,30,0,0,,,,,,,,,,,,,,,,,,,,,,,,,,,,,,,,,,,,,,,
8433,1999,12,18,7,30,47,466,,,,,,,,,,,,,,,,,,,,,,,,,,,,,,,,,,,,,,,
8434,1999,12,18,8,30,222,811,,,,,,,,,,,,,,,,,,,,,,,,,,,,,,,,,,,,,,,
8435,1999,12,18,9,30,391,943,,,,,,,,,,,,,,,,,,,,,,,,,,,,,,,,,,,,,,,
8436,1999,12,18,10,30,513,999,,,,,,,,,,,,,,,,,,,,,,,,,,,,,,,,,,,,,,,
8437,1999,12,18,11,30,577,1023,,,,,,,,,,,,,,,,,,,,,,,,,,,,,,,,,,,,,,,
8438,1999,12,18,12,30,577,1025,,,,,,,,,,,,,,,,,,,,,,,,,,,,,,,,,,,,,,,
8439,1999,12,18,13,30,514,1003,,,,,,,,,,,,,,,,,,,,,,,,,,,,,,,,,,,,,,,
8440,1999,12,18,14,30,285,158,,,,,,,,,,,,,,,,,,,,,,,,,,,,,,,,,,,,,,,
8441,1999,12,18,15,30,24,0,,,,,,,,,,,,,,,,,,,,,,,,,,,,,,,,,,,,,,,
8442,1999,12,18,16,30,50,491,,,,,,,,,,,,,,,,,,,,,,,,,,,,,,,,,,,,,,,
8443,1999,12,18,17,30,0,0,,,,,,,,,,,,,,,,,,,,,,,,,,,,,,,,,,,,,,,
8444,1999,12,18,18,30,0,0,,,,,,,,,,,,,,,,,,,,,,,,,,,,,,,,,,,,,,,
8445,1999,12,18,19,30,0,0,,,,,,,,,,,,,,,,,,,,,,,,,,,,,,,,,,,,,,,
8446,1999,12,18,20,30,0,0,,,,,,,,,,,,,,,,,,,,,,,,,,,,,,,,,,,,,,,
8447,1999,12,18,21,30,0,0,,,,,,,,,,,,,,,,,,,,,,,,,,,,,,,,,,,,,,,
8448,1999,12,18,22,30,0,0,,,,,,,,,,,,,,,,,,,,,,,,,,,,,,,,,,,,,,,
8449,1999,12,18,23,30,0,0,,,,,,,,,,,,,,,,,,,,,,,,,,,,,,,,,,,,,,,
8450,1999,12,19,0,30,0,0,,,,,,,,,,,,,,,,,,,,,,,,,,,,,,,,,,,,,,,
8451,1999,12,19,1,30,0,0,,,,,,,,,,,,,,,,,,,,,,,,,,,,,,,,,,,,,,,
8452,1999,12,19,2,30,0,0,,,,,,,,,,,,,,,,,,,,,,,,,,,,,,,,,,,,,,,
8453,1999,12,19,3,30,0,0,,,,,,,,,,,,,,,,,,,,,,,,,,,,,,,,,,,,,,,
8454,1999,12,19,4,30,0,0,,,,,,,,,,,,,,,,,,,,,,,,,,,,,,,,,,,,,,,
8455,1999,12,19,5,30,0,0,,,,,,,,,,,,,,,,,,,,,,,,,,,,,,,,,,,,,,,
8456,1999,12,19,6,30,0,0,,,,,,,,,,,,,,,,,,,,,,,,,,,,,,,,,,,,,,,
8457,1999,12,19,7,30,46,489,,,,,,,,,,,,,,,,,,,,,,,,,,,,,,,,,,,,,,,
8458,1999,12,19,8,30,222,822,,,,,,,,,,,,,,,,,,,,,,,,,,,,,,,,,,,,,,,
8459,1999,12,19,9,30,258,79,,,,,,,,,,,,,,,,,,,,,,,,,,,,,,,,,,,,,,,
8460,1999,12,19,10,30,361,256,,,,,,,,,,,,,,,,,,,,,,,,,,,,,,,,,,,,,,,
8461,1999,12,19,11,30,386,108,,,,,,,,,,,,,,,,,,,,,,,,,,,,,,,,,,,,,,,
8462,1999,12,19,12,30,174,0,,,,,,,,,,,,,,,,,,,,,,,,,,,,,,,,,,,,,,,
8463,1999,12,19,13,30,513,809,,,,,,,,,,,,,,,,,,,,,,,,,,,,,,,,,,,,,,,
8464,1999,12,19,14,30,211,65,,,,,,,,,,,,,,,,,,,,,,,,,,,,,,,,,,,,,,,
8465,1999,12,19,15,30,230,827,,,,,,,,,,,,,,,,,,,,,,,,,,,,,,,,,,,,,,,
8466,1999,12,19,16,30,52,516,,,,,,,,,,,,,,,,,,,,,,,,,,,,,,,,,,,,,,,
8467,1999,12,19,17,30,0,0,,,,,,,,,,,,,,,,,,,,,,,,,,,,,,,,,,,,,,,
8468,1999,12,19,18,30,0,0,,,,,,,,,,,,,,,,,,,,,,,,,,,,,,,,,,,,,,,
8469,1999,12,19,19,30,0,0,,,,,,,,,,,,,,,,,,,,,,,,,,,,,,,,,,,,,,,
8470,1999,12,19,20,30,0,0,,,,,,,,,,,,,,,,,,,,,,,,,,,,,,,,,,,,,,,
8471,1999,12,19,21,30,0,0,,,,,,,,,,,,,,,,,,,,,,,,,,,,,,,,,,,,,,,
8472,1999,12,19,22,30,0,0,,,,,,,,,,,,,,,,,,,,,,,,,,,,,,,,,,,,,,,
8473,1999,12,19,23,30,0,0,,,,,,,,,,,,,,,,,,,,,,,,,,,,,,,,,,,,,,,
8474,1999,12,20,0,30,0,0,,,,,,,,,,,,,,,,,,,,,,,,,,,,,,,,,,,,,,,
8475,1999,12,20,1,30,0,0,,,,,,,,,,,,,,,,,,,,,,,,,,,,,,,,,,,,,,,
8476,1999,12,20,2,30,0,0,,,,,,,,,,,,,,,,,,,,,,,,,,,,,,,,,,,,,,,
8477,1999,12,20,3,30,0,0,,,,,,,,,,,,,,,,,,,,,,,,,,,,,,,,,,,,,,,
8478,1999,12,20,4,30,0,0,,,,,,,,,,,,,,,,,,,,,,,,,,,,,,,,,,,,,,,
8479,1999,12,20,5,30,0,0,,,,,,,,,,,,,,,,,,,,,,,,,,,,,,,,,,,,,,,
8480,1999,12,20,6,30,0,0,,,,,,,,,,,,,,,,,,,,,,,,,,,,,,,,,,,,,,,
8481,1999,12,20,7,30,18,0,,,,,,,,,,,,,,,,,,,,,,,,,,,,,,,,,,,,,,,
8482,1999,12,20,8,30,109,4,,,,,,,,,,,,,,,,,,,,,,,,,,,,,,,,,,,,,,,
8483,1999,12,20,9,30,381,897,,,,,,,,,,,,,,,,,,,,,,,,,,,,,,,,,,,,,,,
8484,1999,12,20,10,30,485,740,,,,,,,,,,,,,,,,,,,,,,,,,,,,,,,,,,,,,,,
8485,1999,12,20,11,30,384,223,,,,,,,,,,,,,,,,,,,,,,,,,,,,,,,,,,,,,,,
8486,1999,12,20,12,30,299,73,,,,,,,,,,,,,,,,,,,,,,,,,,,,,,,,,,,,,,,
8487,1999,12,20,13,30,480,716,,,,,,,,,,,,,,,,,,,,,,,,,,,,,,,,,,,,,,,
8488,1999,12,20,14,30,393,915,,,,,,,,,,,,,,,,,,,,,,,,,,,,,,,,,,,,,,,
8489,1999,12,20,15,30,227,785,,,,,,,,,,,,,,,,,,,,,,,,,,,,,,,,,,,,,,,
8490,1999,12,20,16,30,51,440,,,,,,,,,,,,,,,,,,,,,,,,,,,,,,,,,,,,,,,
8491,1999,12,20,17,30,0,0,,,,,,,,,,,,,,,,,,,,,,,,,,,,,,,,,,,,,,,
8492,1999,12,20,18,30,0,0,,,,,,,,,,,,,,,,,,,,,,,,,,,,,,,,,,,,,,,
8493,1999,12,20,19,30,0,0,,,,,,,,,,,,,,,,,,,,,,,,,,,,,,,,,,,,,,,
8494,1999,12,20,20,30,0,0,,,,,,,,,,,,,,,,,,,,,,,,,,,,,,,,,,,,,,,
8495,1999,12,20,21,30,0,0,,,,,,,,,,,,,,,,,,,,,,,,,,,,,,,,,,,,,,,
8496,1999,12,20,22,30,0,0,,,,,,,,,,,,,,,,,,,,,,,,,,,,,,,,,,,,,,,
8497,1999,12,20,23,30,0,0,,,,,,,,,,,,,,,,,,,,,,,,,,,,,,,,,,,,,,,
8498,1999,12,21,0,30,0,0,,,,,,,,,,,,,,,,,,,,,,,,,,,,,,,,,,,,,,,
8499,1999,12,21,1,30,0,0,,,,,,,,,,,,,,,,,,,,,,,,,,,,,,,,,,,,,,,
8500,1999,12,21,2,30,0,0,,,,,,,,,,,,,,,,,,,,,,,,,,,,,,,,,,,,,,,
8501,1999,12,21,3,30,0,0,,,,,,,,,,,,,,,,,,,,,,,,,,,,,,,,,,,,,,,
8502,1999,12,21,4,30,0,0,,,,,,,,,,,,,,,,,,,,,,,,,,,,,,,,,,,,,,,
8503,1999,12,21,5,30,0,0,,,,,,,,,,,,,,,,,,,,,,,,,,,,,,,,,,,,,,,
8504,1999,12,21,6,30,0,0,,,,,,,,,,,,,,,,,,,,,,,,,,,,,,,,,,,,,,,
8505,1999,12,21,7,30,18,0,,,,,,,,,,,,,,,,,,,,,,,,,,,,,,,,,,,,,,,
8506,1999,12,21,8,30,215,755,,,,,,,,,,,,,,,,,,,,,,,,,,,,,,,,,,,,,,,
8507,1999,12,21,9,30,192,34,,,,,,,,,,,,,,,,,,,,,,,,,,,,,,,,,,,,,,,
8508,1999,12,21,10,30,250,50,,,,,,,,,,,,,,,,,,,,,,,,,,,,,,,,,,,,,,,
8509,1999,12,21,11,30,159,4,,,,,,,,,,,,,,,,,,,,,,,,,,,,,,,,,,,,,,,
8510,1999,12,21,12,30,147,3,,,,,,,,,,,,,,,,,,,,,,,,,,,,,,,,,,,,,,,
8511,1999,12,21,13,30,184,13,,,,,,,,,,,,,,,,,,,,,,,,,,,,,,,,,,,,,,,
8512,1999,12,21,14,30,149,10,,,,,,,,,,,,,,,,,,,,,,,,,,,,,,,,,,,,,,,
8513,1999,12,21,15,30,113,13,,,,,,,,,,,,,,,,,,,,,,,,,,,,,,,,,,,,,,,
8514,1999,12,21,16,30,19,0,,,,,,,,,,,,,,,,,,,,,,,,,,,,,,,,,,,,,,,
8515,1999,12,21,17,30,0,0,,,,,,,,,,,,,,,,,,,,,,,,,,,,,,,,,,,,,,,
8516,1999,12,21,18,30,0,0,,,,,,,,,,,,,,,,,,,,,,,,,,,,,,,,,,,,,,,
8517,1999,12,21,19,30,0,0,,,,,,,,,,,,,,,,,,,,,,,,,,,,,,,,,,,,,,,
8518,1999,12,21,20,30,0,0,,,,,,,,,,,,,,,,,,,,,,,,,,,,,,,,,,,,,,,
8519,1999,12,21,21,30,0,0,,,,,,,,,,,,,,,,,,,,,,,,,,,,,,,,,,,,,,,
8520,1999,12,21,22,30,0,0,,,,,,,,,,,,,,,,,,,,,,,,,,,,,,,,,,,,,,,
8521,1999,12,21,23,30,0,0,,,,,,,,,,,,,,,,,,,,,,,,,,,,,,,,,,,,,,,
8522,1999,12,22,0,30,0,0,,,,,,,,,,,,,,,,,,,,,,,,,,,,,,,,,,,,,,,
8523,1999,12,22,1,30,0,0,,,,,,,,,,,,,,,,,,,,,,,,,,,,,,,,,,,,,,,
8524,1999,12,22,2,30,0,0,,,,,,,,,,,,,,,,,,,,,,,,,,,,,,,,,,,,,,,
8525,1999,12,22,3,30,0,0,,,,,,,,,,,,,,,,,,,,,,,,,,,,,,,,,,,,,,,
8526,1999,12,22,4,30,0,0,,,,,,,,,,,,,,,,,,,,,,,,,,,,,,,,,,,,,,,
8527,1999,12,22,5,30,0,0,,,,,,,,,,,,,,,,,,,,,,,,,,,,,,,,,,,,,,,
8528,1999,12,22,6,30,0,0,,,,,,,,,,,,,,,,,,,,,,,,,,,,,,,,,,,,,,,
8529,1999,12,22,7,30,19,0,,,,,,,,,,,,,,,,,,,,,,,,,,,,,,,,,,,,,,,
8530,1999,12,22,8,30,217,786,,,,,,,,,,,,,,,,,,,,,,,,,,,,,,,,,,,,,,,
8531,1999,12,22,9,30,386,920,,,,,,,,,,,,,,,,,,,,,,,,,,,,,,,,,,,,,,,
8532,1999,12,22,10,30,517,994,,,,,,,,,,,,,,,,,,,,,,,,,,,,,,,,,,,,,,,
8533,1999,12,22,11,30,584,1023,,,,,,,,,,,,,,,,,,,,,,,,,,,,,,,,,,,,,,,
8534,1999,12,22,12,30,586,1027,,,,,,,,,,,,,,,,,,,,,,,,,,,,,,,,,,,,,,,
8535,1999,12,22,13,30,524,1007,,,,,,,,,,,,,,,,,,,,,,,,,,,,,,,,,,,,,,,
8536,1999,12,22,14,30,403,955,,,,,,,,,,,,,,,,,,,,,,,,,,,,,,,,,,,,,,,
8537,1999,12,22,15,30,234,828,,,,,,,,,,,,,,,,,,,,,,,,,,,,,,,,,,,,,,,
8538,1999,12,22,16,30,56,518,,,,,,,,,,,,,,,,,,,,,,,,,,,,,,,,,,,,,,,
8539,1999,12,22,17,30,0,0,,,,,,,,,,,,,,,,,,,,,,,,,,,,,,,,,,,,,,,
8540,1999,12,22,18,30,0,0,,,,,,,,,,,,,,,,,,,,,,,,,,,,,,,,,,,,,,,
8541,1999,12,22,19,30,0,0,,,,,,,,,,,,,,,,,,,,,,,,,,,,,,,,,,,,,,,
8542,1999,12,22,20,30,0,0,,,,,,,,,,,,,,,,,,,,,,,,,,,,,,,,,,,,,,,
8543,1999,12,22,21,30,0,0,,,,,,,,,,,,,,,,,,,,,,,,,,,,,,,,,,,,,,,
8544,1999,12,22,22,30,0,0,,,,,,,,,,,,,,,,,,,,,,,,,,,,,,,,,,,,,,,
8545,1999,12,22,23,30,0,0,,,,,,,,,,,,,,,,,,,,,,,,,,,,,,,,,,,,,,,
8546,1999,12,23,0,30,0,0,,,,,,,,,,,,,,,,,,,,,,,,,,,,,,,,,,,,,,,
8547,1999,12,23,1,30,0,0,,,,,,,,,,,,,,,,,,,,,,,,,,,,,,,,,,,,,,,
8548,1999,12,23,2,30,0,0,,,,,,,,,,,,,,,,,,,,,,,,,,,,,,,,,,,,,,,
8549,1999,12,23,3,30,0,0,,,,,,,,,,,,,,,,,,,,,,,,,,,,,,,,,,,,,,,
8550,1999,12,23,4,30,0,0,,,,,,,,,,,,,,,,,,,,,,,,,,,,,,,,,,,,,,,
8551,1999,12,23,5,30,0,0,,,,,,,,,,,,,,,,,,,,,,,,,,,,,,,,,,,,,,,
8552,1999,12,23,6,30,0,0,,,,,,,,,,,,,,,,,,,,,,,,,,,,,,,,,,,,,,,
8553,1999,12,23,7,30,42,496,,,,,,,,,,,,,,,,,,,,,,,,,,,,,,,,,,,,,,,
8554,1999,12,23,8,30,215,822,,,,,,,,,,,,,,,,,,,,,,,,,,,,,,,,,,,,,,,
8555,1999,12,23,9,30,382,944,,,,,,,,,,,,,,,,,,,,,,,,,,,,,,,,,,,,,,,
8556,1999,12,23,10,30,507,999,,,,,,,,,,,,,,,,,,,,,,,,,,,,,,,,,,,,,,,
8557,1999,12,23,11,30,574,1022,,,,,,,,,,,,,,,,,,,,,,,,,,,,,,,,,,,,,,,
8558,1999,12,23,12,30,577,1023,,,,,,,,,,,,,,,,,,,,,,,,,,,,,,,,,,,,,,,
8559,1999,12,23,13,30,517,1003,,,,,,,,,,,,,,,,,,,,,,,,,,,,,,,,,,,,,,,
8560,1999,12,23,14,30,398,952,,,,,,,,,,,,,,,,,,,,,,,,,,,,,,,,,,,,,,,
8561,1999,12,23,15,30,234,841,,,,,,,,,,,,,,,,,,,,,,,,,,,,,,,,,,,,,,,
8562,1999,12,23,16,30,57,540,,,,,,,,,,,,,,,,,,,,,,,,,,,,,,,,,,,,,,,
8563,1999,12,23,17,30,0,0,,,,,,,,,,,,,,,,,,,,,,,,,,,,,,,,,,,,,,,
8564,1999,12,23,18,30,0,0,,,,,,,,,,,,,,,,,,,,,,,,,,,,,,,,,,,,,,,
8565,1999,12,23,19,30,0,0,,,,,,,,,,,,,,,,,,,,,,,,,,,,,,,,,,,,,,,
8566,1999,12,23,20,30,0,0,,,,,,,,,,,,,,,,,,,,,,,,,,,,,,,,,,,,,,,
8567,1999,12,23,21,30,0,0,,,,,,,,,,,,,,,,,,,,,,,,,,,,,,,,,,,,,,,
8568,1999,12,23,22,30,0,0,,,,,,,,,,,,,,,,,,,,,,,,,,,,,,,,,,,,,,,
8569,1999,12,23,23,30,0,0,,,,,,,,,,,,,,,,,,,,,,,,,,,,,,,,,,,,,,,
8570,1999,12,24,0,30,0,0,,,,,,,,,,,,,,,,,,,,,,,,,,,,,,,,,,,,,,,
8571,1999,12,24,1,30,0,0,,,,,,,,,,,,,,,,,,,,,,,,,,,,,,,,,,,,,,,
8572,1999,12,24,2,30,0,0,,,,,,,,,,,,,,,,,,,,,,,,,,,,,,,,,,,,,,,
8573,1999,12,24,3,30,0,0,,,,,,,,,,,,,,,,,,,,,,,,,,,,,,,,,,,,,,,
8574,1999,12,24,4,30,0,0,,,,,,,,,,,,,,,,,,,,,,,,,,,,,,,,,,,,,,,
8575,1999,12,24,5,30,0,0,,,,,,,,,,,,,,,,,,,,,,,,,,,,,,,,,,,,,,,
8576,1999,12,24,6,30,0,0,,,,,,,,,,,,,,,,,,,,,,,,,,,,,,,,,,,,,,,
8577,1999,12,24,7,30,18,0,,,,,,,,,,,,,,,,,,,,,,,,,,,,,,,,,,,,,,,
8578,1999,12,24,8,30,212,811,,,,,,,,,,,,,,,,,,,,,,,,,,,,,,,,,,,,,,,
8579,1999,12,24,9,30,378,934,,,,,,,,,,,,,,,,,,,,,,,,,,,,,,,,,,,,,,,
8580,1999,12,24,10,30,503,990,,,,,,,,,,,,,,,,,,,,,,,,,,,,,,,,,,,,,,,
8581,1999,12,24,11,30,570,1014,,,,,,,,,,,,,,,,,,,,,,,,,,,,,,,,,,,,,,,
8582,1999,12,24,12,30,574,1015,,,,,,,,,,,,,,,,,,,,,,,,,,,,,,,,,,,,,,,
8583,1999,12,24,13,30,514,995,,,,,,,,,,,,,,,,,,,,,,,,,,,,,,,,,,,,,,,
8584,1999,12,24,14,30,396,944,,,,,,,,,,,,,,,,,,,,,,,,,,,,,,,,,,,,,,,
8585,1999,12,24,15,30,234,833,,,,,,,,,,,,,,,,,,,,,,,,,,,,,,,,,,,,,,,
8586,1999,12,24,16,30,57,524,,,,,,,,,,,,,,,,,,,,,,,,,,,,,,,,,,,,,,,
8587,1999,12,24,17,30,0,0,,,,,,,,,,,,,,,,,,,,,,,,,,,,,,,,,,,,,,,
8588,1999,12,24,18,30,0,0,,,,,,,,,,,,,,,,,,,,,,,,,,,,,,,,,,,,,,,
8589,1999,12,24,19,30,0,0,,,,,,,,,,,,,,,,,,,,,,,,,,,,,,,,,,,,,,,
8590,1999,12,24,20,30,0,0,,,,,,,,,,,,,,,,,,,,,,,,,,,,,,,,,,,,,,,
8591,1999,12,24,21,30,0,0,,,,,,,,,,,,,,,,,,,,,,,,,,,,,,,,,,,,,,,
8592,1999,12,24,22,30,0,0,,,,,,,,,,,,,,,,,,,,,,,,,,,,,,,,,,,,,,,
8593,1999,12,24,23,30,0,0,,,,,,,,,,,,,,,,,,,,,,,,,,,,,,,,,,,,,,,
8594,1999,12,25,0,30,0,0,,,,,,,,,,,,,,,,,,,,,,,,,,,,,,,,,,,,,,,
8595,1999,12,25,1,30,0,0,,,,,,,,,,,,,,,,,,,,,,,,,,,,,,,,,,,,,,,
8596,1999,12,25,2,30,0,0,,,,,,,,,,,,,,,,,,,,,,,,,,,,,,,,,,,,,,,
8597,1999,12,25,3,30,0,0,,,,,,,,,,,,,,,,,,,,,,,,,,,,,,,,,,,,,,,
8598,1999,12,25,4,30,0,0,,,,,,,,,,,,,,,,,,,,,,,,,,,,,,,,,,,,,,,
8599,1999,12,25,5,30,0,0,,,,,,,,,,,,,,,,,,,,,,,,,,,,,,,,,,,,,,,
8600,1999,12,25,6,30,0,0,,,,,,,,,,,,,,,,,,,,,,,,,,,,,,,,,,,,,,,
8601,1999,12,25,7,30,10,0,,,,,,,,,,,,,,,,,,,,,,,,,,,,,,,,,,,,,,,
8602,1999,12,25,8,30,4,0,,,,,,,,,,,,,,,,,,,,,,,,,,,,,,,,,,,,,,,
8603,1999,12,25,9,30,68,1,,,,,,,,,,,,,,,,,,,,,,,,,,,,,,,,,,,,,,,
8604,1999,12,25,10,30,61,0,,,,,,,,,,,,,,,,,,,,,,,,,,,,,,,,,,,,,,,
8605,1999,12,25,11,30,27,0,,,,,,,,,,,,,,,,,,,,,,,,,,,,,,,,,,,,,,,
8606,1999,12,25,12,30,24,0,,,,,,,,,,,,,,,,,,,,,,,,,,,,,,,,,,,,,,,
8607,1999,12,25,13,30,45,0,,,,,,,,,,,,,,,,,,,,,,,,,,,,,,,,,,,,,,,
8608,1999,12,25,14,30,111,0,,,,,,,,,,,,,,,,,,,,,,,,,,,,,,,,,,,,,,,
8609,1999,12,25,15,30,10,0,,,,,,,,,,,,,,,,,,,,,,,,,,,,,,,,,,,,,,,
8610,1999,12,25,16,30,57,447,,,,,,,,,,,,,,,,,,,,,,,,,,,,,,,,,,,,,,,
8611,1999,12,25,17,30,0,0,,,,,,,,,,,,,,,,,,,,,,,,,,,,,,,,,,,,,,,
8612,1999,12,25,18,30,0,0,,,,,,,,,,,,,,,,,,,,,,,,,,,,,,,,,,,,,,,
8613,1999,12,25,19,30,0,0,,,,,,,,,,,,,,,,,,,,,,,,,,,,,,,,,,,,,,,
8614,1999,12,25,20,30,0,0,,,,,,,,,,,,,,,,,,,,,,,,,,,,,,,,,,,,,,,
8615,1999,12,25,21,30,0,0,,,,,,,,,,,,,,,,,,,,,,,,,,,,,,,,,,,,,,,
8616,1999,12,25,22,30,0,0,,,,,,,,,,,,,,,,,,,,,,,,,,,,,,,,,,,,,,,
8617,1999,12,25,23,30,0,0,,,,,,,,,,,,,,,,,,,,,,,,,,,,,,,,,,,,,,,
8618,1999,12,26,0,30,0,0,,,,,,,,,,,,,,,,,,,,,,,,,,,,,,,,,,,,,,,
8619,1999,12,26,1,30,0,0,,,,,,,,,,,,,,,,,,,,,,,,,,,,,,,,,,,,,,,
8620,1999,12,26,2,30,0,0,,,,,,,,,,,,,,,,,,,,,,,,,,,,,,,,,,,,,,,
8621,1999,12,26,3,30,0,0,,,,,,,,,,,,,,,,,,,,,,,,,,,,,,,,,,,,,,,
8622,1999,12,26,4,30,0,0,,,,,,,,,,,,,,,,,,,,,,,,,,,,,,,,,,,,,,,
8623,1999,12,26,5,30,0,0,,,,,,,,,,,,,,,,,,,,,,,,,,,,,,,,,,,,,,,
8624,1999,12,26,6,30,0,0,,,,,,,,,,,,,,,,,,,,,,,,,,,,,,,,,,,,,,,
8625,1999,12,26,7,30,38,432,,,,,,,,,,,,,,,,,,,,,,,,,,,,,,,,,,,,,,,
8626,1999,12,26,8,30,213,791,,,,,,,,,,,,,,,,,,,,,,,,,,,,,,,,,,,,,,,
8627,1999,12,26,9,30,382,921,,,,,,,,,,,,,,,,,,,,,,,,,,,,,,,,,,,,,,,
8628,1999,12,26,10,30,508,980,,,,,,,,,,,,,,,,,,,,,,,,,,,,,,,,,,,,,,,
8629,1999,12,26,11,30,576,1006,,,,,,,,,,,,,,,,,,,,,,,,,,,,,,,,,,,,,,,
8630,1999,12,26,12,30,581,1007,,,,,,,,,,,,,,,,,,,,,,,,,,,,,,,,,,,,,,,
8631,1999,12,26,13,30,522,987,,,,,,,,,,,,,,,,,,,,,,,,,,,,,,,,,,,,,,,
8632,1999,12,26,14,30,403,937,,,,,,,,,,,,,,,,,,,,,,,,,,,,,,,,,,,,,,,
8633,1999,12,26,15,30,239,826,,,,,,,,,,,,,,,,,,,,,,,,,,,,,,,,,,,,,,,
8634,1999,12,26,16,30,62,542,,,,,,,,,,,,,,,,,,,,,,,,,,,,,,,,,,,,,,,
8635,1999,12,26,17,30,0,0,,,,,,,,,,,,,,,,,,,,,,,,,,,,,,,,,,,,,,,
8636,1999,12,26,18,30,0,0,,,,,,,,,,,,,,,,,,,,,,,,,,,,,,,,,,,,,,,
8637,1999,12,26,19,30,0,0,,,,,,,,,,,,,,,,,,,,,,,,,,,,,,,,,,,,,,,
8638,1999,12,26,20,30,0,0,,,,,,,,,,,,,,,,,,,,,,,,,,,,,,,,,,,,,,,
8639,1999,12,26,21,30,0,0,,,,,,,,,,,,,,,,,,,,,,,,,,,,,,,,,,,,,,,
8640,1999,12,26,22,30,0,0,,,,,,,,,,,,,,,,,,,,,,,,,,,,,,,,,,,,,,,
8641,1999,12,26,23,30,0,0,,,,,,,,,,,,,,,,,,,,,,,,,,,,,,,,,,,,,,,
8642,1999,12,27,0,30,0,0,,,,,,,,,,,,,,,,,,,,,,,,,,,,,,,,,,,,,,,
8643,1999,12,27,1,30,0,0,,,,,,,,,,,,,,,,,,,,,,,,,,,,,,,,,,,,,,,
8644,1999,12,27,2,30,0,0,,,,,,,,,,,,,,,,,,,,,,,,,,,,,,,,,,,,,,,
8645,1999,12,27,3,30,0,0,,,,,,,,,,,,,,,,,,,,,,,,,,,,,,,,,,,,,,,
8646,1999,12,27,4,30,0,0,,,,,,,,,,,,,,,,,,,,,,,,,,,,,,,,,,,,,,,
8647,1999,12,27,5,30,0,0,,,,,,,,,,,,,,,,,,,,,,,,,,,,,,,,,,,,,,,
8648,1999,12,27,6,30,0,0,,,,,,,,,,,,,,,,,,,,,,,,,,,,,,,,,,,,,,,
8649,1999,12,27,7,30,37,455,,,,,,,,,,,,,,,,,,,,,,,,,,,,,,,,,,,,,,,
8650,1999,12,27,8,30,214,821,,,,,,,,,,,,,,,,,,,,,,,,,,,,,,,,,,,,,,,
8651,1999,12,27,9,30,385,945,,,,,,,,,,,,,,,,,,,,,,,,,,,,,,,,,,,,,,,
8652,1999,12,27,10,30,514,1001,,,,,,,,,,,,,,,,,,,,,,,,,,,,,,,,,,,,,,,
8653,1999,12,27,11,30,584,1025,,,,,,,,,,,,,,,,,,,,,,,,,,,,,,,,,,,,,,,
8654,1999,12,27,12,30,585,1017,,,,,,,,,,,,,,,,,,,,,,,,,,,,,,,,,,,,,,,
8655,1999,12,27,13,30,526,997,,,,,,,,,,,,,,,,,,,,,,,,,,,,,,,,,,,,,,,
8656,1999,12,27,14,30,407,947,,,,,,,,,,,,,,,,,,,,,,,,,,,,,,,,,,,,,,,
8657,1999,12,27,15,30,240,829,,,,,,,,,,,,,,,,,,,,,,,,,,,,,,,,,,,,,,,
8658,1999,12,27,16,30,62,540,,,,,,,,,,,,,,,,,,,,,,,,,,,,,,,,,,,,,,,
8659,1999,12,27,17,30,0,0,,,,,,,,,,,,,,,,,,,,,,,,,,,,,,,,,,,,,,,
8660,1999,12,27,18,30,0,0,,,,,,,,,,,,,,,,,,,,,,,,,,,,,,,,,,,,,,,
8661,1999,12,27,19,30,0,0,,,,,,,,,,,,,,,,,,,,,,,,,,,,,,,,,,,,,,,
8662,1999,12,27,20,30,0,0,,,,,,,,,,,,,,,,,,,,,,,,,,,,,,,,,,,,,,,
8663,1999,12,27,21,30,0,0,,,,,,,,,,,,,,,,,,,,,,,,,,,,,,,,,,,,,,,
8664,1999,12,27,22,30,0,0,,,,,,,,,,,,,,,,,,,,,,,,,,,,,,,,,,,,,,,
8665,1999,12,27,23,30,0,0,,,,,,,,,,,,,,,,,,,,,,,,,,,,,,,,,,,,,,,
8666,1999,12,28,0,30,0,0,,,,,,,,,,,,,,,,,,,,,,,,,,,,,,,,,,,,,,,
8667,1999,12,28,1,30,0,0,,,,,,,,,,,,,,,,,,,,,,,,,,,,,,,,,,,,,,,
8668,1999,12,28,2,30,0,0,,,,,,,,,,,,,,,,,,,,,,,,,,,,,,,,,,,,,,,
8669,1999,12,28,3,30,0,0,,,,,,,,,,,,,,,,,,,,,,,,,,,,,,,,,,,,,,,
8670,1999,12,28,4,30,0,0,,,,,,,,,,,,,,,,,,,,,,,,,,,,,,,,,,,,,,,
8671,1999,12,28,5,30,0,0,,,,,,,,,,,,,,,,,,,,,,,,,,,,,,,,,,,,,,,
8672,1999,12,28,6,30,0,0,,,,,,,,,,,,,,,,,,,,,,,,,,,,,,,,,,,,,,,
8673,1999,12,28,7,30,21,0,,,,,,,,,,,,,,,,,,,,,,,,,,,,,,,,,,,,,,,
8674,1999,12,28,8,30,211,808,,,,,,,,,,,,,,,,,,,,,,,,,,,,,,,,,,,,,,,
8675,1999,12,28,9,30,382,934,,,,,,,,,,,,,,,,,,,,,,,,,,,,,,,,,,,,,,,
8676,1999,12,28,10,30,506,983,,,,,,,,,,,,,,,,,,,,,,,,,,,,,,,,,,,,,,,
8677,1999,12,28,11,30,576,1007,,,,,,,,,,,,,,,,,,,,,,,,,,,,,,,,,,,,,,,
8678,1999,12,28,12,30,394,113,,,,,,,,,,,,,,,,,,,,,,,,,,,,,,,,,,,,,,,
8679,1999,12,28,13,30,399,289,,,,,,,,,,,,,,,,,,,,,,,,,,,,,,,,,,,,,,,
8680,1999,12,28,14,30,391,674,,,,,,,,,,,,,,,,,,,,,,,,,,,,,,,,,,,,,,,
8681,1999,12,28,15,30,244,828,,,,,,,,,,,,,,,,,,,,,,,,,,,,,,,,,,,,,,,
8682,1999,12,28,16,30,33,2,,,,,,,,,,,,,,,,,,,,,,,,,,,,,,,,,,,,,,,
8683,1999,12,28,17,30,0,0,,,,,,,,,,,,,,,,,,,,,,,,,,,,,,,,,,,,,,,
8684,1999,12,28,18,30,0,0,,,,,,,,,,,,,,,,,,,,,,,,,,,,,,,,,,,,,,,
8685,1999,12,28,19,30,0,0,,,,,,,,,,,,,,,,,,,,,,,,,,,,,,,,,,,,,,,
8686,1999,12,28,20,30,0,0,,,,,,,,,,,,,,,,,,,,,,,,,,,,,,,,,,,,,,,
8687,1999,12,28,21,30,0,0,,,,,,,,,,,,,,,,,,,,,,,,,,,,,,,,,,,,,,,
8688,1999,12,28,22,30,0,0,,,,,,,,,,,,,,,,,,,,,,,,,,,,,,,,,,,,,,,
8689,1999,12,28,23,30,0,0,,,,,,,,,,,,,,,,,,,,,,,,,,,,,,,,,,,,,,,
8690,1999,12,29,0,30,0,0,,,,,,,,,,,,,,,,,,,,,,,,,,,,,,,,,,,,,,,
8691,1999,12,29,1,30,0,0,,,,,,,,,,,,,,,,,,,,,,,,,,,,,,,,,,,,,,,
8692,1999,12,29,2,30,0,0,,,,,,,,,,,,,,,,,,,,,,,,,,,,,,,,,,,,,,,
8693,1999,12,29,3,30,0,0,,,,,,,,,,,,,,,,,,,,,,,,,,,,,,,,,,,,,,,
8694,1999,12,29,4,30,0,0,,,,,,,,,,,,,,,,,,,,,,,,,,,,,,,,,,,,,,,
8695,1999,12,29,5,30,0,0,,,,,,,,,,,,,,,,,,,,,,,,,,,,,,,,,,,,,,,
8696,1999,12,29,6,30,0,0,,,,,,,,,,,,,,,,,,,,,,,,,,,,,,,,,,,,,,,
8697,1999,12,29,7,30,17,0,,,,,,,,,,,,,,,,,,,,,,,,,,,,,,,,,,,,,,,
8698,1999,12,29,8,30,108,13,,,,,,,,,,,,,,,,,,,,,,,,,,,,,,,,,,,,,,,
8699,1999,12,29,9,30,313,325,,,,,,,,,,,,,,,,,,,,,,,,,,,,,,,,,,,,,,,
8700,1999,12,29,10,30,388,274,,,,,,,,,,,,,,,,,,,,,,,,,,,,,,,,,,,,,,,
8701,1999,12,29,11,30,591,1020,,,,,,,,,,,,,,,,,,,,,,,,,,,,,,,,,,,,,,,
8702,1999,12,29,12,30,597,1025,,,,,,,,,,,,,,,,,,,,,,,,,,,,,,,,,,,,,,,
8703,1999,12,29,13,30,543,1019,,,,,,,,,,,,,,,,,,,,,,,,,,,,,,,,,,,,,,,
8704,1999,12,29,14,30,423,970,,,,,,,,,,,,,,,,,,,,,,,,,,,,,,,,,,,,,,,
8705,1999,12,29,15,30,256,865,,,,,,,,,,,,,,,,,,,,,,,,,,,,,,,,,,,,,,,
8706,1999,12,29,16,30,61,230,,,,,,,,,,,,,,,,,,,,,,,,,,,,,,,,,,,,,,,
8707,1999,12,29,17,30,0,0,,,,,,,,,,,,,,,,,,,,,,,,,,,,,,,,,,,,,,,
8708,1999,12,29,18,30,0,0,,,,,,,,,,,,,,,,,,,,,,,,,,,,,,,,,,,,,,,
8709,1999,12,29,19,30,0,0,,,,,,,,,,,,,,,,,,,,,,,,,,,,,,,,,,,,,,,
8710,1999,12,29,20,30,0,0,,,,,,,,,,,,,,,,,,,,,,,,,,,,,,,,,,,,,,,
8711,1999,12,29,21,30,0,0,,,,,,,,,,,,,,,,,,,,,,,,,,,,,,,,,,,,,,,
8712,1999,12,29,22,30,0,0,,,,,,,,,,,,,,,,,,,,,,,,,,,,,,,,,,,,,,,
8713,1999,12,29,23,30,0,0,,,,,,,,,,,,,,,,,,,,,,,,,,,,,,,,,,,,,,,
8714,1999,12,30,0,30,0,0,,,,,,,,,,,,,,,,,,,,,,,,,,,,,,,,,,,,,,,
8715,1999,12,30,1,30,0,0,,,,,,,,,,,,,,,,,,,,,,,,,,,,,,,,,,,,,,,
8716,1999,12,30,2,30,0,0,,,,,,,,,,,,,,,,,,,,,,,,,,,,,,,,,,,,,,,
8717,1999,12,30,3,30,0,0,,,,,,,,,,,,,,,,,,,,,,,,,,,,,,,,,,,,,,,
8718,1999,12,30,4,30,0,0,,,,,,,,,,,,,,,,,,,,,,,,,,,,,,,,,,,,,,,
8719,1999,12,30,5,30,0,0,,,,,,,,,,,,,,,,,,,,,,,,,,,,,,,,,,,,,,,
8720,1999,12,30,6,30,0,0,,,,,,,,,,,,,,,,,,,,,,,,,,,,,,,,,,,,,,,
8721,1999,12,30,7,30,37,475,,,,,,,,,,,,,,,,,,,,,,,,,,,,,,,,,,,,,,,
8722,1999,12,30,8,30,213,836,,,,,,,,,,,,,,,,,,,,,,,,,,,,,,,,,,,,,,,
8723,1999,12,30,9,30,385,960,,,,,,,,,,,,,,,,,,,,,,,,,,,,,,,,,,,,,,,
8724,1999,12,30,10,30,514,1016,,,,,,,,,,,,,,,,,,,,,,,,,,,,,,,,,,,,,,,
8725,1999,12,30,11,30,585,1040,,,,,,,,,,,,,,,,,,,,,,,,,,,,,,,,,,,,,,,
8726,1999,12,30,12,30,593,1042,,,,,,,,,,,,,,,,,,,,,,,,,,,,,,,,,,,,,,,
8727,1999,12,30,13,30,535,1024,,,,,,,,,,,,,,,,,,,,,,,,,,,,,,,,,,,,,,,
8728,1999,12,30,14,30,418,977,,,,,,,,,,,,,,,,,,,,,,,,,,,,,,,,,,,,,,,
8729,1999,12,30,15,30,254,874,,,,,,,,,,,,,,,,,,,,,,,,,,,,,,,,,,,,,,,
8730,1999,12,30,16,30,71,600,,,,,,,,,,,,,,,,,,,,,,,,,,,,,,,,,,,,,,,
8731,1999,12,30,17,30,0,0,,,,,,,,,,,,,,,,,,,,,,,,,,,,,,,,,,,,,,,
8732,1999,12,30,18,30,0,0,,,,,,,,,,,,,,,,,,,,,,,,,,,,,,,,,,,,,,,
8733,1999,12,30,19,30,0,0,,,,,,,,,,,,,,,,,,,,,,,,,,,,,,,,,,,,,,,
8734,1999,12,30,20,30,0,0,,,,,,,,,,,,,,,,,,,,,,,,,,,,,,,,,,,,,,,
8735,1999,12,30,21,30,0,0,,,,,,,,,,,,,,,,,,,,,,,,,,,,,,,,,,,,,,,
8736,1999,12,30,22,30,0,0,,,,,,,,,,,,,,,,,,,,,,,,,,,,,,,,,,,,,,,
8737,1999,12,30,23,30,0,0,,,,,,,,,,,,,,,,,,,,,,,,,,,,,,,,,,,,,,,
8738,1999,12,31,0,30,0,0,,,,,,,,,,,,,,,,,,,,,,,,,,,,,,,,,,,,,,,
8739,1999,12,31,1,30,0,0,,,,,,,,,,,,,,,,,,,,,,,,,,,,,,,,,,,,,,,
8740,1999,12,31,2,30,0,0,,,,,,,,,,,,,,,,,,,,,,,,,,,,,,,,,,,,,,,
8741,1999,12,31,3,30,0,0,,,,,,,,,,,,,,,,,,,,,,,,,,,,,,,,,,,,,,,
8742,1999,12,31,4,30,0,0,,,,,,,,,,,,,,,,,,,,,,,,,,,,,,,,,,,,,,,
8743,1999,12,31,5,30,0,0,,,,,,,,,,,,,,,,,,,,,,,,,,,,,,,,,,,,,,,
8744,1999,12,31,6,30,0,0,,,,,,,,,,,,,,,,,,,,,,,,,,,,,,,,,,,,,,,
8745,1999,12,31,7,30,17,0,,,,,,,,,,,,,,,,,,,,,,,,,,,,,,,,,,,,,,,
8746,1999,12,31,8,30,213,833,,,,,,,,,,,,,,,,,,,,,,,,,,,,,,,,,,,,,,,
8747,1999,12,31,9,30,386,959,,,,,,,,,,,,,,,,,,,,,,,,,,,,,,,,,,,,,,,
8748,1999,12,31,10,30,516,1015,,,,,,,,,,,,,,,,,,,,,,,,,,,,,,,,,,,,,,,
8749,1999,12,31,11,30,588,1038,,,,,,,,,,,,,,,,,,,,,,,,,,,,,,,,,,,,,,,
8750,1999,12,31,12,30,597,1039,,,,,,,,,,,,,,,,,,,,,,,,,,,,,,,,,,,,,,,
8751,1999,12,31,13,30,540,1019,,,,,,,,,,,,,,,,,,,,,,,,,,,,,,,,,,,,,,,
8752,1999,12,31,14,30,417,961,,,,,,,,,,,,,,,,,,,,,,,,,,,,,,,,,,,,,,,
8753,1999,12,31,15,30,242,616,,,,,,,,,,,,,,,,,,,,,,,,,,,,,,,,,,,,,,,
8754,1999,12,31,16,30,70,561,,,,,,,,,,,,,,,,,,,,,,,,,,,,,,,,,,,,,,,
8755,1999,12,31,17,30,0,0,,,,,,,,,,,,,,,,,,,,,,,,,,,,,,,,,,,,,,,
8756,1999,12,31,18,30,0,0,,,,,,,,,,,,,,,,,,,,,,,,,,,,,,,,,,,,,,,
8757,1999,12,31,19,30,0,0,,,,,,,,,,,,,,,,,,,,,,,,,,,,,,,,,,,,,,,
8758,1999,12,31,20,30,0,0,,,,,,,,,,,,,,,,,,,,,,,,,,,,,,,,,,,,,,,
8759,1999,12,31,21,30,0,0,,,,,,,,,,,,,,,,,,,,,,,,,,,,,,,,,,,,,,,
8760,1999,12,31,22,30,0,0,,,,,,,,,,,,,,,,,,,,,,,,,,,,,,,,,,,,,,,
8761,1999,12,31,23,30,0,0,,,,,,,,,,,,,,,,,,,,,,,,,,,,,,,,,,,,,,,
